   3600.0000000000            0.0000000000
   3601.0000000000            0.0000000000
   3602.0000000000            0.0000000000
   3603.0000000000            0.0000000000
   3604.0000000000            0.0000000000
   3605.0000000000            0.0000000000
   3606.0000000000            0.0000000000
   3607.0000000000            0.0000000000
   3608.0000000000            0.0000000000
   3609.0000000000            0.0000000000
   3610.0000000000            0.0000000000
   3611.0000000000            0.0000000000
   3612.0000000000            0.0000000000
   3613.0000000000            0.0000000000
   3614.0000000000            0.0000000000
   3615.0000000000            0.0000000000
   3616.0000000000            0.0000000000
   3617.0000000000            0.0000000000
   3618.0000000000            0.0000000000
   3619.0000000000            0.0000000000
   3620.0000000000            0.0000000000
   3621.0000000000            0.0000000001
   3622.0000000000            0.0000000003
   3623.0000000000            0.0000000012
   3624.0000000000            0.0000000044
   3625.0000000000            0.0000000154
   3626.0000000000            0.0000000512
   3627.0000000000            0.0000001630
   3628.0000000000            0.0000004962
   3629.0000000000            0.0000014448
   3630.0000000000            0.0000040243
   3631.0000000000            0.0000107237
   3632.0000000000            0.0000273422
   3633.0000000000            0.0000667165
   3634.0000000000            0.0001558190
   3635.0000000000            0.0003484061
   3636.0000000000            0.0007459859
   3637.0000000000            0.0015299243
   3638.0000000000            0.0030063097
   3639.0000000000            0.0056620063
   3640.0000000000            0.0102246655
   3641.0000000000            0.0177118573
   3642.0000000000            0.0294468217
   3643.0000000000            0.0470141731
   3644.0000000000            0.0721326470
   3645.0000000000            0.1064365059
   3646.0000000000            0.1511826962
   3647.0000000000            0.2069312036
   3648.0000000000            0.2732711434
   3649.0000000000            0.3486732244
   3650.0000000000            0.4305308163
   3651.0000000000            0.5154107213
   3652.0000000000            0.5994773507
   3653.0000000000            0.6790056825
   3654.0000000000            0.7508684993
   3655.0000000000            0.8128963113
   3656.0000000000            0.8640388250
   3657.0000000000            0.9043223858
   3658.0000000000            0.9346380830
   3659.0000000000            0.9564400911
   3660.0000000000            0.9714285731
   3661.0000000000            0.9812855124
   3662.0000000000            0.9874933958
   3663.0000000000            0.9912468195
   3664.0000000000            0.9934355021
   3665.0000000000            0.9946773648
   3666.0000000000            0.9953756928
   3667.0000000000            0.9957766533
   3668.0000000000            0.9960235953
   3669.0000000000            0.9961944222
   3670.0000000000            0.9963293076
   3671.0000000000            0.9964486361
   3672.0000000000            0.9965605736
   3673.0000000000            0.9966701269
   3674.0000000000            0.9967788458
   3675.0000000000            0.9968870282
   3676.0000000000            0.9969947934
   3677.0000000000            0.9971023202
   3678.0000000000            0.9972081780
   3679.0000000000            0.9973114133
   3680.0000000000            0.9974105954
   3681.0000000000            0.9975045323
   3682.0000000000            0.9975921512
   3683.0000000000            0.9976733327
   3684.0000000000            0.9977473617
   3685.0000000000            0.9978126884
   3686.0000000000            0.9978710413
   3687.0000000000            0.9979264140
   3688.0000000000            0.9979882836
   3689.0000000000            0.9980669618
   3690.0000000000            0.9981656075
   3691.0000000000            0.9982706308
   3692.0000000000            0.9983498454
   3693.0000000000            0.9983685613
   3694.0000000000            0.9983247519
   3695.0000000000            0.9982773066
   3696.0000000000            0.9983432889
   3697.0000000000            0.9986348152
   3698.0000000000            0.9991589785
   3699.0000000000            0.9997326732
   3700.0000000000            1.0000000000
   3701.0000000000            0.9995923638
   3702.0000000000            0.9983897805
   3703.0000000000            0.9967448115
   3704.0000000000            0.9954971075
   3705.0000000000            0.9956775308
   3706.0000000000            0.9979631901
   3707.0000000000            1.0021244287
   3708.0000000000            1.0067816973
   3709.0000000000            1.0097157955
   3710.0000000000            1.0087231398
   3711.0000000000            1.0027253628
   3712.0000000000            0.9926439524
   3713.0000000000            0.9815622568
   3714.0000000000            0.9739482999
   3715.0000000000            0.9740995765
   3716.0000000000            0.9843344092
   3717.0000000000            1.0036334991
   3718.0000000000            1.0273391008
   3719.0000000000            1.0481617451
   3720.0000000000            1.0582834482
   3721.0000000000            1.0519226789
   3722.0000000000            1.0275306702
   3723.0000000000            0.9888733029
   3724.0000000000            0.9445806742
   3725.0000000000            0.9062131643
   3726.0000000000            0.8853331208
   3727.0000000000            0.8903568387
   3728.0000000000            0.9240347147
   3729.0000000000            0.9822424650
   3730.0000000000            1.0544406176
   3731.0000000000            1.1257356405
   3732.0000000000            1.1800754070
   3733.0000000000            1.2038165331
   3734.0000000000            1.1888133287
   3735.0000000000            1.1343114376
   3736.0000000000            1.0472588539
   3737.0000000000            0.9410563707
   3738.0000000000            0.8331336379
   3739.0000000000            0.7419379354
   3740.0000000000            0.6839249134
   3741.0000000000            0.6710011959
   3742.0000000000            0.7086799741
   3743.0000000000            0.7950841784
   3744.0000000000            0.9208787680
   3745.0000000000            1.0702131987
   3746.0000000000            1.2227026224
   3747.0000000000            1.3563244343
   3748.0000000000            1.4508584738
   3749.0000000000            1.4912484884
   3750.0000000000            1.4701509476
   3751.0000000000            1.3890546560
   3752.0000000000            1.2576950788
   3753.0000000000            1.0919653177
   3754.0000000000            0.9109345078
   3755.0000000000            0.7337890267
   3756.0000000000            0.5774369836
   3757.0000000000            0.4551962316
   3758.0000000000            0.3765682280
   3759.0000000000            0.3477254808
   3760.0000000000            0.3721514344
   3761.0000000000            0.4509085417
   3762.0000000000            0.5822529197
   3763.0000000000            0.7606726885
   3764.0000000000            0.9757730961
   3765.0000000000            1.2116500139
   3766.0000000000            1.4473654032
   3767.0000000000            1.6588712931
   3768.0000000000            1.8222512007
   3769.0000000000            1.9176543951
   3770.0000000000            1.9329432249
   3771.0000000000            1.8660439253
   3772.0000000000            1.7253040075
   3773.0000000000            1.5277280807
   3774.0000000000            1.2955815792
   3775.0000000000            1.0522840023
   3776.0000000000            0.8186331391
   3777.0000000000            0.6101812720
   3778.0000000000            0.4361570477
   3779.0000000000            0.2998625040
   3780.0000000000            0.2001354843
   3781.0000000000            0.1333282888
   3782.0000000000            0.0952985808
   3783.0000000000            0.0830584615
   3784.0000000000            0.0958869383
   3785.0000000000            0.1358185112
   3786.0000000000            0.2074610442
   3787.0000000000            0.3171047568
   3788.0000000000            0.4711218476
   3789.0000000000            0.6737659574
   3790.0000000000            0.9246786237
   3791.0000000000            1.2166349888
   3792.0000000000            1.5342204571
   3793.0000000000            1.8540986776
   3794.0000000000            2.1472530365
   3795.0000000000            2.3830602169
   3796.0000000000            2.5344693661
   3797.0000000000            2.5830864906
   3798.0000000000            2.5228450298
   3799.0000000000            2.3612499237
   3800.0000000000            2.1178393364
   3801.0000000000            1.8203033209
   3802.0000000000            1.4993196726
   3803.0000000000            1.1834349632
   3804.0000000000            0.8951467872
   3805.0000000000            0.6488493085
   3806.0000000000            0.4507059157
   3807.0000000000            0.3000148833
   3808.0000000000            0.1913790703
   3809.0000000000            0.1169922501
   3810.0000000000            0.0685447603
   3811.0000000000            0.0385084786
   3812.0000000000            0.0207931083
   3813.0000000000            0.0109122517
   3814.0000000000            0.0058533610
   3815.0000000000            0.0038341852
   3816.0000000000            0.0040832884
   3817.0000000000            0.0067312764
   3818.0000000000            0.0128553696
   3819.0000000000            0.0246821493
   3820.0000000000            0.0459128916
   3821.0000000000            0.0820836723
   3822.0000000000            0.1408074945
   3823.0000000000            0.2316822559
   3824.0000000000            0.3656176925
   3825.0000000000            0.5533791184
   3826.0000000000            0.8033008575
   3827.0000000000            1.1183902025
   3828.0000000000            1.4933722019
   3829.0000000000            1.9125037193
   3830.0000000000            2.3490707874
   3831.0000000000            2.7672569752
   3832.0000000000            3.1265289783
   3833.0000000000            3.3879339695
   3834.0000000000            3.5210080147
   3835.0000000000            3.5096085072
   3836.0000000000            3.3551340103
   3837.0000000000            3.0762429237
   3838.0000000000            2.7051475048
   3839.0000000000            2.2815020084
   3840.0000000000            1.8454840183
   3841.0000000000            1.4317240715
   3842.0000000000            1.0652900934
   3843.0000000000            0.7602142692
   3844.0000000000            0.5203118920
   3845.0000000000            0.3415474296
   3846.0000000000            0.2150294036
   3847.0000000000            0.1298387200
   3848.0000000000            0.0751917511
   3849.0000000000            0.0417633876
   3850.0000000000            0.0222474802
   3851.0000000000            0.0113664661
   3852.0000000000            0.0055696731
   3853.0000000000            0.0026175408
   3854.0000000000            0.0011798232
   3855.0000000000            0.0005100358
   3856.0000000000            0.0002114710
   3857.0000000000            0.0000841051
   3858.0000000000            0.0000321227
   3859.0000000000            0.0000119044
   3860.0000000000            0.0000046697
   3861.0000000000            0.0000030839
   3862.0000000000            0.0000054480
   3863.0000000000            0.0000142721
   3864.0000000000            0.0000383943
   3865.0000000000            0.0000999432
   3866.0000000000            0.0002500144
   3867.0000000000            0.0006005841
   3868.0000000000            0.0013852997
   3869.0000000000            0.0030681097
   3870.0000000000            0.0065246141
   3871.0000000000            0.0133228004
   3872.0000000000            0.0261211880
   3873.0000000000            0.0491753109
   3874.0000000000            0.0888910368
   3875.0000000000            0.1542856842
   3876.0000000000            0.2571283877
   3877.0000000000            0.4114633203
   3878.0000000000            0.6322211027
   3879.0000000000            0.9327464104
   3880.0000000000            1.3213410378
   3881.0000000000            1.7973098755
   3882.0000000000            2.3474037647
   3883.0000000000            2.9438068867
   3884.0000000000            3.5447664261
   3885.0000000000            4.0984783173
   3886.0000000000            4.5500316620
   3887.0000000000            4.8502364159
   3888.0000000000            4.9644160271
   3889.0000000000            4.8789925575
   3890.0000000000            4.6041440964
   3891.0000000000            4.1718082428
   3892.0000000000            3.6295814514
   3893.0000000000            3.0321137905
   3894.0000000000            2.4321546555
   3895.0000000000            1.8732408285
   3896.0000000000            1.3853284121
   3897.0000000000            0.9837135673
   3898.0000000000            0.6707201004
   3899.0000000000            0.4391073287
   3900.0000000000            0.2760303319
   3901.0000000000            0.1666094512
   3902.0000000000            0.0965604335
   3903.0000000000            0.0537347905
   3904.0000000000            0.0287123434
   3905.0000000000            0.0147312107
   3906.0000000000            0.0072571319
   3907.0000000000            0.0034327984
   3908.0000000000            0.0015591515
   3909.0000000000            0.0006799627
   3910.0000000000            0.0002847335
   3911.0000000000            0.0001144851
   3912.0000000000            0.0000441993
   3913.0000000000            0.0000163847
   3914.0000000000            0.0000058320
   3915.0000000000            0.0000019932
   3916.0000000000            0.0000006541
   3917.0000000000            0.0000002061
   3918.0000000000            0.0000000624
   3919.0000000000            0.0000000181
   3920.0000000000            0.0000000051
   3921.0000000000            0.0000000014
   3922.0000000000            0.0000000003
   3923.0000000000            0.0000000001
   3924.0000000000            0.0000000000
   3925.0000000000            0.0000000000
   3926.0000000000            0.0000000000
   3927.0000000000            0.0000000000
   3928.0000000000            0.0000000000
   3929.0000000000            0.0000000000
   3930.0000000000            0.0000000000
   3931.0000000000            0.0000000000
   3932.0000000000            0.0000000000
   3933.0000000000            0.0000000000
   3934.0000000000            0.0000000000
   3935.0000000000            0.0000000000
   3936.0000000000            0.0000000000
   3937.0000000000            0.0000000000
   3938.0000000000            0.0000000000
   3939.0000000000            0.0000000000
   3940.0000000000            0.0000000000
   3941.0000000000            0.0000000000
   3942.0000000000            0.0000000000
   3943.0000000000            0.0000000000
   3944.0000000000            0.0000000000
   3945.0000000000            0.0000000000
   3946.0000000000            0.0000000000
   3947.0000000000            0.0000000000
   3948.0000000000            0.0000000000
   3949.0000000000            0.0000000000
   3950.0000000000            0.0000000000
   3951.0000000000            0.0000000000
   3952.0000000000            0.0000000000
   3953.0000000000            0.0000000000
   3954.0000000000            0.0000000000
   3955.0000000000            0.0000000000
   3956.0000000000            0.0000000000
   3957.0000000000            0.0000000000
   3958.0000000000            0.0000000000
   3959.0000000000            0.0000000000
   3960.0000000000            0.0000000000
   3961.0000000000            0.0000000000
   3962.0000000000            0.0000000000
   3963.0000000000            0.0000000000
   3964.0000000000            0.0000000000
   3965.0000000000            0.0000000000
   3966.0000000000            0.0000000000
   3967.0000000000            0.0000000000
   3968.0000000000            0.0000000000
   3969.0000000000            0.0000000000
   3970.0000000000            0.0000000000
   3971.0000000000            0.0000000000
   3972.0000000000            0.0000000000
   3973.0000000000            0.0000000000
   3974.0000000000            0.0000000000
   3975.0000000000            0.0000000000
   3976.0000000000            0.0000000000
   3977.0000000000            0.0000000000
   3978.0000000000            0.0000000000
   3979.0000000000            0.0000000000
   3980.0000000000            0.0000000000
   3981.0000000000            0.0000000000
   3982.0000000000            0.0000000000
   3983.0000000000            0.0000000000
   3984.0000000000            0.0000000000
   3985.0000000000            0.0000000000
   3986.0000000000            0.0000000000
   3987.0000000000            0.0000000000
   3988.0000000000            0.0000000000
   3989.0000000000            0.0000000000
   3990.0000000000            0.0000000000
   3991.0000000000            0.0000000000
   3992.0000000000            0.0000000000
   3993.0000000000            0.0000000000
   3994.0000000000            0.0000000000
   3995.0000000000            0.0000000000
   3996.0000000000            0.0000000000
   3997.0000000000            0.0000000000
   3998.0000000000            0.0000000000
   3999.0000000000            0.0000000000
   4000.0000000000            0.0000000000
   4001.0000000000            0.0000000000
   4002.0000000000            0.0000000000
   4003.0000000000            0.0000000000
   4004.0000000000            0.0000000000
   4005.0000000000            0.0000000000
   4006.0000000000            0.0000000000
   4007.0000000000            0.0000000000
   4008.0000000000            0.0000000000
   4009.0000000000            0.0000000000
   4010.0000000000            0.0000000000
   4011.0000000000            0.0000000000
   4012.0000000000            0.0000000000
   4013.0000000000            0.0000000000
   4014.0000000000            0.0000000000
   4015.0000000000            0.0000000000
   4016.0000000000            0.0000000000
   4017.0000000000            0.0000000000
   4018.0000000000            0.0000000000
   4019.0000000000            0.0000000000
   4020.0000000000            0.0000000000
   4021.0000000000            0.0000000000
   4022.0000000000            0.0000000000
   4023.0000000000            0.0000000000
   4024.0000000000            0.0000000000
   4025.0000000000            0.0000000000
   4026.0000000000            0.0000000000
   4027.0000000000            0.0000000000
   4028.0000000000            0.0000000000
   4029.0000000000            0.0000000000
   4030.0000000000            0.0000000000
   4031.0000000000            0.0000000000
   4032.0000000000            0.0000000000
   4033.0000000000            0.0000000000
   4034.0000000000            0.0000000000
   4035.0000000000            0.0000000000
   4036.0000000000            0.0000000000
   4037.0000000000            0.0000000000
   4038.0000000000            0.0000000000
   4039.0000000000            0.0000000000
   4040.0000000000            0.0000000000
   4041.0000000000            0.0000000000
   4042.0000000000            0.0000000000
   4043.0000000000            0.0000000000
   4044.0000000000            0.0000000000
   4045.0000000000            0.0000000000
   4046.0000000000            0.0000000000
   4047.0000000000            0.0000000000
   4048.0000000000            0.0000000000
   4049.0000000000            0.0000000000
   4050.0000000000            0.0000000000
   4051.0000000000            0.0000000000
   4052.0000000000            0.0000000000
   4053.0000000000            0.0000000000
   4054.0000000000            0.0000000000
   4055.0000000000            0.0000000000
   4056.0000000000            0.0000000000
   4057.0000000000            0.0000000000
   4058.0000000000            0.0000000000
   4059.0000000000            0.0000000000
   4060.0000000000            0.0000000000
   4061.0000000000            0.0000000000
   4062.0000000000            0.0000000000
   4063.0000000000            0.0000000000
   4064.0000000000            0.0000000000
   4065.0000000000            0.0000000000
   4066.0000000000            0.0000000000
   4067.0000000000            0.0000000000
   4068.0000000000            0.0000000000
   4069.0000000000            0.0000000000
   4070.0000000000            0.0000000000
   4071.0000000000            0.0000000000
   4072.0000000000            0.0000000000
   4073.0000000000            0.0000000000
   4074.0000000000            0.0000000000
   4075.0000000000            0.0000000000
   4076.0000000000            0.0000000000
   4077.0000000000            0.0000000000
   4078.0000000000            0.0000000000
   4079.0000000000            0.0000000000
   4080.0000000000            0.0000000000
   4081.0000000000            0.0000000000
   4082.0000000000            0.0000000000
   4083.0000000000            0.0000000000
   4084.0000000000            0.0000000000
   4085.0000000000            0.0000000000
   4086.0000000000            0.0000000000
   4087.0000000000            0.0000000000
   4088.0000000000            0.0000000000
   4089.0000000000            0.0000000000
   4090.0000000000            0.0000000000
   4091.0000000000            0.0000000000
   4092.0000000000            0.0000000000
   4093.0000000000            0.0000000000
   4094.0000000000            0.0000000000
   4095.0000000000            0.0000000000
   4096.0000000000            0.0000000000
   4097.0000000000            0.0000000000
   4098.0000000000            0.0000000000
   4099.0000000000            0.0000000000
   4100.0000000000            0.0000000000
