   3600.0000000000            0.0001408448
   3601.0000000000            0.0001853954
   3602.0000000000            0.0002428609
   3603.0000000000            0.0003166066
   3604.0000000000            0.0004107617
   3605.0000000000            0.0005303613
   3606.0000000000            0.0006815058
   3607.0000000000            0.0008715402
   3608.0000000000            0.0011092520
   3609.0000000000            0.0014050845
   3610.0000000000            0.0017713697
   3611.0000000000            0.0022225706
   3612.0000000000            0.0027755371
   3613.0000000000            0.0034497615
   3614.0000000000            0.0042676385
   3615.0000000000            0.0052547129
   3616.0000000000            0.0064399061
   3617.0000000000            0.0078557180
   3618.0000000000            0.0095383935
   3619.0000000000            0.0115280235
   3620.0000000000            0.0138685983
   3621.0000000000            0.0166079663
   3622.0000000000            0.0197977088
   3623.0000000000            0.0234929137
   3624.0000000000            0.0277518425
   3625.0000000000            0.0326354280
   3626.0000000000            0.0382067300
   3627.0000000000            0.0445301235
   3628.0000000000            0.0516705364
   3629.0000000000            0.0596923791
   3630.0000000000            0.0686584562
   3631.0000000000            0.0786287859
   3632.0000000000            0.0896592513
   3633.0000000000            0.1018003225
   3634.0000000000            0.1150956303
   3635.0000000000            0.1295805871
   3636.0000000000            0.1452811658
   3637.0000000000            0.1622124910
   3638.0000000000            0.1803779304
   3639.0000000000            0.1997680068
   3640.0000000000            0.2203596383
   3641.0000000000            0.2421157509
   3642.0000000000            0.2649849653
   3643.0000000000            0.2889015377
   3644.0000000000            0.3137859404
   3645.0000000000            0.3395453095
   3646.0000000000            0.3660742342
   3647.0000000000            0.3932566941
   3648.0000000000            0.4209664464
   3649.0000000000            0.4490699470
   3650.0000000000            0.4774273932
   3651.0000000000            0.5058952570
   3652.0000000000            0.5343284607
   3653.0000000000            0.5625822544
   3654.0000000000            0.5905146003
   3655.0000000000            0.6179889441
   3656.0000000000            0.6448747516
   3657.0000000000            0.6710512042
   3658.0000000000            0.6964070797
   3659.0000000000            0.7208431959
   3660.0000000000            0.7442733049
   3661.0000000000            0.7666248679
   3662.0000000000            0.7878391147
   3663.0000000000            0.8078716993
   3664.0000000000            0.8266930580
   3665.0000000000            0.8442860246
   3666.0000000000            0.8606486917
   3667.0000000000            0.8757895827
   3668.0000000000            0.8897295594
   3669.0000000000            0.9024993181
   3670.0000000000            0.9141382575
   3671.0000000000            0.9246936440
   3672.0000000000            0.9342184663
   3673.0000000000            0.9427710772
   3674.0000000000            0.9504119754
   3675.0000000000            0.9572055936
   3676.0000000000            0.9632161856
   3677.0000000000            0.9685078263
   3678.0000000000            0.9731448889
   3679.0000000000            0.9771885872
   3680.0000000000            0.9806991220
   3681.0000000000            0.9837319851
   3682.0000000000            0.9863411188
   3683.0000000000            0.9885759354
   3684.0000000000            0.9904818535
   3685.0000000000            0.9921011925
   3686.0000000000            0.9934715629
   3687.0000000000            0.9946275949
   3688.0000000000            0.9955991507
   3689.0000000000            0.9964140654
   3690.0000000000            0.9970958829
   3691.0000000000            0.9976650476
   3692.0000000000            0.9981402755
   3693.0000000000            0.9985365272
   3694.0000000000            0.9988676310
   3695.0000000000            0.9991443753
   3696.0000000000            0.9993765354
   3697.0000000000            0.9995720387
   3698.0000000000            0.9997378588
   3699.0000000000            0.9998785853
   3700.0000000000            1.0000000000
   3701.0000000000            1.0001050234
   3702.0000000000            1.0001959801
   3703.0000000000            1.0002772808
   3704.0000000000            1.0003486872
   3705.0000000000            1.0004131794
   3706.0000000000            1.0004711151
   3707.0000000000            1.0005236864
   3708.0000000000            1.0005714893
   3709.0000000000            1.0006152391
   3710.0000000000            1.0006552935
   3711.0000000000            1.0006916523
   3712.0000000000            1.0007251501
   3713.0000000000            1.0007556677
   3714.0000000000            1.0007832050
   3715.0000000000            1.0008081198
   3716.0000000000            1.0008304119
   3717.0000000000            1.0008505583
   3718.0000000000            1.0008689165
   3719.0000000000            1.0008856058
   3720.0000000000            1.0009002686
   3721.0000000000            1.0009137392
   3722.0000000000            1.0009261370
   3723.0000000000            1.0009368658
   3724.0000000000            1.0009464025
   3725.0000000000            1.0009543896
   3726.0000000000            1.0009603500
   3727.0000000000            1.0009635687
   3728.0000000000            1.0009635687
   3729.0000000000            1.0009584427
   3730.0000000000            1.0009475946
   3731.0000000000            1.0009292364
   3732.0000000000            1.0009021759
   3733.0000000000            1.0008642673
   3734.0000000000            1.0008152723
   3735.0000000000            1.0007531643
   3736.0000000000            1.0006780624
   3737.0000000000            1.0005904436
   3738.0000000000            1.0004907846
   3739.0000000000            1.0003823042
   3740.0000000000            1.0002671480
   3741.0000000000            1.0001500845
   3742.0000000000            1.0000368357
   3743.0000000000            0.9999337196
   3744.0000000000            0.9998478293
   3745.0000000000            0.9997868538
   3746.0000000000            0.9997577071
   3747.0000000000            0.9997677207
   3748.0000000000            0.9998219609
   3749.0000000000            0.9999237657
   3750.0000000000            1.0000745058
   3751.0000000000            1.0002712011
   3752.0000000000            1.0005077124
   3753.0000000000            1.0007743835
   3754.0000000000            1.0010558367
   3755.0000000000            1.0013333559
   3756.0000000000            1.0015845299
   3757.0000000000            1.0017832518
   3758.0000000000            1.0019013882
   3759.0000000000            1.0019099712
   3760.0000000000            1.0017806292
   3761.0000000000            1.0014877319
   3762.0000000000            1.0010095835
   3763.0000000000            1.0003310442
   3764.0000000000            0.9994452596
   3765.0000000000            0.9983552098
   3766.0000000000            0.9970750809
   3767.0000000000            0.9956316352
   3768.0000000000            0.9940637946
   3769.0000000000            0.9924234748
   3770.0000000000            0.9907740951
   3771.0000000000            0.9891887903
   3772.0000000000            0.9877485037
   3773.0000000000            0.9865388274
   3774.0000000000            0.9856464863
   3775.0000000000            0.9851550460
   3776.0000000000            0.9851412773
   3777.0000000000            0.9856694341
   3778.0000000000            0.9867880940
   3779.0000000000            0.9885258675
   3780.0000000000            0.9908871055
   3781.0000000000            0.9938498735
   3782.0000000000            0.9973639846
   3783.0000000000            1.0013498068
   3784.0000000000            1.0056993961
   3785.0000000000            1.0102770329
   3786.0000000000            1.0149234533
   3787.0000000000            1.0194593668
   3788.0000000000            1.0236905813
   3789.0000000000            1.0274153948
   3790.0000000000            1.0304301977
   3791.0000000000            1.0325386524
   3792.0000000000            1.0335583687
   3793.0000000000            1.0333298445
   3794.0000000000            1.0317231417
   3795.0000000000            1.0286455154
   3796.0000000000            1.0240468979
   3797.0000000000            1.0179243088
   3798.0000000000            1.0103267431
   3799.0000000000            1.0013546944
   3800.0000000000            0.9911620021
   3801.0000000000            0.9799528122
   3802.0000000000            0.9679787159
   3803.0000000000            0.9555333853
   3804.0000000000            0.9429451823
   3805.0000000000            0.9305692315
   3806.0000000000            0.9187781215
   3807.0000000000            0.9079510570
   3808.0000000000            0.8984627724
   3809.0000000000            0.8906730413
   3810.0000000000            0.8849144578
   3811.0000000000            0.8814826012
   3812.0000000000            0.8806247711
   3813.0000000000            0.8825327754
   3814.0000000000            0.8873332739
   3815.0000000000            0.8950832486
   3816.0000000000            0.9057655931
   3817.0000000000            0.9192857742
   3818.0000000000            0.9354727268
   3819.0000000000            0.9540807009
   3820.0000000000            0.9747918844
   3821.0000000000            0.9972239137
   3822.0000000000            1.0209366083
   3823.0000000000            1.0454415083
   3824.0000000000            1.0702128410
   3825.0000000000            1.0946991444
   3826.0000000000            1.1183360815
   3827.0000000000            1.1405593157
   3828.0000000000            1.1608184576
   3829.0000000000            1.1785891056
   3830.0000000000            1.1933858395
   3831.0000000000            1.2047737837
   3832.0000000000            1.2123780251
   3833.0000000000            1.2158939838
   3834.0000000000            1.2150927782
   3835.0000000000            1.2098280191
   3836.0000000000            1.2000375986
   3837.0000000000            1.1857466698
   3838.0000000000            1.1670659781
   3839.0000000000            1.1441897154
   3840.0000000000            1.1173917055
   3841.0000000000            1.0870188475
   3842.0000000000            1.0534845591
   3843.0000000000            1.0172605515
   3844.0000000000            0.9788675308
   3845.0000000000            0.9388657212
   3846.0000000000            0.8978447914
   3847.0000000000            0.8564139605
   3848.0000000000            0.8151917458
   3849.0000000000            0.7747970223
   3850.0000000000            0.7358394265
   3851.0000000000            0.6989117265
   3852.0000000000            0.6645808220
   3853.0000000000            0.6333825588
   3854.0000000000            0.6058143973
   3855.0000000000            0.5823302269
   3856.0000000000            0.5633362532
   3857.0000000000            0.5491862297
   3858.0000000000            0.5401782393
   3859.0000000000            0.5365518928
   3860.0000000000            0.5384854674
   3861.0000000000            0.5460936427
   3862.0000000000            0.5594257116
   3863.0000000000            0.5784641504
   3864.0000000000            0.6031229496
   3865.0000000000            0.6332471371
   3866.0000000000            0.6686124206
   3867.0000000000            0.7089248300
   3868.0000000000            0.7538223267
   3869.0000000000            0.8028758764
   3870.0000000000            0.8555920124
   3871.0000000000            0.9114167690
   3872.0000000000            0.9697400331
   3873.0000000000            1.0299015045
   3874.0000000000            1.0911974907
   3875.0000000000            1.1528899670
   3876.0000000000            1.2142151594
   3877.0000000000            1.2743943930
   3878.0000000000            1.3326454163
   3879.0000000000            1.3881946802
   3880.0000000000            1.4402897358
   3881.0000000000            1.4882115126
   3882.0000000000            1.5312875509
   3883.0000000000            1.5689035654
   3884.0000000000            1.6005147696
   3885.0000000000            1.6256561279
   3886.0000000000            1.6439508200
   3887.0000000000            1.6551175117
   3888.0000000000            1.6589753628
   3889.0000000000            1.6554471254
   3890.0000000000            1.6445589066
   3891.0000000000            1.6264402866
   3892.0000000000            1.6013200283
   3893.0000000000            1.5695201159
   3894.0000000000            1.5314486027
   3895.0000000000            1.4875893593
   3896.0000000000            1.4384930134
   3897.0000000000            1.3847630024
   3898.0000000000            1.3270440102
   3899.0000000000            1.2660094500
   3900.0000000000            1.2023468018
   3901.0000000000            1.1367461681
   3902.0000000000            1.0698868036
   3903.0000000000            1.0024265051
   3904.0000000000            0.9349910617
   3905.0000000000            0.8681654930
   3906.0000000000            0.8024861217
   3907.0000000000            0.7384353876
   3908.0000000000            0.6764368415
   3909.0000000000            0.6168532968
   3910.0000000000            0.5599848628
   3911.0000000000            0.5060697198
   3912.0000000000            0.4552859068
   3913.0000000000            0.4077535272
   3914.0000000000            0.3635389507
   3915.0000000000            0.3226590455
   3916.0000000000            0.2850863039
   3917.0000000000            0.2507544160
   3918.0000000000            0.2195636481
   3919.0000000000            0.1913868189
   3920.0000000000            0.1660745889
   3921.0000000000            0.1434610486
   3922.0000000000            0.1233685464
   3923.0000000000            0.1056123078
   3924.0000000000            0.0900045186
   3925.0000000000            0.0763578489
   3926.0000000000            0.0644885674
   3927.0000000000            0.0542189889
   3928.0000000000            0.0453794971
   3929.0000000000            0.0378100835
   3930.0000000000            0.0313613825
   3931.0000000000            0.0258953888
   3932.0000000000            0.0212857649
   3933.0000000000            0.0174178984
   3934.0000000000            0.0141886771
   3935.0000000000            0.0115060871
   3936.0000000000            0.0092886612
   3937.0000000000            0.0074647996
   3938.0000000000            0.0059720417
   3939.0000000000            0.0047562774
   3940.0000000000            0.0037709530
   3941.0000000000            0.0029762865
   3942.0000000000            0.0023385030
   3943.0000000000            0.0018291143
   3944.0000000000            0.0014242405
   3945.0000000000            0.0011039908
   3946.0000000000            0.0008518974
   3947.0000000000            0.0006544082
   3948.0000000000            0.0005004374
   3949.0000000000            0.0003809697
   3950.0000000000            0.0002887160
   3951.0000000000            0.0002178165
   3952.0000000000            0.0001635876
   3953.0000000000            0.0001223065
   3954.0000000000            0.0000910308
   3955.0000000000            0.0000674477
   3956.0000000000            0.0000497491
   3957.0000000000            0.0000365294
   3958.0000000000            0.0000267018
   3959.0000000000            0.0000194302
   3960.0000000000            0.0000140752
   3961.0000000000            0.0000101501
   3962.0000000000            0.0000072866
   3963.0000000000            0.0000052074
   3964.0000000000            0.0000037047
   3965.0000000000            0.0000026238
   3966.0000000000            0.0000018499
   3967.0000000000            0.0000012984
   3968.0000000000            0.0000009072
   3969.0000000000            0.0000006310
   3970.0000000000            0.0000004369
   3971.0000000000            0.0000003012
   3972.0000000000            0.0000002067
   3973.0000000000            0.0000001412
   3974.0000000000            0.0000000960
   3975.0000000000            0.0000000650
   3976.0000000000            0.0000000438
   3977.0000000000            0.0000000294
   3978.0000000000            0.0000000196
   3979.0000000000            0.0000000130
   3980.0000000000            0.0000000086
   3981.0000000000            0.0000000057
   3982.0000000000            0.0000000037
   3983.0000000000            0.0000000024
   3984.0000000000            0.0000000016
   3985.0000000000            0.0000000010
   3986.0000000000            0.0000000007
   3987.0000000000            0.0000000004
   3988.0000000000            0.0000000003
   3989.0000000000            0.0000000002
   3990.0000000000            0.0000000001
   3991.0000000000            0.0000000001
   3992.0000000000            0.0000000000
   3993.0000000000            0.0000000000
   3994.0000000000            0.0000000000
   3995.0000000000            0.0000000000
   3996.0000000000            0.0000000000
   3997.0000000000            0.0000000000
   3998.0000000000            0.0000000000
   3999.0000000000            0.0000000000
   4000.0000000000            0.0000000000
   4001.0000000000            0.0000000000
   4002.0000000000            0.0000000000
   4003.0000000000            0.0000000000
   4004.0000000000            0.0000000000
   4005.0000000000            0.0000000000
   4006.0000000000            0.0000000000
   4007.0000000000            0.0000000000
   4008.0000000000            0.0000000000
   4009.0000000000            0.0000000000
   4010.0000000000            0.0000000000
   4011.0000000000            0.0000000000
   4012.0000000000            0.0000000000
   4013.0000000000            0.0000000000
   4014.0000000000            0.0000000000
   4015.0000000000            0.0000000000
   4016.0000000000            0.0000000000
   4017.0000000000            0.0000000000
   4018.0000000000            0.0000000000
   4019.0000000000            0.0000000000
   4020.0000000000            0.0000000000
   4021.0000000000            0.0000000000
   4022.0000000000            0.0000000000
   4023.0000000000            0.0000000000
   4024.0000000000            0.0000000000
   4025.0000000000            0.0000000000
   4026.0000000000            0.0000000000
   4027.0000000000            0.0000000000
   4028.0000000000            0.0000000000
   4029.0000000000            0.0000000000
   4030.0000000000            0.0000000000
   4031.0000000000            0.0000000000
   4032.0000000000            0.0000000000
   4033.0000000000            0.0000000000
   4034.0000000000            0.0000000000
   4035.0000000000            0.0000000000
   4036.0000000000            0.0000000000
   4037.0000000000            0.0000000000
   4038.0000000000            0.0000000000
   4039.0000000000            0.0000000000
   4040.0000000000            0.0000000000
   4041.0000000000            0.0000000000
   4042.0000000000            0.0000000000
   4043.0000000000            0.0000000000
   4044.0000000000            0.0000000000
   4045.0000000000            0.0000000000
   4046.0000000000            0.0000000000
   4047.0000000000            0.0000000000
   4048.0000000000            0.0000000000
   4049.0000000000            0.0000000000
   4050.0000000000            0.0000000000
   4051.0000000000            0.0000000000
   4052.0000000000            0.0000000000
   4053.0000000000            0.0000000000
   4054.0000000000            0.0000000000
   4055.0000000000            0.0000000000
   4056.0000000000            0.0000000000
   4057.0000000000            0.0000000000
   4058.0000000000            0.0000000000
   4059.0000000000            0.0000000000
   4060.0000000000            0.0000000000
   4061.0000000000            0.0000000000
   4062.0000000000            0.0000000000
   4063.0000000000            0.0000000000
   4064.0000000000            0.0000000000
   4065.0000000000            0.0000000000
   4066.0000000000            0.0000000000
   4067.0000000000            0.0000000000
   4068.0000000000            0.0000000000
   4069.0000000000            0.0000000000
   4070.0000000000            0.0000000000
   4071.0000000000            0.0000000000
   4072.0000000000            0.0000000000
   4073.0000000000            0.0000000000
   4074.0000000000            0.0000000000
   4075.0000000000            0.0000000000
   4076.0000000000            0.0000000000
   4077.0000000000            0.0000000000
   4078.0000000000            0.0000000000
   4079.0000000000            0.0000000000
   4080.0000000000            0.0000000000
   4081.0000000000            0.0000000000
   4082.0000000000            0.0000000000
   4083.0000000000            0.0000000000
   4084.0000000000            0.0000000000
   4085.0000000000            0.0000000000
   4086.0000000000            0.0000000000
   4087.0000000000            0.0000000000
   4088.0000000000            0.0000000000
   4089.0000000000            0.0000000000
   4090.0000000000            0.0000000000
   4091.0000000000            0.0000000000
   4092.0000000000            0.0000000000
   4093.0000000000            0.0000000000
   4094.0000000000            0.0000000000
   4095.0000000000            0.0000000000
   4096.0000000000            0.0000000000
   4097.0000000000            0.0000000000
   4098.0000000000            0.0000000000
   4099.0000000000            0.0000000000
   4100.0000000000            0.0000000000
