   3600.0000000000            0.0099743009
   3601.0000000000            0.0112664457
   3602.0000000000            0.0127017507
   3603.0000000000            0.0142927030
   3604.0000000000            0.0160524622
   3605.0000000000            0.0179948248
   3606.0000000000            0.0201342087
   3607.0000000000            0.0224856157
   3608.0000000000            0.0250646025
   3609.0000000000            0.0278872252
   3610.0000000000            0.0309699643
   3611.0000000000            0.0343296826
   3612.0000000000            0.0379835255
   3613.0000000000            0.0419488661
   3614.0000000000            0.0462431386
   3615.0000000000            0.0508838296
   3616.0000000000            0.0558882654
   3617.0000000000            0.0612735823
   3618.0000000000            0.0670565218
   3619.0000000000            0.0732533336
   3620.0000000000            0.0798795745
   3621.0000000000            0.0869500712
   3622.0000000000            0.0944786742
   3623.0000000000            0.1024780944
   3624.0000000000            0.1109598503
   3625.0000000000            0.1199340671
   3626.0000000000            0.1294091791
   3627.0000000000            0.1393921226
   3628.0000000000            0.1498878449
   3629.0000000000            0.1608994454
   3630.0000000000            0.1724277884
   3631.0000000000            0.1844717264
   3632.0000000000            0.1970276237
   3633.0000000000            0.2100897282
   3634.0000000000            0.2236497253
   3635.0000000000            0.2376968414
   3636.0000000000            0.2522178888
   3637.0000000000            0.2671970725
   3638.0000000000            0.2826162875
   3639.0000000000            0.2984550893
   3640.0000000000            0.3146903217
   3641.0000000000            0.3312969208
   3642.0000000000            0.3482474983
   3643.0000000000            0.3655125797
   3644.0000000000            0.3830609918
   3645.0000000000            0.4008598328
   3646.0000000000            0.4188744426
   3647.0000000000            0.4370689392
   3648.0000000000            0.4554063380
   3649.0000000000            0.4738489985
   3650.0000000000            0.4923582375
   3651.0000000000            0.5108950734
   3652.0000000000            0.5294204354
   3653.0000000000            0.5478954315
   3654.0000000000            0.5662813187
   3655.0000000000            0.5845397115
   3656.0000000000            0.6026335955
   3657.0000000000            0.6205266118
   3658.0000000000            0.6381836534
   3659.0000000000            0.6555711031
   3660.0000000000            0.6726571321
   3661.0000000000            0.6894116998
   3662.0000000000            0.7058063745
   3663.0000000000            0.7218152285
   3664.0000000000            0.7374147177
   3665.0000000000            0.7525832653
   3666.0000000000            0.7673013806
   3667.0000000000            0.7815529704
   3668.0000000000            0.7953239083
   3669.0000000000            0.8086020350
   3670.0000000000            0.8213783503
   3671.0000000000            0.8336458802
   3672.0000000000            0.8454003930
   3673.0000000000            0.8566398621
   3674.0000000000            0.8673642278
   3675.0000000000            0.8775756359
   3676.0000000000            0.8872784972
   3677.0000000000            0.8964791298
   3678.0000000000            0.9051846862
   3679.0000000000            0.9134049416
   3680.0000000000            0.9211513996
   3681.0000000000            0.9284355044
   3682.0000000000            0.9352706671
   3683.0000000000            0.9416717887
   3684.0000000000            0.9476537704
   3685.0000000000            0.9532326460
   3686.0000000000            0.9584243298
   3687.0000000000            0.9632465243
   3688.0000000000            0.9677159786
   3689.0000000000            0.9718502164
   3690.0000000000            0.9756665230
   3691.0000000000            0.9791819453
   3692.0000000000            0.9824140072
   3693.0000000000            0.9853793979
   3694.0000000000            0.9880945086
   3695.0000000000            0.9905757904
   3696.0000000000            0.9928386211
   3697.0000000000            0.9948982000
   3698.0000000000            0.9967691898
   3699.0000000000            0.9984651208
   3700.0000000000            1.0000000000
   3701.0000000000            1.0013859272
   3702.0000000000            1.0026347637
   3703.0000000000            1.0037579536
   3704.0000000000            1.0047663450
   3705.0000000000            1.0056699514
   3706.0000000000            1.0064778328
   3707.0000000000            1.0071990490
   3708.0000000000            1.0078411102
   3709.0000000000            1.0084117651
   3710.0000000000            1.0089181662
   3711.0000000000            1.0093659163
   3712.0000000000            1.0097613335
   3713.0000000000            1.0101097822
   3714.0000000000            1.0104160309
   3715.0000000000            1.0106840134
   3716.0000000000            1.0109182596
   3717.0000000000            1.0111219883
   3718.0000000000            1.0112987757
   3719.0000000000            1.0114512444
   3720.0000000000            1.0115821362
   3721.0000000000            1.0116937160
   3722.0000000000            1.0117880106
   3723.0000000000            1.0118668079
   3724.0000000000            1.0119318962
   3725.0000000000            1.0119844675
   3726.0000000000            1.0120258331
   3727.0000000000            1.0120571852
   3728.0000000000            1.0120791197
   3729.0000000000            1.0120930672
   3730.0000000000            1.0120993853
   3731.0000000000            1.0120980740
   3732.0000000000            1.0120902061
   3733.0000000000            1.0120768547
   3734.0000000000            1.0120576620
   3735.0000000000            1.0120326281
   3736.0000000000            1.0120024681
   3737.0000000000            1.0119680166
   3738.0000000000            1.0119284391
   3739.0000000000            1.0118845701
   3740.0000000000            1.0118359327
   3741.0000000000            1.0117838383
   3742.0000000000            1.0117276907
   3743.0000000000            1.0116680861
   3744.0000000000            1.0116045475
   3745.0000000000            1.0115381479
   3746.0000000000            1.0114688873
   3747.0000000000            1.0113967657
   3748.0000000000            1.0113223791
   3749.0000000000            1.0112462044
   3750.0000000000            1.0111682415
   3751.0000000000            1.0110889673
   3752.0000000000            1.0110089779
   3753.0000000000            1.0109280348
   3754.0000000000            1.0108472109
   3755.0000000000            1.0107661486
   3756.0000000000            1.0106853247
   3757.0000000000            1.0106050968
   3758.0000000000            1.0105252266
   3759.0000000000            1.0104463100
   3760.0000000000            1.0103677511
   3761.0000000000            1.0102894306
   3762.0000000000            1.0102106333
   3763.0000000000            1.0101312399
   3764.0000000000            1.0100502968
   3765.0000000000            1.0099669695
   3766.0000000000            1.0098799467
   3767.0000000000            1.0097885132
   3768.0000000000            1.0096901655
   3769.0000000000            1.0095844269
   3770.0000000000            1.0094681978
   3771.0000000000            1.0093404055
   3772.0000000000            1.0091990232
   3773.0000000000            1.0090413094
   3774.0000000000            1.0088653564
   3775.0000000000            1.0086692572
   3776.0000000000            1.0084508657
   3777.0000000000            1.0082089901
   3778.0000000000            1.0079410076
   3779.0000000000            1.0076464415
   3780.0000000000            1.0073240995
   3781.0000000000            1.0069737434
   3782.0000000000            1.0065957308
   3783.0000000000            1.0061904192
   3784.0000000000            1.0057595968
   3785.0000000000            1.0053057671
   3786.0000000000            1.0048310757
   3787.0000000000            1.0043399334
   3788.0000000000            1.0038369894
   3789.0000000000            1.0033271313
   3790.0000000000            1.0028167963
   3791.0000000000            1.0023130178
   3792.0000000000            1.0018233061
   3793.0000000000            1.0013558865
   3794.0000000000            1.0009192228
   3795.0000000000            1.0005221367
   3796.0000000000            1.0001738071
   3797.0000000000            0.9998833537
   3798.0000000000            0.9996593595
   3799.0000000000            0.9995105863
   3800.0000000000            0.9994440675
   3801.0000000000            0.9994668961
   3802.0000000000            0.9995848536
   3803.0000000000            0.9998022318
   3804.0000000000            1.0001212358
   3805.0000000000            1.0005429983
   3806.0000000000            1.0010664463
   3807.0000000000            1.0016878843
   3808.0000000000            1.0024018288
   3809.0000000000            1.0031999350
   3810.0000000000            1.0040717125
   3811.0000000000            1.0050040483
   3812.0000000000            1.0059810877
   3813.0000000000            1.0069843531
   3814.0000000000            1.0079942942
   3815.0000000000            1.0089877844
   3816.0000000000            1.0099402666
   3817.0000000000            1.0108257532
   3818.0000000000            1.0116170645
   3819.0000000000            1.0122860670
   3820.0000000000            1.0128036737
   3821.0000000000            1.0131418705
   3822.0000000000            1.0132720470
   3823.0000000000            1.0131671429
   3824.0000000000            1.0128021240
   3825.0000000000            1.0121527910
   3826.0000000000            1.0111992359
   3827.0000000000            1.0099231005
   3828.0000000000            1.0083112717
   3829.0000000000            1.0063536167
   3830.0000000000            1.0040454865
   3831.0000000000            1.0013864040
   3832.0000000000            0.9983819127
   3833.0000000000            0.9950423837
   3834.0000000000            0.9913851023
   3835.0000000000            0.9874319434
   3836.0000000000            0.9832113981
   3837.0000000000            0.9787574410
   3838.0000000000            0.9741098881
   3839.0000000000            0.9693134427
   3840.0000000000            0.9644181132
   3841.0000000000            0.9594785571
   3842.0000000000            0.9545530081
   3843.0000000000            0.9497032166
   3844.0000000000            0.9449936152
   3845.0000000000            0.9404907227
   3846.0000000000            0.9362615347
   3847.0000000000            0.9323737621
   3848.0000000000            0.9288941622
   3849.0000000000            0.9258876443
   3850.0000000000            0.9234172106
   3851.0000000000            0.9215413928
   3852.0000000000            0.9203147292
   3853.0000000000            0.9197863936
   3854.0000000000            0.9199990630
   3855.0000000000            0.9209888577
   3856.0000000000            0.9227834940
   3857.0000000000            0.9254028201
   3858.0000000000            0.9288570285
   3859.0000000000            0.9331477880
   3860.0000000000            0.9382661581
   3861.0000000000            0.9441933036
   3862.0000000000            0.9509004354
   3863.0000000000            0.9583484530
   3864.0000000000            0.9664880633
   3865.0000000000            0.9752604961
   3866.0000000000            0.9845969677
   3867.0000000000            0.9944202304
   3868.0000000000            1.0046445131
   3869.0000000000            1.0151765347
   3870.0000000000            1.0259156227
   3871.0000000000            1.0367560387
   3872.0000000000            1.0475865602
   3873.0000000000            1.0582920313
   3874.0000000000            1.0687550306
   3875.0000000000            1.0788558722
   3876.0000000000            1.0884747505
   3877.0000000000            1.0974928141
   3878.0000000000            1.1057927608
   3879.0000000000            1.1132602692
   3880.0000000000            1.1197859049
   3881.0000000000            1.1252651215
   3882.0000000000            1.1295996904
   3883.0000000000            1.1326990128
   3884.0000000000            1.1344807148
   3885.0000000000            1.1348710060
   3886.0000000000            1.1338065863
   3887.0000000000            1.1312338114
   3888.0000000000            1.1271101236
   3889.0000000000            1.1214042902
   3890.0000000000            1.1140961647
   3891.0000000000            1.1051771641
   3892.0000000000            1.0946505070
   3893.0000000000            1.0825302601
   3894.0000000000            1.0688421726
   3895.0000000000            1.0536224842
   3896.0000000000            1.0369175673
   3897.0000000000            1.0187836885
   3898.0000000000            0.9992864728
   3899.0000000000            0.9784997702
   3900.0000000000            0.9565048218
   3901.0000000000            0.9333899617
   3902.0000000000            0.9092490077
   3903.0000000000            0.8841810226
   3904.0000000000            0.8582890034
   3905.0000000000            0.8316785693
   3906.0000000000            0.8044580817
   3907.0000000000            0.7767365575
   3908.0000000000            0.7486231327
   3909.0000000000            0.7202267647
   3910.0000000000            0.6916542053
   3911.0000000000            0.6630103588
   3912.0000000000            0.6343967915
   3913.0000000000            0.6059114933
   3914.0000000000            0.5776478648
   3915.0000000000            0.5496944785
   3916.0000000000            0.5221344829
   3917.0000000000            0.4950452149
   3918.0000000000            0.4684981406
   3919.0000000000            0.4425579906
   3920.0000000000            0.4172832370
   3921.0000000000            0.3927257061
   3922.0000000000            0.3689304888
   3923.0000000000            0.3459361196
   3924.0000000000            0.3237745762
   3925.0000000000            0.3024716079
   3926.0000000000            0.2820466459
   3927.0000000000            0.2625132799
   3928.0000000000            0.2438794374
   3929.0000000000            0.2261477858
   3930.0000000000            0.2093160003
   3931.0000000000            0.1933771223
   3932.0000000000            0.1783199757
   3933.0000000000            0.1641296744
   3934.0000000000            0.1507877409
   3935.0000000000            0.1382727474
   3936.0000000000            0.1265606433
   3937.0000000000            0.1156250834
   3938.0000000000            0.1054378599
   3939.0000000000            0.0959692821
   3940.0000000000            0.0871884078
   3941.0000000000            0.0790635124
   3942.0000000000            0.0715622827
   3943.0000000000            0.0646521375
   3944.0000000000            0.0583004802
   3945.0000000000            0.0524749309
   3946.0000000000            0.0471435227
   3947.0000000000            0.0422748961
   3948.0000000000            0.0378384590
   3949.0000000000            0.0338045061
   3950.0000000000            0.0301443469
   3951.0000000000            0.0268304180
   3952.0000000000            0.0238363147
   3953.0000000000            0.0211368836
   3954.0000000000            0.0187082384
   3955.0000000000            0.0165277924
   3956.0000000000            0.0145742726
   3957.0000000000            0.0128277056
   3958.0000000000            0.0112694064
   3959.0000000000            0.0098819612
   3960.0000000000            0.0086491844
   3961.0000000000            0.0075560911
   3962.0000000000            0.0065888432
   3963.0000000000            0.0057347054
   3964.0000000000            0.0049819914
   3965.0000000000            0.0043200101
   3966.0000000000            0.0037390089
   3967.0000000000            0.0032301159
   3968.0000000000            0.0027852850
   3969.0000000000            0.0023972376
   3970.0000000000            0.0020594080
   3971.0000000000            0.0017658900
   3972.0000000000            0.0015113837
   3973.0000000000            0.0012911471
   3974.0000000000            0.0011009475
   3975.0000000000            0.0009370167
   3976.0000000000            0.0007960090
   3977.0000000000            0.0006749607
   3978.0000000000            0.0005712534
   3979.0000000000            0.0004825797
   3980.0000000000            0.0004069108
   3981.0000000000            0.0003424673
   3982.0000000000            0.0002876928
   3983.0000000000            0.0002412285
   3984.0000000000            0.0002018916
   3985.0000000000            0.0001686544
   3986.0000000000            0.0001406264
   3987.0000000000            0.0001170377
   3988.0000000000            0.0000972243
   3989.0000000000            0.0000806146
   3990.0000000000            0.0000667179
   3991.0000000000            0.0000551139
   3992.0000000000            0.0000454433
   3993.0000000000            0.0000373997
   3994.0000000000            0.0000307224
   3995.0000000000            0.0000251903
   3996.0000000000            0.0000206159
   3997.0000000000            0.0000168407
   3998.0000000000            0.0000137311
   3999.0000000000            0.0000111749
   4000.0000000000            0.0000090776
   4001.0000000000            0.0000073602
   4002.0000000000            0.0000059566
   4003.0000000000            0.0000048116
   4004.0000000000            0.0000038795
   4005.0000000000            0.0000031222
   4006.0000000000            0.0000025080
   4007.0000000000            0.0000020108
   4008.0000000000            0.0000016093
   4009.0000000000            0.0000012855
   4010.0000000000            0.0000010249
   4011.0000000000            0.0000008156
   4012.0000000000            0.0000006479
   4013.0000000000            0.0000005137
   4014.0000000000            0.0000004065
   4015.0000000000            0.0000003211
   4016.0000000000            0.0000002532
   4017.0000000000            0.0000001992
   4018.0000000000            0.0000001565
   4019.0000000000            0.0000001227
   4020.0000000000            0.0000000960
   4021.0000000000            0.0000000750
   4022.0000000000            0.0000000585
   4023.0000000000            0.0000000455
   4024.0000000000            0.0000000353
   4025.0000000000            0.0000000274
   4026.0000000000            0.0000000212
   4027.0000000000            0.0000000164
   4028.0000000000            0.0000000126
   4029.0000000000            0.0000000097
   4030.0000000000            0.0000000075
   4031.0000000000            0.0000000057
   4032.0000000000            0.0000000044
   4033.0000000000            0.0000000033
   4034.0000000000            0.0000000026
   4035.0000000000            0.0000000019
   4036.0000000000            0.0000000015
   4037.0000000000            0.0000000011
   4038.0000000000            0.0000000008
   4039.0000000000            0.0000000006
   4040.0000000000            0.0000000005
   4041.0000000000            0.0000000004
   4042.0000000000            0.0000000003
   4043.0000000000            0.0000000002
   4044.0000000000            0.0000000002
   4045.0000000000            0.0000000001
   4046.0000000000            0.0000000001
   4047.0000000000            0.0000000001
   4048.0000000000            0.0000000000
   4049.0000000000            0.0000000000
   4050.0000000000            0.0000000000
   4051.0000000000            0.0000000000
   4052.0000000000            0.0000000000
   4053.0000000000            0.0000000000
   4054.0000000000            0.0000000000
   4055.0000000000            0.0000000000
   4056.0000000000            0.0000000000
   4057.0000000000            0.0000000000
   4058.0000000000            0.0000000000
   4059.0000000000            0.0000000000
   4060.0000000000            0.0000000000
   4061.0000000000            0.0000000000
   4062.0000000000            0.0000000000
   4063.0000000000            0.0000000000
   4064.0000000000            0.0000000000
   4065.0000000000            0.0000000000
   4066.0000000000            0.0000000000
   4067.0000000000            0.0000000000
   4068.0000000000            0.0000000000
   4069.0000000000            0.0000000000
   4070.0000000000            0.0000000000
   4071.0000000000            0.0000000000
   4072.0000000000            0.0000000000
   4073.0000000000            0.0000000000
   4074.0000000000            0.0000000000
   4075.0000000000            0.0000000000
   4076.0000000000            0.0000000000
   4077.0000000000            0.0000000000
   4078.0000000000            0.0000000000
   4079.0000000000            0.0000000000
   4080.0000000000            0.0000000000
   4081.0000000000            0.0000000000
   4082.0000000000            0.0000000000
   4083.0000000000            0.0000000000
   4084.0000000000            0.0000000000
   4085.0000000000            0.0000000000
   4086.0000000000            0.0000000000
   4087.0000000000            0.0000000000
   4088.0000000000            0.0000000000
   4089.0000000000            0.0000000000
   4090.0000000000            0.0000000000
   4091.0000000000            0.0000000000
   4092.0000000000            0.0000000000
   4093.0000000000            0.0000000000
   4094.0000000000            0.0000000000
   4095.0000000000            0.0000000000
   4096.0000000000            0.0000000000
   4097.0000000000            0.0000000000
   4098.0000000000            0.0000000000
   4099.0000000000            0.0000000000
   4100.0000000000            0.0000000000
