   3600.0000000000            0.0000000000
   3601.0000000000            0.0000000001
   3602.0000000000            0.0000000002
   3603.0000000000            0.0000000004
   3604.0000000000            0.0000000008
   3605.0000000000            0.0000000019
   3606.0000000000            0.0000000040
   3607.0000000000            0.0000000085
   3608.0000000000            0.0000000179
   3609.0000000000            0.0000000369
   3610.0000000000            0.0000000749
   3611.0000000000            0.0000001495
   3612.0000000000            0.0000002937
   3613.0000000000            0.0000005679
   3614.0000000000            0.0000010806
   3615.0000000000            0.0000020235
   3616.0000000000            0.0000037289
   3617.0000000000            0.0000067632
   3618.0000000000            0.0000120730
   3619.0000000000            0.0000212119
   3620.0000000000            0.0000366831
   3621.0000000000            0.0000624436
   3622.0000000000            0.0001046320
   3623.0000000000            0.0001725893
   3624.0000000000            0.0002802568
   3625.0000000000            0.0004480364
   3626.0000000000            0.0007051938
   3627.0000000000            0.0010928661
   3628.0000000000            0.0016676908
   3629.0000000000            0.0025060158
   3630.0000000000            0.0037085435
   3631.0000000000            0.0054051569
   3632.0000000000            0.0077595403
   3633.0000000000            0.0109730307
   3634.0000000000            0.0152870556
   3635.0000000000            0.0209833737
   3636.0000000000            0.0283813309
   3637.0000000000            0.0378314108
   3638.0000000000            0.0497045442
   3639.0000000000            0.0643769652
   3640.0000000000            0.0822107717
   3641.0000000000            0.1035310775
   3642.0000000000            0.1286007911
   3643.0000000000            0.1575950682
   3644.0000000000            0.1905774772
   3645.0000000000            0.2274803221
   3646.0000000000            0.2680914402
   3647.0000000000            0.3120495677
   3648.0000000000            0.3588491678
   3649.0000000000            0.4078556299
   3650.0000000000            0.4583305717
   3651.0000000000            0.5094646215
   3652.0000000000            0.5604160428
   3653.0000000000            0.6103524566
   3654.0000000000            0.6584912539
   3655.0000000000            0.7041360140
   3656.0000000000            0.7467067242
   3657.0000000000            0.7857599258
   3658.0000000000            0.8209999800
   3659.0000000000            0.8522794247
   3660.0000000000            0.8795902729
   3661.0000000000            0.9030475020
   3662.0000000000            0.9228678942
   3663.0000000000            0.9393441081
   3664.0000000000            0.9528203607
   3665.0000000000            0.9636670947
   3666.0000000000            0.9722594023
   3667.0000000000            0.9789603353
   3668.0000000000            0.9841072559
   3669.0000000000            0.9880032539
   3670.0000000000            0.9909107089
   3671.0000000000            0.9930543303
   3672.0000000000            0.9946167469
   3673.0000000000            0.9957461357
   3674.0000000000            0.9965589046
   3675.0000000000            0.9971434474
   3676.0000000000            0.9975670576
   3677.0000000000            0.9978781939
   3678.0000000000            0.9981119633
   3679.0000000000            0.9982943535
   3680.0000000000            0.9984412193
   3681.0000000000            0.9985645413
   3682.0000000000            0.9986726046
   3683.0000000000            0.9987699389
   3684.0000000000            0.9988598228
   3685.0000000000            0.9989450574
   3686.0000000000            0.9990265965
   3687.0000000000            0.9991056919
   3688.0000000000            0.9991822839
   3689.0000000000            0.9992576838
   3690.0000000000            0.9993314147
   3691.0000000000            0.9994035959
   3692.0000000000            0.9994748831
   3693.0000000000            0.9995452166
   3694.0000000000            0.9996143579
   3695.0000000000            0.9996827245
   3696.0000000000            0.9997498989
   3697.0000000000            0.9998156428
   3698.0000000000            0.9998799562
   3699.0000000000            0.9999418259
   3700.0000000000            1.0000000000
   3701.0000000000            1.0000530481
   3702.0000000000            1.0001000166
   3703.0000000000            1.0001404285
   3704.0000000000            1.0001752377
   3705.0000000000            1.0002070665
   3706.0000000000            1.0002417564
   3707.0000000000            1.0002855062
   3708.0000000000            1.0003453493
   3709.0000000000            1.0004266500
   3710.0000000000            1.0005303621
   3711.0000000000            1.0006500483
   3712.0000000000            1.0007714033
   3713.0000000000            1.0008702278
   3714.0000000000            1.0009182692
   3715.0000000000            1.0008858442
   3716.0000000000            1.0007517338
   3717.0000000000            1.0005117655
   3718.0000000000            1.0001870394
   3719.0000000000            0.9998283982
   3720.0000000000            0.9995150566
   3721.0000000000            0.9993466735
   3722.0000000000            0.9994256496
   3723.0000000000            0.9998351932
   3724.0000000000            1.0006128550
   3725.0000000000            1.0017290115
   3726.0000000000            1.0030707121
   3727.0000000000            1.0044419765
   3728.0000000000            1.0055792332
   3729.0000000000            1.0061854124
   3730.0000000000            1.0059790611
   3731.0000000000            1.0047521591
   3732.0000000000            1.0024267435
   3733.0000000000            0.9990988970
   3734.0000000000            0.9950629473
   3735.0000000000            0.9908019304
   3736.0000000000            0.9869483113
   3737.0000000000            0.9842079878
   3738.0000000000            0.9832628965
   3739.0000000000            0.9846602678
   3740.0000000000            0.9887058139
   3741.0000000000            0.9953770041
   3742.0000000000            1.0042746067
   3743.0000000000            1.0146206617
   3744.0000000000            1.0253100395
   3745.0000000000            1.0350128412
   3746.0000000000            1.0423190594
   3747.0000000000            1.0459079742
   3748.0000000000            1.0447242260
   3749.0000000000            1.0381354094
   3750.0000000000            1.0260550976
   3751.0000000000            1.0090092421
   3752.0000000000            0.9881366491
   3753.0000000000            0.9651234746
   3754.0000000000            0.9420691729
   3755.0000000000            0.9213023186
   3756.0000000000            0.9051592946
   3757.0000000000            0.8957512379
   3758.0000000000            0.8947384357
   3759.0000000000            0.9031406641
   3760.0000000000            0.9211976528
   3761.0000000000            0.9482983947
   3762.0000000000            0.9829867482
   3763.0000000000            1.0230431557
   3764.0000000000            1.0656386614
   3765.0000000000            1.1075466871
   3766.0000000000            1.1453967094
   3767.0000000000            1.1759415865
   3768.0000000000            1.1963233948
   3769.0000000000            1.2043055296
   3770.0000000000            1.1984595060
   3771.0000000000            1.1782844067
   3772.0000000000            1.1442563534
   3773.0000000000            1.0978031158
   3774.0000000000            1.0412113667
   3775.0000000000            0.9774780273
   3776.0000000000            0.9101186395
   3777.0000000000            0.8429525495
   3778.0000000000            0.7798799276
   3779.0000000000            0.7246637344
   3780.0000000000            0.6807311177
   3781.0000000000            0.6509984136
   3782.0000000000            0.6377261877
   3783.0000000000            0.6424044967
   3784.0000000000            0.6656709313
   3785.0000000000            0.7072604299
   3786.0000000000            0.7659901977
   3787.0000000000            0.8397803307
   3788.0000000000            0.9257162213
   3789.0000000000            1.0201547146
   3790.0000000000            1.1188725233
   3791.0000000000            1.2172617912
   3792.0000000000            1.3105589151
   3793.0000000000            1.3941007853
   3794.0000000000            1.4635881186
   3795.0000000000            1.5153414011
   3796.0000000000            1.5465234518
   3797.0000000000            1.5553094149
   3798.0000000000            1.5409920216
   3799.0000000000            1.5040074587
   3800.0000000000            1.4458801746
   3801.0000000000            1.3690927029
   3802.0000000000            1.2768971920
   3803.0000000000            1.1730809212
   3804.0000000000            1.0617150068
   3805.0000000000            0.9469084144
   3806.0000000000            0.8325877190
   3807.0000000000            0.7223215699
   3808.0000000000            0.6192014813
   3809.0000000000            0.5257809758
   3810.0000000000            0.4440730512
   3811.0000000000            0.3755957782
   3812.0000000000            0.3214535117
   3813.0000000000            0.2824369669
   3814.0000000000            0.2591260076
   3815.0000000000            0.2519788146
   3816.0000000000            0.2613935769
   3817.0000000000            0.2877333760
   3818.0000000000            0.3313083947
   3819.0000000000            0.3923157752
   3820.0000000000            0.4707419872
   3821.0000000000            0.5662377477
   3822.0000000000            0.6779808402
   3823.0000000000            0.8045430779
   3824.0000000000            0.9437829852
   3825.0000000000            1.0927813053
   3826.0000000000            1.2478359938
   3827.0000000000            1.4045304060
   3828.0000000000            1.5578745604
   3829.0000000000            1.7025222778
   3830.0000000000            1.8330452442
   3831.0000000000            1.9442470074
   3832.0000000000            2.0314929485
   3833.0000000000            2.0910177231
   3834.0000000000            2.1201894283
   3835.0000000000            2.1176974773
   3836.0000000000            2.0836474895
   3837.0000000000            2.0195515156
   3838.0000000000            1.9282155037
   3839.0000000000            1.8135352135
   3840.0000000000            1.6802194118
   3841.0000000000            1.5334711075
   3842.0000000000            1.3786522150
   3843.0000000000            1.2209656239
   3844.0000000000            1.0651770830
   3845.0000000000            0.9153984785
   3846.0000000000            0.7749421000
   3847.0000000000            0.6462497115
   3848.0000000000            0.5308926105
   3849.0000000000            0.4296306372
   3850.0000000000            0.3425164223
   3851.0000000000            0.2690290213
   3852.0000000000            0.2082205117
   3853.0000000000            0.1588619947
   3854.0000000000            0.1195784956
   3855.0000000000            0.0889654160
   3856.0000000000            0.0656832829
   3857.0000000000            0.0485303290
   3858.0000000000            0.0364950448
   3859.0000000000            0.0287921727
   3860.0000000000            0.0248864628
   3861.0000000000            0.0245082434
   3862.0000000000            0.0276640318
   3863.0000000000            0.0346441865
   3864.0000000000            0.0460279360
   3865.0000000000            0.0626844093
   3866.0000000000            0.0857666656
   3867.0000000000            0.1166941896
   3868.0000000000            0.1571188718
   3869.0000000000            0.2088687718
   3870.0000000000            0.2738650739
   3871.0000000000            0.3540094495
   3872.0000000000            0.4510415792
   3873.0000000000            0.5663703084
   3874.0000000000            0.7008870244
   3875.0000000000            0.8547731042
   3876.0000000000            1.0273184776
   3877.0000000000            1.2167719603
   3878.0000000000            1.4202419519
   3879.0000000000            1.6336693764
   3880.0000000000            1.8518872261
   3881.0000000000            2.0687756538
   3882.0000000000            2.2775123119
   3883.0000000000            2.4709074497
   3884.0000000000            2.6418044567
   3885.0000000000            2.7835133076
   3886.0000000000            2.8902425766
   3887.0000000000            2.9574933052
   3888.0000000000            2.9823708534
   3889.0000000000            2.9637939930
   3890.0000000000            2.9025702477
   3891.0000000000            2.8013403416
   3892.0000000000            2.6643881798
   3893.0000000000            2.4973390102
   3894.0000000000            2.3067789078
   3895.0000000000            2.0998234749
   3896.0000000000            1.8836842775
   3897.0000000000            1.6652591228
   3898.0000000000            1.4507879019
   3899.0000000000            1.2455883026
   3900.0000000000            1.0538856983
   3901.0000000000            0.8787410855
   3902.0000000000            0.7220658064
   3903.0000000000            0.5847107768
   3904.0000000000            0.4666097164
   3905.0000000000            0.3669567406
   3906.0000000000            0.2843966186
   3907.0000000000            0.2172113061
   3908.0000000000            0.1634890884
   3909.0000000000            0.1212672740
   3910.0000000000            0.0886434913
   3911.0000000000            0.0638555363
   3912.0000000000            0.0453313477
   3913.0000000000            0.0317137204
   3914.0000000000            0.0218647309
   3915.0000000000            0.0148555757
   3916.0000000000            0.0099467980
   3917.0000000000            0.0065633492
   3918.0000000000            0.0042679193
   3919.0000000000            0.0027349868
   3920.0000000000            0.0017272006
   3921.0000000000            0.0010749263
   3922.0000000000            0.0006592696
   3923.0000000000            0.0003984702
   3924.0000000000            0.0002373433
   3925.0000000000            0.0001393178
   3926.0000000000            0.0000805907
   3927.0000000000            0.0000459421
   3928.0000000000            0.0000258099
   3929.0000000000            0.0000142893
   3930.0000000000            0.0000077962
   3931.0000000000            0.0000041918
   3932.0000000000            0.0000022211
   3933.0000000000            0.0000011598
   3934.0000000000            0.0000005968
   3935.0000000000            0.0000003027
   3936.0000000000            0.0000001513
   3937.0000000000            0.0000000745
   3938.0000000000            0.0000000362
   3939.0000000000            0.0000000173
   3940.0000000000            0.0000000082
   3941.0000000000            0.0000000038
   3942.0000000000            0.0000000017
   3943.0000000000            0.0000000008
   3944.0000000000            0.0000000003
   3945.0000000000            0.0000000002
   3946.0000000000            0.0000000001
   3947.0000000000            0.0000000000
   3948.0000000000            0.0000000000
   3949.0000000000            0.0000000000
   3950.0000000000            0.0000000000
   3951.0000000000            0.0000000000
   3952.0000000000            0.0000000000
   3953.0000000000            0.0000000000
   3954.0000000000            0.0000000000
   3955.0000000000            0.0000000000
   3956.0000000000            0.0000000000
   3957.0000000000            0.0000000000
   3958.0000000000            0.0000000000
   3959.0000000000            0.0000000000
   3960.0000000000            0.0000000000
   3961.0000000000            0.0000000000
   3962.0000000000            0.0000000000
   3963.0000000000            0.0000000000
   3964.0000000000            0.0000000000
   3965.0000000000            0.0000000000
   3966.0000000000            0.0000000000
   3967.0000000000            0.0000000000
   3968.0000000000            0.0000000000
   3969.0000000000            0.0000000000
   3970.0000000000            0.0000000000
   3971.0000000000            0.0000000000
   3972.0000000000            0.0000000000
   3973.0000000000            0.0000000000
   3974.0000000000            0.0000000000
   3975.0000000000            0.0000000000
   3976.0000000000            0.0000000000
   3977.0000000000            0.0000000000
   3978.0000000000            0.0000000000
   3979.0000000000            0.0000000000
   3980.0000000000            0.0000000000
   3981.0000000000            0.0000000000
   3982.0000000000            0.0000000000
   3983.0000000000            0.0000000000
   3984.0000000000            0.0000000000
   3985.0000000000            0.0000000000
   3986.0000000000            0.0000000000
   3987.0000000000            0.0000000000
   3988.0000000000            0.0000000000
   3989.0000000000            0.0000000000
   3990.0000000000            0.0000000000
   3991.0000000000            0.0000000000
   3992.0000000000            0.0000000000
   3993.0000000000            0.0000000000
   3994.0000000000            0.0000000000
   3995.0000000000            0.0000000000
   3996.0000000000            0.0000000000
   3997.0000000000            0.0000000000
   3998.0000000000            0.0000000000
   3999.0000000000            0.0000000000
   4000.0000000000            0.0000000000
   4001.0000000000            0.0000000000
   4002.0000000000            0.0000000000
   4003.0000000000            0.0000000000
   4004.0000000000            0.0000000000
   4005.0000000000            0.0000000000
   4006.0000000000            0.0000000000
   4007.0000000000            0.0000000000
   4008.0000000000            0.0000000000
   4009.0000000000            0.0000000000
   4010.0000000000            0.0000000000
   4011.0000000000            0.0000000000
   4012.0000000000            0.0000000000
   4013.0000000000            0.0000000000
   4014.0000000000            0.0000000000
   4015.0000000000            0.0000000000
   4016.0000000000            0.0000000000
   4017.0000000000            0.0000000000
   4018.0000000000            0.0000000000
   4019.0000000000            0.0000000000
   4020.0000000000            0.0000000000
   4021.0000000000            0.0000000000
   4022.0000000000            0.0000000000
   4023.0000000000            0.0000000000
   4024.0000000000            0.0000000000
   4025.0000000000            0.0000000000
   4026.0000000000            0.0000000000
   4027.0000000000            0.0000000000
   4028.0000000000            0.0000000000
   4029.0000000000            0.0000000000
   4030.0000000000            0.0000000000
   4031.0000000000            0.0000000000
   4032.0000000000            0.0000000000
   4033.0000000000            0.0000000000
   4034.0000000000            0.0000000000
   4035.0000000000            0.0000000000
   4036.0000000000            0.0000000000
   4037.0000000000            0.0000000000
   4038.0000000000            0.0000000000
   4039.0000000000            0.0000000000
   4040.0000000000            0.0000000000
   4041.0000000000            0.0000000000
   4042.0000000000            0.0000000000
   4043.0000000000            0.0000000000
   4044.0000000000            0.0000000000
   4045.0000000000            0.0000000000
   4046.0000000000            0.0000000000
   4047.0000000000            0.0000000000
   4048.0000000000            0.0000000000
   4049.0000000000            0.0000000000
   4050.0000000000            0.0000000000
   4051.0000000000            0.0000000000
   4052.0000000000            0.0000000000
   4053.0000000000            0.0000000000
   4054.0000000000            0.0000000000
   4055.0000000000            0.0000000000
   4056.0000000000            0.0000000000
   4057.0000000000            0.0000000000
   4058.0000000000            0.0000000000
   4059.0000000000            0.0000000000
   4060.0000000000            0.0000000000
   4061.0000000000            0.0000000000
   4062.0000000000            0.0000000000
   4063.0000000000            0.0000000000
   4064.0000000000            0.0000000000
   4065.0000000000            0.0000000000
   4066.0000000000            0.0000000000
   4067.0000000000            0.0000000000
   4068.0000000000            0.0000000000
   4069.0000000000            0.0000000000
   4070.0000000000            0.0000000000
   4071.0000000000            0.0000000000
   4072.0000000000            0.0000000000
   4073.0000000000            0.0000000000
   4074.0000000000            0.0000000000
   4075.0000000000            0.0000000000
   4076.0000000000            0.0000000000
   4077.0000000000            0.0000000000
   4078.0000000000            0.0000000000
   4079.0000000000            0.0000000000
   4080.0000000000            0.0000000000
   4081.0000000000            0.0000000000
   4082.0000000000            0.0000000000
   4083.0000000000            0.0000000000
   4084.0000000000            0.0000000000
   4085.0000000000            0.0000000000
   4086.0000000000            0.0000000000
   4087.0000000000            0.0000000000
   4088.0000000000            0.0000000000
   4089.0000000000            0.0000000000
   4090.0000000000            0.0000000000
   4091.0000000000            0.0000000000
   4092.0000000000            0.0000000000
   4093.0000000000            0.0000000000
   4094.0000000000            0.0000000000
   4095.0000000000            0.0000000000
   4096.0000000000            0.0000000000
   4097.0000000000            0.0000000000
   4098.0000000000            0.0000000000
   4099.0000000000            0.0000000000
   4100.0000000000            0.0000000000
