   3600.0000000000            0.0000015004
   3601.0000000000            0.0000023384
   3602.0000000000            0.0000036150
   3603.0000000000            0.0000055431
   3604.0000000000            0.0000084310
   3605.0000000000            0.0000127197
   3606.0000000000            0.0000190354
   3607.0000000000            0.0000282575
   3608.0000000000            0.0000416102
   3609.0000000000            0.0000607808
   3610.0000000000            0.0000880725
   3611.0000000000            0.0001265982
   3612.0000000000            0.0001805243
   3613.0000000000            0.0002553713
   3614.0000000000            0.0003583806
   3615.0000000000            0.0004989547
   3616.0000000000            0.0006891771
   3617.0000000000            0.0009444152
   3618.0000000000            0.0012840059
   3619.0000000000            0.0017320223
   3620.0000000000            0.0023181047
   3621.0000000000            0.0030783447
   3622.0000000000            0.0040561901
   3623.0000000000            0.0053033340
   3624.0000000000            0.0068805469
   3625.0000000000            0.0088583883
   3626.0000000000            0.0113177355
   3627.0000000000            0.0143500594
   3628.0000000000            0.0180573650
   3629.0000000000            0.0225517303
   3630.0000000000            0.0279543772
   3631.0000000000            0.0343941674
   3632.0000000000            0.0420055650
   3633.0000000000            0.0509259701
   3634.0000000000            0.0612924732
   3635.0000000000            0.0732380748
   3636.0000000000            0.0868874043
   3637.0000000000            0.1023521200
   3638.0000000000            0.1197262034
   3639.0000000000            0.1390809864
   3640.0000000000            0.1604607701
   3641.0000000000            0.1838785857
   3642.0000000000            0.2093128413
   3643.0000000000            0.2367044836
   3644.0000000000            0.2659560144
   3645.0000000000            0.2969306707
   3646.0000000000            0.3294539154
   3647.0000000000            0.3633158505
   3648.0000000000            0.3982746303
   3649.0000000000            0.4340625107
   3650.0000000000            0.4703906775
   3651.0000000000            0.5069571137
   3652.0000000000            0.5434540510
   3653.0000000000            0.5795750022
   3654.0000000000            0.6150236130
   3655.0000000000            0.6495199203
   3656.0000000000            0.6828075051
   3657.0000000000            0.7146589756
   3658.0000000000            0.7448807955
   3659.0000000000            0.7733154297
   3660.0000000000            0.7998446822
   3661.0000000000            0.8243890405
   3662.0000000000            0.8469067812
   3663.0000000000            0.8673930168
   3664.0000000000            0.8858755827
   3665.0000000000            0.9024118185
   3666.0000000000            0.9170840979
   3667.0000000000            0.9299947023
   3668.0000000000            0.9412614703
   3669.0000000000            0.9510135055
   3670.0000000000            0.9593860507
   3671.0000000000            0.9665158987
   3672.0000000000            0.9725394249
   3673.0000000000            0.9775881171
   3674.0000000000            0.9817872643
   3675.0000000000            0.9852539301
   3676.0000000000            0.9880948067
   3677.0000000000            0.9904067516
   3678.0000000000            0.9922761321
   3679.0000000000            0.9937787056
   3680.0000000000            0.9949799180
   3681.0000000000            0.9959364533
   3682.0000000000            0.9966956377
   3683.0000000000            0.9972970486
   3684.0000000000            0.9977738261
   3685.0000000000            0.9981529713
   3686.0000000000            0.9984557033
   3687.0000000000            0.9986991882
   3688.0000000000            0.9988981485
   3689.0000000000            0.9990622997
   3690.0000000000            0.9992007017
   3691.0000000000            0.9993188977
   3692.0000000000            0.9994224310
   3693.0000000000            0.9995146394
   3694.0000000000            0.9995985627
   3695.0000000000            0.9996753335
   3696.0000000000            0.9997473955
   3697.0000000000            0.9998152852
   3698.0000000000            0.9998794198
   3699.0000000000            0.9999407530
   3700.0000000000            1.0000000000
   3701.0000000000            1.0000563860
   3702.0000000000            1.0001101494
   3703.0000000000            1.0001620054
   3704.0000000000            1.0002113581
   3705.0000000000            1.0002586842
   3706.0000000000            1.0003032684
   3707.0000000000            1.0003461838
   3708.0000000000            1.0003874302
   3709.0000000000            1.0004265308
   3710.0000000000            1.0004651546
   3711.0000000000            1.0005028248
   3712.0000000000            1.0005404949
   3713.0000000000            1.0005780458
   3714.0000000000            1.0006159544
   3715.0000000000            1.0006539822
   3716.0000000000            1.0006912947
   3717.0000000000            1.0007266998
   3718.0000000000            1.0007584095
   3719.0000000000            1.0007838011
   3720.0000000000            1.0008000135
   3721.0000000000            1.0008044243
   3722.0000000000            1.0007934570
   3723.0000000000            1.0007654428
   3724.0000000000            1.0007193089
   3725.0000000000            1.0006562471
   3726.0000000000            1.0005797148
   3727.0000000000            1.0004960299
   3728.0000000000            1.0004135370
   3729.0000000000            1.0003441572
   3730.0000000000            1.0003010035
   3731.0000000000            1.0002982616
   3732.0000000000            1.0003484488
   3733.0000000000            1.0004616976
   3734.0000000000            1.0006432533
   3735.0000000000            1.0008907318
   3736.0000000000            1.0011932850
   3737.0000000000            1.0015305281
   3738.0000000000            1.0018717051
   3739.0000000000            1.0021762848
   3740.0000000000            1.0023975372
   3741.0000000000            1.0024847984
   3742.0000000000            1.0023876429
   3743.0000000000            1.0020631552
   3744.0000000000            1.0014795065
   3745.0000000000            1.0006238222
   3746.0000000000            0.9995069504
   3747.0000000000            0.9981657863
   3748.0000000000            0.9966678023
   3749.0000000000            0.9951083660
   3750.0000000000            0.9936079979
   3751.0000000000            0.9923062325
   3752.0000000000            0.9913524389
   3753.0000000000            0.9908950925
   3754.0000000000            0.9910664558
   3755.0000000000            0.9919720888
   3756.0000000000            0.9936746359
   3757.0000000000            0.9961844087
   3758.0000000000            0.9994490147
   3759.0000000000            1.0033493042
   3760.0000000000            1.0076986551
   3761.0000000000            1.0122475624
   3762.0000000000            1.0166953802
   3763.0000000000            1.0207040310
   3764.0000000000            1.0239185095
   3765.0000000000            1.0259896517
   3766.0000000000            1.0266000032
   3767.0000000000            1.0254873037
   3768.0000000000            1.0224694014
   3769.0000000000            1.0174639225
   3770.0000000000            1.0105048418
   3771.0000000000            1.0017497540
   3772.0000000000            0.9914839864
   3773.0000000000            0.9801130891
   3774.0000000000            0.9681498408
   3775.0000000000            0.9561940432
   3776.0000000000            0.9449024200
   3777.0000000000            0.9349582791
   3778.0000000000            0.9270337224
   3779.0000000000            0.9217522740
   3780.0000000000            0.9196519256
   3781.0000000000            0.9211500883
   3782.0000000000            0.9265147448
   3783.0000000000            0.9358407259
   3784.0000000000            0.9490346909
   3785.0000000000            0.9658092856
   3786.0000000000            0.9856864810
   3787.0000000000            1.0080108643
   3788.0000000000            1.0319722891
   3789.0000000000            1.0566352606
   3790.0000000000            1.0809785128
   3791.0000000000            1.1039348841
   3792.0000000000            1.1244390011
   3793.0000000000            1.1414726973
   3794.0000000000            1.1541097164
   3795.0000000000            1.1615581512
   3796.0000000000            1.1631957293
   3797.0000000000            1.1585996151
   3798.0000000000            1.1475671530
   3799.0000000000            1.1301277876
   3800.0000000000            1.1065462828
   3801.0000000000            1.0773155689
   3802.0000000000            1.0431424379
   3803.0000000000            1.0049245358
   3804.0000000000            0.9637208581
   3805.0000000000            0.9207185507
   3806.0000000000            0.8771942854
   3807.0000000000            0.8344746232
   3808.0000000000            0.7938958406
   3809.0000000000            0.7567641139
   3810.0000000000            0.7243170142
   3811.0000000000            0.6976883411
   3812.0000000000            0.6778764725
   3813.0000000000            0.6657152772
   3814.0000000000            0.6618508697
   3815.0000000000            0.6667212844
   3816.0000000000            0.6805426478
   3817.0000000000            0.7032985687
   3818.0000000000            0.7347359061
   3819.0000000000            0.7743648887
   3820.0000000000            0.8214662671
   3821.0000000000            0.8751025796
   3822.0000000000            0.9341368079
   3823.0000000000            0.9972561002
   3824.0000000000            1.0630018711
   3825.0000000000            1.1298048496
   3826.0000000000            1.1960257292
   3827.0000000000            1.2599980831
   3828.0000000000            1.3200757504
   3829.0000000000            1.3746798038
   3830.0000000000            1.4223455191
   3831.0000000000            1.4617664814
   3832.0000000000            1.4918345213
   3833.0000000000            1.5116742849
   3834.0000000000            1.5206675529
   3835.0000000000            1.5184725523
   3836.0000000000            1.5050300360
   3837.0000000000            1.4805610180
   3838.0000000000            1.4455548525
   3839.0000000000            1.4007463455
   3840.0000000000            1.3470866680
   3841.0000000000            1.2857067585
   3842.0000000000            1.2178760767
   3843.0000000000            1.1449588537
   3844.0000000000            1.0683698654
   3845.0000000000            0.9895310402
   3846.0000000000            0.9098331332
   3847.0000000000            0.8306002021
   3848.0000000000            0.7530620098
   3849.0000000000            0.6783326864
   3850.0000000000            0.6073971987
   3851.0000000000            0.5411049128
   3852.0000000000            0.4801703691
   3853.0000000000            0.4251802266
   3854.0000000000            0.3766050637
   3855.0000000000            0.3348152339
   3856.0000000000            0.3000989854
   3857.0000000000            0.2726815045
   3858.0000000000            0.2527432740
   3859.0000000000            0.2404367924
   3860.0000000000            0.2358999550
   3861.0000000000            0.2392657101
   3862.0000000000            0.2506664693
   3863.0000000000            0.2702336907
   3864.0000000000            0.2980916500
   3865.0000000000            0.3343464434
   3866.0000000000            0.3790694773
   3867.0000000000            0.4322778285
   3868.0000000000            0.4939108491
   3869.0000000000            0.5638052821
   3870.0000000000            0.6416705847
   3871.0000000000            0.7270653248
   3872.0000000000            0.8193765283
   3873.0000000000            0.9178041816
   3874.0000000000            1.0213524103
   3875.0000000000            1.1288273335
   3876.0000000000            1.2388442755
   3877.0000000000            1.3498451710
   3878.0000000000            1.4601231813
   3879.0000000000            1.5678588152
   3880.0000000000            1.6711626053
   3881.0000000000            1.7681255341
   3882.0000000000            1.8568732738
   3883.0000000000            1.9356245995
   3884.0000000000            2.0027472973
   3885.0000000000            2.0568144321
   3886.0000000000            2.0966525078
   3887.0000000000            2.1213836670
   3888.0000000000            2.1304566860
   3889.0000000000            2.1236670017
   3890.0000000000            2.1011648178
   3891.0000000000            2.0634486675
   3892.0000000000            2.0113461018
   3893.0000000000            1.9459853172
   3894.0000000000            1.8687525988
   3895.0000000000            1.7812445164
   3896.0000000000            1.6852124929
   3897.0000000000            1.5825058222
   3898.0000000000            1.4750113487
   3899.0000000000            1.3645982742
   3900.0000000000            1.2530652285
   3901.0000000000            1.1420942545
   3902.0000000000            1.0332123041
   3903.0000000000            0.9277621508
   3904.0000000000            0.8268812299
   3905.0000000000            0.7314910293
   3906.0000000000            0.6422946453
   3907.0000000000            0.5597820878
   3908.0000000000            0.4842427075
   3909.0000000000            0.4157828093
   3910.0000000000            0.3543475568
   3911.0000000000            0.2997448444
   3912.0000000000            0.2516711354
   3913.0000000000            0.2097367197
   3914.0000000000            0.1734902114
   3915.0000000000            0.1424409598
   3916.0000000000            0.1160791367
   3917.0000000000            0.0938929245
   3918.0000000000            0.0753825679
   3919.0000000000            0.0600714944
   3920.0000000000            0.0475144088
   3921.0000000000            0.0373028144
   3922.0000000000            0.0290681440
   3923.0000000000            0.0224829037
   3924.0000000000            0.0172602441
   3925.0000000000            0.0131522724
   3926.0000000000            0.0099475030
   3927.0000000000            0.0074676988
   3928.0000000000            0.0055644070
   3929.0000000000            0.0041153841
   3930.0000000000            0.0030210738
   3931.0000000000            0.0022012612
   3932.0000000000            0.0015919936
   3933.0000000000            0.0011428004
   3934.0000000000            0.0008142521
   3935.0000000000            0.0005758466
   3936.0000000000            0.0004042166
   3937.0000000000            0.0002816312
   3938.0000000000            0.0001947632
   3939.0000000000            0.0001336880
   3940.0000000000            0.0000910830
   3941.0000000000            0.0000615945
   3942.0000000000            0.0000413433
   3943.0000000000            0.0000275441
   3944.0000000000            0.0000182142
   3945.0000000000            0.0000119551
   3946.0000000000            0.0000077885
   3947.0000000000            0.0000050363
   3948.0000000000            0.0000032325
   3949.0000000000            0.0000020593
   3950.0000000000            0.0000013021
   3951.0000000000            0.0000008172
   3952.0000000000            0.0000005091
   3953.0000000000            0.0000003148
   3954.0000000000            0.0000001932
   3955.0000000000            0.0000001177
   3956.0000000000            0.0000000712
   3957.0000000000            0.0000000427
   3958.0000000000            0.0000000254
   3959.0000000000            0.0000000150
   3960.0000000000            0.0000000088
   3961.0000000000            0.0000000051
   3962.0000000000            0.0000000030
   3963.0000000000            0.0000000017
   3964.0000000000            0.0000000010
   3965.0000000000            0.0000000005
   3966.0000000000            0.0000000003
   3967.0000000000            0.0000000002
   3968.0000000000            0.0000000001
   3969.0000000000            0.0000000001
   3970.0000000000            0.0000000000
   3971.0000000000            0.0000000000
   3972.0000000000            0.0000000000
   3973.0000000000            0.0000000000
   3974.0000000000            0.0000000000
   3975.0000000000            0.0000000000
   3976.0000000000            0.0000000000
   3977.0000000000            0.0000000000
   3978.0000000000            0.0000000000
   3979.0000000000            0.0000000000
   3980.0000000000            0.0000000000
   3981.0000000000            0.0000000000
   3982.0000000000            0.0000000000
   3983.0000000000            0.0000000000
   3984.0000000000            0.0000000000
   3985.0000000000            0.0000000000
   3986.0000000000            0.0000000000
   3987.0000000000            0.0000000000
   3988.0000000000            0.0000000000
   3989.0000000000            0.0000000000
   3990.0000000000            0.0000000000
   3991.0000000000            0.0000000000
   3992.0000000000            0.0000000000
   3993.0000000000            0.0000000000
   3994.0000000000            0.0000000000
   3995.0000000000            0.0000000000
   3996.0000000000            0.0000000000
   3997.0000000000            0.0000000000
   3998.0000000000            0.0000000000
   3999.0000000000            0.0000000000
   4000.0000000000            0.0000000000
   4001.0000000000            0.0000000000
   4002.0000000000            0.0000000000
   4003.0000000000            0.0000000000
   4004.0000000000            0.0000000000
   4005.0000000000            0.0000000000
   4006.0000000000            0.0000000000
   4007.0000000000            0.0000000000
   4008.0000000000            0.0000000000
   4009.0000000000            0.0000000000
   4010.0000000000            0.0000000000
   4011.0000000000            0.0000000000
   4012.0000000000            0.0000000000
   4013.0000000000            0.0000000000
   4014.0000000000            0.0000000000
   4015.0000000000            0.0000000000
   4016.0000000000            0.0000000000
   4017.0000000000            0.0000000000
   4018.0000000000            0.0000000000
   4019.0000000000            0.0000000000
   4020.0000000000            0.0000000000
   4021.0000000000            0.0000000000
   4022.0000000000            0.0000000000
   4023.0000000000            0.0000000000
   4024.0000000000            0.0000000000
   4025.0000000000            0.0000000000
   4026.0000000000            0.0000000000
   4027.0000000000            0.0000000000
   4028.0000000000            0.0000000000
   4029.0000000000            0.0000000000
   4030.0000000000            0.0000000000
   4031.0000000000            0.0000000000
   4032.0000000000            0.0000000000
   4033.0000000000            0.0000000000
   4034.0000000000            0.0000000000
   4035.0000000000            0.0000000000
   4036.0000000000            0.0000000000
   4037.0000000000            0.0000000000
   4038.0000000000            0.0000000000
   4039.0000000000            0.0000000000
   4040.0000000000            0.0000000000
   4041.0000000000            0.0000000000
   4042.0000000000            0.0000000000
   4043.0000000000            0.0000000000
   4044.0000000000            0.0000000000
   4045.0000000000            0.0000000000
   4046.0000000000            0.0000000000
   4047.0000000000            0.0000000000
   4048.0000000000            0.0000000000
   4049.0000000000            0.0000000000
   4050.0000000000            0.0000000000
   4051.0000000000            0.0000000000
   4052.0000000000            0.0000000000
   4053.0000000000            0.0000000000
   4054.0000000000            0.0000000000
   4055.0000000000            0.0000000000
   4056.0000000000            0.0000000000
   4057.0000000000            0.0000000000
   4058.0000000000            0.0000000000
   4059.0000000000            0.0000000000
   4060.0000000000            0.0000000000
   4061.0000000000            0.0000000000
   4062.0000000000            0.0000000000
   4063.0000000000            0.0000000000
   4064.0000000000            0.0000000000
   4065.0000000000            0.0000000000
   4066.0000000000            0.0000000000
   4067.0000000000            0.0000000000
   4068.0000000000            0.0000000000
   4069.0000000000            0.0000000000
   4070.0000000000            0.0000000000
   4071.0000000000            0.0000000000
   4072.0000000000            0.0000000000
   4073.0000000000            0.0000000000
   4074.0000000000            0.0000000000
   4075.0000000000            0.0000000000
   4076.0000000000            0.0000000000
   4077.0000000000            0.0000000000
   4078.0000000000            0.0000000000
   4079.0000000000            0.0000000000
   4080.0000000000            0.0000000000
   4081.0000000000            0.0000000000
   4082.0000000000            0.0000000000
   4083.0000000000            0.0000000000
   4084.0000000000            0.0000000000
   4085.0000000000            0.0000000000
   4086.0000000000            0.0000000000
   4087.0000000000            0.0000000000
   4088.0000000000            0.0000000000
   4089.0000000000            0.0000000000
   4090.0000000000            0.0000000000
   4091.0000000000            0.0000000000
   4092.0000000000            0.0000000000
   4093.0000000000            0.0000000000
   4094.0000000000            0.0000000000
   4095.0000000000            0.0000000000
   4096.0000000000            0.0000000000
   4097.0000000000            0.0000000000
   4098.0000000000            0.0000000000
   4099.0000000000            0.0000000000
   4100.0000000000            0.0000000000
