   3600.0000000000            0.0547896214
   3601.0000000000            0.0584975928
   3602.0000000000            0.0624009855
   3603.0000000000            0.0665058494
   3604.0000000000            0.0708180889
   3605.0000000000            0.0753435269
   3606.0000000000            0.0800877586
   3607.0000000000            0.0850562155
   3608.0000000000            0.0902541205
   3609.0000000000            0.0956864357
   3610.0000000000            0.1013578400
   3611.0000000000            0.1072727218
   3612.0000000000            0.1134352013
   3613.0000000000            0.1198489070
   3614.0000000000            0.1265172213
   3615.0000000000            0.1334430575
   3616.0000000000            0.1406289637
   3617.0000000000            0.1480768621
   3618.0000000000            0.1557884663
   3619.0000000000            0.1637647599
   3620.0000000000            0.1720062941
   3621.0000000000            0.1805130392
   3622.0000000000            0.1892845333
   3623.0000000000            0.1983195394
   3624.0000000000            0.2076164186
   3625.0000000000            0.2171728611
   3626.0000000000            0.2269859165
   3627.0000000000            0.2370520234
   3628.0000000000            0.2473670393
   3629.0000000000            0.2579261661
   3630.0000000000            0.2687241137
   3631.0000000000            0.2797546387
   3632.0000000000            0.2910112739
   3633.0000000000            0.3024866581
   3634.0000000000            0.3141729832
   3635.0000000000            0.3260617852
   3636.0000000000            0.3381440639
   3637.0000000000            0.3504102528
   3638.0000000000            0.3628502786
   3639.0000000000            0.3754535913
   3640.0000000000            0.3882090151
   3641.0000000000            0.4011051655
   3642.0000000000            0.4141299725
   3643.0000000000            0.4272712469
   3644.0000000000            0.4405162036
   3645.0000000000            0.4538518488
   3646.0000000000            0.4672650099
   3647.0000000000            0.4807420969
   3648.0000000000            0.4942693412
   3649.0000000000            0.5078331232
   3650.0000000000            0.5214192271
   3651.0000000000            0.5350137949
   3652.0000000000            0.5486028790
   3653.0000000000            0.5621718764
   3654.0000000000            0.5757074356
   3655.0000000000            0.5891954303
   3656.0000000000            0.6026220918
   3657.0000000000            0.6159739494
   3658.0000000000            0.6292377114
   3659.0000000000            0.6424002647
   3660.0000000000            0.6554489732
   3661.0000000000            0.6683713198
   3662.0000000000            0.6811555028
   3663.0000000000            0.6937897205
   3664.0000000000            0.7062629461
   3665.0000000000            0.7185643911
   3666.0000000000            0.7306841612
   3667.0000000000            0.7426123619
   3668.0000000000            0.7543399334
   3669.0000000000            0.7658582926
   3670.0000000000            0.7771598697
   3671.0000000000            0.7882366180
   3672.0000000000            0.7990823984
   3673.0000000000            0.8096910715
   3674.0000000000            0.8200563788
   3675.0000000000            0.8301743865
   3676.0000000000            0.8400402069
   3677.0000000000            0.8496500254
   3678.0000000000            0.8590015173
   3679.0000000000            0.8680918217
   3680.0000000000            0.8769189715
   3681.0000000000            0.8854818344
   3682.0000000000            0.8937801719
   3683.0000000000            0.9018130898
   3684.0000000000            0.9095817804
   3685.0000000000            0.9170866013
   3686.0000000000            0.9243291616
   3687.0000000000            0.9313116670
   3688.0000000000            0.9380363226
   3689.0000000000            0.9445059299
   3690.0000000000            0.9507237077
   3691.0000000000            0.9566929936
   3692.0000000000            0.9624183774
   3693.0000000000            0.9679037333
   3694.0000000000            0.9731541276
   3695.0000000000            0.9781733155
   3696.0000000000            0.9829673767
   3697.0000000000            0.9875414371
   3698.0000000000            0.9919010401
   3699.0000000000            0.9960519671
   3700.0000000000            1.0000000000
   3701.0000000000            1.0037506819
   3702.0000000000            1.0073105097
   3703.0000000000            1.0106856823
   3704.0000000000            1.0138822794
   3705.0000000000            1.0169066191
   3706.0000000000            1.0197640657
   3707.0000000000            1.0224622488
   3708.0000000000            1.0250065327
   3709.0000000000            1.0274029970
   3710.0000000000            1.0296579599
   3711.0000000000            1.0317773819
   3712.0000000000            1.0337665081
   3713.0000000000            1.0356322527
   3714.0000000000            1.0373793840
   3715.0000000000            1.0390139818
   3716.0000000000            1.0405411720
   3717.0000000000            1.0419665575
   3718.0000000000            1.0432949066
   3719.0000000000            1.0445314646
   3720.0000000000            1.0456804037
   3721.0000000000            1.0467474461
   3722.0000000000            1.0477362871
   3723.0000000000            1.0486513376
   3724.0000000000            1.0494970083
   3725.0000000000            1.0502771139
   3726.0000000000            1.0509955883
   3727.0000000000            1.0516558886
   3728.0000000000            1.0522618294
   3729.0000000000            1.0528159142
   3730.0000000000            1.0533224344
   3731.0000000000            1.0537834167
   3732.0000000000            1.0542021990
   3733.0000000000            1.0545815229
   3734.0000000000            1.0549232960
   3735.0000000000            1.0552306175
   3736.0000000000            1.0555057526
   3737.0000000000            1.0557502508
   3738.0000000000            1.0559663773
   3739.0000000000            1.0561563969
   3740.0000000000            1.0563210249
   3741.0000000000            1.0564633608
   3742.0000000000            1.0565838814
   3743.0000000000            1.0566843748
   3744.0000000000            1.0567660332
   3745.0000000000            1.0568299294
   3746.0000000000            1.0568780899
   3747.0000000000            1.0569106340
   3748.0000000000            1.0569289923
   3749.0000000000            1.0569339991
   3750.0000000000            1.0569263697
   3751.0000000000            1.0569074154
   3752.0000000000            1.0568774939
   3753.0000000000            1.0568372011
   3754.0000000000            1.0567877293
   3755.0000000000            1.0567283630
   3756.0000000000            1.0566614866
   3757.0000000000            1.0565865040
   3758.0000000000            1.0565041304
   3759.0000000000            1.0564148426
   3760.0000000000            1.0563189983
   3761.0000000000            1.0562168360
   3762.0000000000            1.0561093092
   3763.0000000000            1.0559961796
   3764.0000000000            1.0558778048
   3765.0000000000            1.0557549000
   3766.0000000000            1.0556275845
   3767.0000000000            1.0554956198
   3768.0000000000            1.0553599596
   3769.0000000000            1.0552201271
   3770.0000000000            1.0550767183
   3771.0000000000            1.0549306870
   3772.0000000000            1.0547800064
   3773.0000000000            1.0546269417
   3774.0000000000            1.0544710159
   3775.0000000000            1.0543118715
   3776.0000000000            1.0541497469
   3777.0000000000            1.0539845228
   3778.0000000000            1.0538166761
   3779.0000000000            1.0536457300
   3780.0000000000            1.0534716845
   3781.0000000000            1.0532944202
   3782.0000000000            1.0531136990
   3783.0000000000            1.0529296398
   3784.0000000000            1.0527423620
   3785.0000000000            1.0525501966
   3786.0000000000            1.0523540974
   3787.0000000000            1.0521527529
   3788.0000000000            1.0519469976
   3789.0000000000            1.0517358780
   3790.0000000000            1.0515183210
   3791.0000000000            1.0512942076
   3792.0000000000            1.0510630608
   3793.0000000000            1.0508247614
   3794.0000000000            1.0505781174
   3795.0000000000            1.0503225327
   3796.0000000000            1.0500574112
   3797.0000000000            1.0497825146
   3798.0000000000            1.0494968891
   3799.0000000000            1.0491997004
   3800.0000000000            1.0488903522
   3801.0000000000            1.0485687256
   3802.0000000000            1.0482335091
   3803.0000000000            1.0478848219
   3804.0000000000            1.0475223064
   3805.0000000000            1.0471446514
   3806.0000000000            1.0467526913
   3807.0000000000            1.0463453531
   3808.0000000000            1.0459226370
   3809.0000000000            1.0454845428
   3810.0000000000            1.0450309515
   3811.0000000000            1.0445625782
   3812.0000000000            1.0440796614
   3813.0000000000            1.0435818434
   3814.0000000000            1.0430709124
   3815.0000000000            1.0425467491
   3816.0000000000            1.0420106649
   3817.0000000000            1.0414642096
   3818.0000000000            1.0409083366
   3819.0000000000            1.0403444767
   3820.0000000000            1.0397745371
   3821.0000000000            1.0392001867
   3822.0000000000            1.0386234522
   3823.0000000000            1.0380461216
   3824.0000000000            1.0374712944
   3825.0000000000            1.0369007587
   3826.0000000000            1.0363371372
   3827.0000000000            1.0357835293
   3828.0000000000            1.0352423191
   3829.0000000000            1.0347163677
   3830.0000000000            1.0342086554
   3831.0000000000            1.0337213278
   3832.0000000000            1.0332580805
   3833.0000000000            1.0328205824
   3834.0000000000            1.0324120522
   3835.0000000000            1.0320349932
   3836.0000000000            1.0316911936
   3837.0000000000            1.0313831568
   3838.0000000000            1.0311123133
   3839.0000000000            1.0308803320
   3840.0000000000            1.0306882858
   3841.0000000000            1.0305365324
   3842.0000000000            1.0304259062
   3843.0000000000            1.0303555727
   3844.0000000000            1.0303250551
   3845.0000000000            1.0303331614
   3846.0000000000            1.0303778648
   3847.0000000000            1.0304565430
   3848.0000000000            1.0305658579
   3849.0000000000            1.0307022333
   3850.0000000000            1.0308609009
   3851.0000000000            1.0310364962
   3852.0000000000            1.0312224627
   3853.0000000000            1.0314121246
   3854.0000000000            1.0315983295
   3855.0000000000            1.0317717791
   3856.0000000000            1.0319235325
   3857.0000000000            1.0320435762
   3858.0000000000            1.0321210623
   3859.0000000000            1.0321445465
   3860.0000000000            1.0321018696
   3861.0000000000            1.0319801569
   3862.0000000000            1.0317656994
   3863.0000000000            1.0314447880
   3864.0000000000            1.0310024023
   3865.0000000000            1.0304237604
   3866.0000000000            1.0296931267
   3867.0000000000            1.0287947655
   3868.0000000000            1.0277129412
   3869.0000000000            1.0264309645
   3870.0000000000            1.0249322653
   3871.0000000000            1.0232012272
   3872.0000000000            1.0212206841
   3873.0000000000            1.0189747810
   3874.0000000000            1.0164475441
   3875.0000000000            1.0136233568
   3876.0000000000            1.0104870796
   3877.0000000000            1.0070238113
   3878.0000000000            1.0032197237
   3879.0000000000            0.9990615249
   3880.0000000000            0.9945360422
   3881.0000000000            0.9896320105
   3882.0000000000            0.9843384027
   3883.0000000000            0.9786456227
   3884.0000000000            0.9725447297
   3885.0000000000            0.9660283327
   3886.0000000000            0.9590901732
   3887.0000000000            0.9517251253
   3888.0000000000            0.9439293742
   3889.0000000000            0.9357004762
   3890.0000000000            0.9270376563
   3891.0000000000            0.9179412723
   3892.0000000000            0.9084129333
   3893.0000000000            0.8984560966
   3894.0000000000            0.8880754113
   3895.0000000000            0.8772771358
   3896.0000000000            0.8660688400
   3897.0000000000            0.8544593453
   3898.0000000000            0.8424590230
   3899.0000000000            0.8300798535
   3900.0000000000            0.8173343539
   3901.0000000000            0.8042371869
   3902.0000000000            0.7908033729
   3903.0000000000            0.7770495415
   3904.0000000000            0.7629932165
   3905.0000000000            0.7486530542
   3906.0000000000            0.7340481877
   3907.0000000000            0.7191991210
   3908.0000000000            0.7041265965
   3909.0000000000            0.6888521910
   3910.0000000000            0.6733981967
   3911.0000000000            0.6577870846
   3912.0000000000            0.6420417428
   3913.0000000000            0.6261852980
   3914.0000000000            0.6102411747
   3915.0000000000            0.5942326188
   3916.0000000000            0.5781833529
   3917.0000000000            0.5621162653
   3918.0000000000            0.5460546017
   3919.0000000000            0.5300210118
   3920.0000000000            0.5140380263
   3921.0000000000            0.4981274605
   3922.0000000000            0.4823106527
   3923.0000000000            0.4666085243
   3924.0000000000            0.4510410726
   3925.0000000000            0.4356276691
   3926.0000000000            0.4203870595
   3927.0000000000            0.4053369164
   3928.0000000000            0.3904940486
   3929.0000000000            0.3758744895
   3930.0000000000            0.3614931405
   3931.0000000000            0.3473640382
   3932.0000000000            0.3335001767
   3933.0000000000            0.3199134171
   3934.0000000000            0.3066147566
   3935.0000000000            0.2936139703
   3936.0000000000            0.2809200287
   3937.0000000000            0.2685405016
   3938.0000000000            0.2564822435
   3939.0000000000            0.2447508723
   3940.0000000000            0.2333511561
   3941.0000000000            0.2222867310
   3942.0000000000            0.2115603685
   3943.0000000000            0.2011738718
   3944.0000000000            0.1911281794
   3945.0000000000            0.1814232916
   3946.0000000000            0.1720584333
   3947.0000000000            0.1630320400
   3948.0000000000            0.1543417275
   3949.0000000000            0.1459845304
   3950.0000000000            0.1379566640
   3951.0000000000            0.1302538514
   3952.0000000000            0.1228712052
   3953.0000000000            0.1158032343
   3954.0000000000            0.1090440676
   3955.0000000000            0.1025873572
   3956.0000000000            0.0964262933
   3957.0000000000            0.0905538350
   3958.0000000000            0.0849625468
   3959.0000000000            0.0796447620
   3960.0000000000            0.0745925680
   3961.0000000000            0.0697979033
   3962.0000000000            0.0652525201
   3963.0000000000            0.0609480999
   3964.0000000000            0.0568762161
   3965.0000000000            0.0530284122
   3966.0000000000            0.0493962131
   3967.0000000000            0.0459711924
   3968.0000000000            0.0427449383
   3969.0000000000            0.0397091135
   3970.0000000000            0.0368554853
   3971.0000000000            0.0341759287
   3972.0000000000            0.0316624567
   3973.0000000000            0.0293072332
   3974.0000000000            0.0271025915
   3975.0000000000            0.0250410456
   3976.0000000000            0.0231153052
   3977.0000000000            0.0213182829
   3978.0000000000            0.0196431018
   3979.0000000000            0.0180831067
   3980.0000000000            0.0166318696
   3981.0000000000            0.0152831953
   3982.0000000000            0.0140311103
   3983.0000000000            0.0128698843
   3984.0000000000            0.0117940232
   3985.0000000000            0.0107982615
   3986.0000000000            0.0098775728
   3987.0000000000            0.0090271588
   3988.0000000000            0.0082424497
   3989.0000000000            0.0075190989
   3990.0000000000            0.0068529816
   3991.0000000000            0.0062401844
   3992.0000000000            0.0056770076
   3993.0000000000            0.0051599503
   3994.0000000000            0.0046857125
   3995.0000000000            0.0042511811
   3996.0000000000            0.0038534310
   3997.0000000000            0.0034897104
   3998.0000000000            0.0031574399
   3999.0000000000            0.0028542005
   4000.0000000000            0.0025777309
   4001.0000000000            0.0023259183
   4002.0000000000            0.0020967904
   4003.0000000000            0.0018885096
   4004.0000000000            0.0016993661
   4005.0000000000            0.0015277711
   4006.0000000000            0.0013722498
   4007.0000000000            0.0012314353
   4008.0000000000            0.0011040622
   4009.0000000000            0.0009889605
   4010.0000000000            0.0008850499
   4011.0000000000            0.0007913344
   4012.0000000000            0.0007068964
   4013.0000000000            0.0006308917
   4014.0000000000            0.0005625450
   4015.0000000000            0.0005011446
   4016.0000000000            0.0004460383
   4017.0000000000            0.0003966291
   4018.0000000000            0.0003523712
   4019.0000000000            0.0003127659
   4020.0000000000            0.0002773587
   4021.0000000000            0.0002457352
   4022.0000000000            0.0002175185
   4023.0000000000            0.0001923659
   4024.0000000000            0.0001699666
   4025.0000000000            0.0001500383
   4026.0000000000            0.0001323256
   4027.0000000000            0.0001165973
   4028.0000000000            0.0001026447
   4029.0000000000            0.0000902793
   4030.0000000000            0.0000793309
   4031.0000000000            0.0000696466
   4032.0000000000            0.0000610887
   4033.0000000000            0.0000535334
   4034.0000000000            0.0000468697
   4035.0000000000            0.0000409980
   4036.0000000000            0.0000358291
   4037.0000000000            0.0000312833
   4038.0000000000            0.0000272893
   4039.0000000000            0.0000237834
   4040.0000000000            0.0000207091
   4041.0000000000            0.0000180156
   4042.0000000000            0.0000156582
   4043.0000000000            0.0000135968
   4044.0000000000            0.0000117960
   4045.0000000000            0.0000102244
   4046.0000000000            0.0000088540
   4047.0000000000            0.0000076603
   4048.0000000000            0.0000066215
   4049.0000000000            0.0000057184
   4050.0000000000            0.0000049339
   4051.0000000000            0.0000042531
   4052.0000000000            0.0000036630
   4053.0000000000            0.0000031518
   4054.0000000000            0.0000027095
   4055.0000000000            0.0000023271
   4056.0000000000            0.0000019969
   4057.0000000000            0.0000017120
   4058.0000000000            0.0000014663
   4059.0000000000            0.0000012548
   4060.0000000000            0.0000010728
   4061.0000000000            0.0000009164
   4062.0000000000            0.0000007820
   4063.0000000000            0.0000006668
   4064.0000000000            0.0000005680
   4065.0000000000            0.0000004834
   4066.0000000000            0.0000004110
   4067.0000000000            0.0000003492
   4068.0000000000            0.0000002964
   4069.0000000000            0.0000002513
   4070.0000000000            0.0000002129
   4071.0000000000            0.0000001802
   4072.0000000000            0.0000001524
   4073.0000000000            0.0000001287
   4074.0000000000            0.0000001087
   4075.0000000000            0.0000000916
   4076.0000000000            0.0000000772
   4077.0000000000            0.0000000650
   4078.0000000000            0.0000000547
   4079.0000000000            0.0000000459
   4080.0000000000            0.0000000386
   4081.0000000000            0.0000000323
   4082.0000000000            0.0000000271
   4083.0000000000            0.0000000227
   4084.0000000000            0.0000000190
   4085.0000000000            0.0000000159
   4086.0000000000            0.0000000132
   4087.0000000000            0.0000000110
   4088.0000000000            0.0000000092
   4089.0000000000            0.0000000077
   4090.0000000000            0.0000000064
   4091.0000000000            0.0000000053
   4092.0000000000            0.0000000044
   4093.0000000000            0.0000000036
   4094.0000000000            0.0000000030
   4095.0000000000            0.0000000025
   4096.0000000000            0.0000000021
   4097.0000000000            0.0000000017
   4098.0000000000            0.0000000014
   4099.0000000000            0.0000000012
   4100.0000000000            0.0000000010
