   3600.0000000000            0.0014915001
   3601.0000000000            0.0018016638
   3602.0000000000            0.0021694279
   3603.0000000000            0.0026039984
   3604.0000000000            0.0031157539
   3605.0000000000            0.0037163428
   3606.0000000000            0.0044187745
   3607.0000000000            0.0052375104
   3608.0000000000            0.0061885417
   3609.0000000000            0.0072894683
   3610.0000000000            0.0085595585
   3611.0000000000            0.0100197922
   3612.0000000000            0.0116928918
   3613.0000000000            0.0136033390
   3614.0000000000            0.0157773383
   3615.0000000000            0.0182427857
   3616.0000000000            0.0210292004
   3617.0000000000            0.0241675898
   3618.0000000000            0.0276903287
   3619.0000000000            0.0316309594
   3620.0000000000            0.0360239930
   3621.0000000000            0.0409046151
   3622.0000000000            0.0463084094
   3623.0000000000            0.0522709824
   3624.0000000000            0.0588276275
   3625.0000000000            0.0660128668
   3626.0000000000            0.0738600492
   3627.0000000000            0.0824008957
   3628.0000000000            0.0916648507
   3629.0000000000            0.1016788706
   3630.0000000000            0.1124665961
   3631.0000000000            0.1240481064
   3632.0000000000            0.1364393383
   3633.0000000000            0.1496514976
   3634.0000000000            0.1636909246
   3635.0000000000            0.1785582751
   3636.0000000000            0.1942486465
   3637.0000000000            0.2107510269
   3638.0000000000            0.2280479819
   3639.0000000000            0.2461159974
   3640.0000000000            0.2649247646
   3641.0000000000            0.2844378650
   3642.0000000000            0.3046123385
   3643.0000000000            0.3253994286
   3644.0000000000            0.3467445970
   3645.0000000000            0.3685878813
   3646.0000000000            0.3908645213
   3647.0000000000            0.4135055244
   3648.0000000000            0.4364382625
   3649.0000000000            0.4595872462
   3650.0000000000            0.4828745723
   3651.0000000000            0.5062209964
   3652.0000000000            0.5295472741
   3653.0000000000            0.5527732372
   3654.0000000000            0.5758209229
   3655.0000000000            0.5986132026
   3656.0000000000            0.6210763454
   3657.0000000000            0.6431396604
   3658.0000000000            0.6647360921
   3659.0000000000            0.6858037114
   3660.0000000000            0.7062855959
   3661.0000000000            0.7261297107
   3662.0000000000            0.7452911139
   3663.0000000000            0.7637295127
   3664.0000000000            0.7814130187
   3665.0000000000            0.7983140349
   3666.0000000000            0.8144125342
   3667.0000000000            0.8296947479
   3668.0000000000            0.8441525698
   3669.0000000000            0.8577846885
   3670.0000000000            0.8705945015
   3671.0000000000            0.8825907707
   3672.0000000000            0.8937875628
   3673.0000000000            0.9042028785
   3674.0000000000            0.9138590693
   3675.0000000000            0.9227809310
   3676.0000000000            0.9309968948
   3677.0000000000            0.9385378957
   3678.0000000000            0.9454361796
   3679.0000000000            0.9517254829
   3680.0000000000            0.9574412107
   3681.0000000000            0.9626181722
   3682.0000000000            0.9672922492
   3683.0000000000            0.9714981914
   3684.0000000000            0.9752710462
   3685.0000000000            0.9786449671
   3686.0000000000            0.9816523194
   3687.0000000000            0.9843245149
   3688.0000000000            0.9866920114
   3689.0000000000            0.9887830615
   3690.0000000000            0.9906244278
   3691.0000000000            0.9922415018
   3692.0000000000            0.9936575294
   3693.0000000000            0.9948942065
   3694.0000000000            0.9959717393
   3695.0000000000            0.9969078898
   3696.0000000000            0.9977197051
   3697.0000000000            0.9984215498
   3698.0000000000            0.9990279675
   3699.0000000000            0.9995504022
   3700.0000000000            1.0000000000
   3701.0000000000            1.0003863573
   3702.0000000000            1.0007183552
   3703.0000000000            1.0010026693
   3704.0000000000            1.0012468100
   3705.0000000000            1.0014557838
   3706.0000000000            1.0016350746
   3707.0000000000            1.0017889738
   3708.0000000000            1.0019207001
   3709.0000000000            1.0020337105
   3710.0000000000            1.0021308661
   3711.0000000000            1.0022143126
   3712.0000000000            1.0022861958
   3713.0000000000            1.0023475885
   3714.0000000000            1.0024002790
   3715.0000000000            1.0024451017
   3716.0000000000            1.0024831295
   3717.0000000000            1.0025148392
   3718.0000000000            1.0025414228
   3719.0000000000            1.0025625229
   3720.0000000000            1.0025794506
   3721.0000000000            1.0025914907
   3722.0000000000            1.0025994778
   3723.0000000000            1.0026036501
   3724.0000000000            1.0026038885
   3725.0000000000            1.0026007891
   3726.0000000000            1.0025936365
   3727.0000000000            1.0025842190
   3728.0000000000            1.0025715828
   3729.0000000000            1.0025553703
   3730.0000000000            1.0025373697
   3731.0000000000            1.0025166273
   3732.0000000000            1.0024940968
   3733.0000000000            1.0024703741
   3734.0000000000            1.0024452209
   3735.0000000000            1.0024192333
   3736.0000000000            1.0023921728
   3737.0000000000            1.0023654699
   3738.0000000000            1.0023387671
   3739.0000000000            1.0023114681
   3740.0000000000            1.0022842884
   3741.0000000000            1.0022567511
   3742.0000000000            1.0022286177
   3743.0000000000            1.0021986961
   3744.0000000000            1.0021665096
   3745.0000000000            1.0021306276
   3746.0000000000            1.0020896196
   3747.0000000000            1.0020416975
   3748.0000000000            1.0019849539
   3749.0000000000            1.0019177198
   3750.0000000000            1.0018372536
   3751.0000000000            1.0017417669
   3752.0000000000            1.0016289949
   3753.0000000000            1.0014970303
   3754.0000000000            1.0013450384
   3755.0000000000            1.0011713505
   3756.0000000000            1.0009763241
   3757.0000000000            1.0007599592
   3758.0000000000            1.0005240440
   3759.0000000000            1.0002708435
   3760.0000000000            1.0000042915
   3761.0000000000            0.9997290373
   3762.0000000000            0.9994507432
   3763.0000000000            0.9991769791
   3764.0000000000            0.9989155531
   3765.0000000000            0.9986753464
   3766.0000000000            0.9984656572
   3767.0000000000            0.9982965589
   3768.0000000000            0.9981777668
   3769.0000000000            0.9981182218
   3770.0000000000            0.9981265664
   3771.0000000000            0.9982095361
   3772.0000000000            0.9983723760
   3773.0000000000            0.9986177087
   3774.0000000000            0.9989451766
   3775.0000000000            0.9993513227
   3776.0000000000            0.9998296499
   3777.0000000000            1.0003693104
   3778.0000000000            1.0009553432
   3779.0000000000            1.0015691519
   3780.0000000000            1.0021882057
   3781.0000000000            1.0027867556
   3782.0000000000            1.0033353567
   3783.0000000000            1.0038027763
   3784.0000000000            1.0041555166
   3785.0000000000            1.0043601990
   3786.0000000000            1.0043829679
   3787.0000000000            1.0041915178
   3788.0000000000            1.0037564039
   3789.0000000000            1.0030522346
   3790.0000000000            1.0020586252
   3791.0000000000            1.0007612705
   3792.0000000000            0.9991540313
   3793.0000000000            0.9972386956
   3794.0000000000            0.9950264692
   3795.0000000000            0.9925386906
   3796.0000000000            0.9898064137
   3797.0000000000            0.9868714213
   3798.0000000000            0.9837852716
   3799.0000000000            0.9806088805
   3800.0000000000            0.9774121642
   3801.0000000000            0.9742720723
   3802.0000000000            0.9712712169
   3803.0000000000            0.9684967995
   3804.0000000000            0.9660378695
   3805.0000000000            0.9639828205
   3806.0000000000            0.9624188542
   3807.0000000000            0.9614267945
   3808.0000000000            0.9610803723
   3809.0000000000            0.9614440799
   3810.0000000000            0.9625698328
   3811.0000000000            0.9644945860
   3812.0000000000            0.9672402143
   3813.0000000000            0.9708096385
   3814.0000000000            0.9751872420
   3815.0000000000            0.9803375006
   3816.0000000000            0.9862046242
   3817.0000000000            0.9927121401
   3818.0000000000            0.9997643232
   3819.0000000000            1.0072464943
   3820.0000000000            1.0150276423
   3821.0000000000            1.0229609013
   3822.0000000000            1.0308868885
   3823.0000000000            1.0386366844
   3824.0000000000            1.0460344553
   3825.0000000000            1.0529005527
   3826.0000000000            1.0590564013
   3827.0000000000            1.0643266439
   3828.0000000000            1.0685434341
   3829.0000000000            1.0715507269
   3830.0000000000            1.0732065439
   3831.0000000000            1.0733878613
   3832.0000000000            1.0719919205
   3833.0000000000            1.0689407587
   3834.0000000000            1.0641818047
   3835.0000000000            1.0576910973
   3836.0000000000            1.0494738817
   3837.0000000000            1.0395656824
   3838.0000000000            1.0280328989
   3839.0000000000            1.0149716139
   3840.0000000000            1.0005083084
   3841.0000000000            0.9847970009
   3842.0000000000            0.9680184722
   3843.0000000000            0.9503776431
   3844.0000000000            0.9321007729
   3845.0000000000            0.9134324193
   3846.0000000000            0.8946318030
   3847.0000000000            0.8759695292
   3848.0000000000            0.8577231765
   3849.0000000000            0.8401737213
   3850.0000000000            0.8236009479
   3851.0000000000            0.8082794547
   3852.0000000000            0.7944744229
   3853.0000000000            0.7824377418
   3854.0000000000            0.7724040747
   3855.0000000000            0.7645868659
   3856.0000000000            0.7591757178
   3857.0000000000            0.7563323975
   3858.0000000000            0.7561884522
   3859.0000000000            0.7588431239
   3860.0000000000            0.7643609047
   3861.0000000000            0.7727702856
   3862.0000000000            0.7840627432
   3863.0000000000            0.7981921434
   3864.0000000000            0.8150745034
   3865.0000000000            0.8345884681
   3866.0000000000            0.8565765619
   3867.0000000000            0.8808463812
   3868.0000000000            0.9071719050
   3869.0000000000            0.9352971315
   3870.0000000000            0.9649379253
   3871.0000000000            0.9957849979
   3872.0000000000            1.0275086164
   3873.0000000000            1.0597614050
   3874.0000000000            1.0921832323
   3875.0000000000            1.1244051456
   3876.0000000000            1.1560541391
   3877.0000000000            1.1867581606
   3878.0000000000            1.2161501646
   3879.0000000000            1.2438731194
   3880.0000000000            1.2695848942
   3881.0000000000            1.2929618359
   3882.0000000000            1.3137035370
   3883.0000000000            1.3315367699
   3884.0000000000            1.3462182283
   3885.0000000000            1.3575378656
   3886.0000000000            1.3653217554
   3887.0000000000            1.3694336414
   3888.0000000000            1.3697761297
   3889.0000000000            1.3662923574
   3890.0000000000            1.3589651585
   3891.0000000000            1.3478177786
   3892.0000000000            1.3329122066
   3893.0000000000            1.3143478632
   3894.0000000000            1.2922599316
   3895.0000000000            1.2668159008
   3896.0000000000            1.2382143736
   3897.0000000000            1.2066797018
   3898.0000000000            1.1724601984
   3899.0000000000            1.1358231306
   3900.0000000000            1.0970511436
   3901.0000000000            1.0564386845
   3902.0000000000            1.0142868757
   3903.0000000000            0.9709003568
   3904.0000000000            0.9265832305
   3905.0000000000            0.8816349506
   3906.0000000000            0.8363474011
   3907.0000000000            0.7910014987
   3908.0000000000            0.7458642125
   3909.0000000000            0.7011863589
   3910.0000000000            0.6572005153
   3911.0000000000            0.6141189933
   3912.0000000000            0.5721330047
   3913.0000000000            0.5314115882
   3914.0000000000            0.4921009839
   3915.0000000000            0.4543247819
   3916.0000000000            0.4181840420
   3917.0000000000            0.3837576509
   3918.0000000000            0.3511034846
   3919.0000000000            0.3202592134
   3920.0000000000            0.2912435532
   3921.0000000000            0.2640579045
   3922.0000000000            0.2386877686
   3923.0000000000            0.2151043266
   3924.0000000000            0.1932662874
   3925.0000000000            0.1731215119
   3926.0000000000            0.1546086520
   3927.0000000000            0.1376589537
   3928.0000000000            0.1221976876
   3929.0000000000            0.1081457064
   3930.0000000000            0.0954208672
   3931.0000000000            0.0839392841
   3932.0000000000            0.0736164600
   3933.0000000000            0.0643683448
   3934.0000000000            0.0561122298
   3935.0000000000            0.0487674884
   3936.0000000000            0.0422562547
   3937.0000000000            0.0365039036
   3938.0000000000            0.0314394832
   3939.0000000000            0.0269959830
   3940.0000000000            0.0231105667
   3941.0000000000            0.0197246727
   3942.0000000000            0.0167840496
   3943.0000000000            0.0142387319
   3944.0000000000            0.0120429695
   3945.0000000000            0.0101550864
   3946.0000000000            0.0085373148
   3947.0000000000            0.0071556107
   3948.0000000000            0.0059794299
   3949.0000000000            0.0049815048
   3950.0000000000            0.0041376054
   3951.0000000000            0.0034262990
   3952.0000000000            0.0028287144
   3953.0000000000            0.0023283092
   3954.0000000000            0.0019106446
   3955.0000000000            0.0015631724
   3956.0000000000            0.0012750332
   3957.0000000000            0.0010368689
   3958.0000000000            0.0008406474
   3959.0000000000            0.0006795033
   3960.0000000000            0.0005475919
   3961.0000000000            0.0004399569
   3962.0000000000            0.0003524121
   3963.0000000000            0.0002814358
   3964.0000000000            0.0002240761
   3965.0000000000            0.0001778686
   3966.0000000000            0.0001407638
   3967.0000000000            0.0001110632
   3968.0000000000            0.0000873649
   3969.0000000000            0.0000685160
   3970.0000000000            0.0000535715
   3971.0000000000            0.0000417604
   3972.0000000000            0.0000324550
   3973.0000000000            0.0000251471
   3974.0000000000            0.0000194259
   3975.0000000000            0.0000149610
   3976.0000000000            0.0000114876
   3977.0000000000            0.0000087940
   3978.0000000000            0.0000067117
   3979.0000000000            0.0000051069
   3980.0000000000            0.0000038742
   3981.0000000000            0.0000029301
   3982.0000000000            0.0000022094
   3983.0000000000            0.0000016610
   3984.0000000000            0.0000012449
   3985.0000000000            0.0000009302
   3986.0000000000            0.0000006930
   3987.0000000000            0.0000005147
   3988.0000000000            0.0000003811
   3989.0000000000            0.0000002814
   3990.0000000000            0.0000002071
   3991.0000000000            0.0000001520
   3992.0000000000            0.0000001112
   3993.0000000000            0.0000000811
   3994.0000000000            0.0000000590
   3995.0000000000            0.0000000428
   3996.0000000000            0.0000000309
   3997.0000000000            0.0000000223
   3998.0000000000            0.0000000160
   3999.0000000000            0.0000000115
   4000.0000000000            0.0000000082
   4001.0000000000            0.0000000058
   4002.0000000000            0.0000000041
   4003.0000000000            0.0000000029
   4004.0000000000            0.0000000021
   4005.0000000000            0.0000000015
   4006.0000000000            0.0000000010
   4007.0000000000            0.0000000007
   4008.0000000000            0.0000000005
   4009.0000000000            0.0000000003
   4010.0000000000            0.0000000002
   4011.0000000000            0.0000000002
   4012.0000000000            0.0000000001
   4013.0000000000            0.0000000001
   4014.0000000000            0.0000000001
   4015.0000000000            0.0000000000
   4016.0000000000            0.0000000000
   4017.0000000000            0.0000000000
   4018.0000000000            0.0000000000
   4019.0000000000            0.0000000000
   4020.0000000000            0.0000000000
   4021.0000000000            0.0000000000
   4022.0000000000            0.0000000000
   4023.0000000000            0.0000000000
   4024.0000000000            0.0000000000
   4025.0000000000            0.0000000000
   4026.0000000000            0.0000000000
   4027.0000000000            0.0000000000
   4028.0000000000            0.0000000000
   4029.0000000000            0.0000000000
   4030.0000000000            0.0000000000
   4031.0000000000            0.0000000000
   4032.0000000000            0.0000000000
   4033.0000000000            0.0000000000
   4034.0000000000            0.0000000000
   4035.0000000000            0.0000000000
   4036.0000000000            0.0000000000
   4037.0000000000            0.0000000000
   4038.0000000000            0.0000000000
   4039.0000000000            0.0000000000
   4040.0000000000            0.0000000000
   4041.0000000000            0.0000000000
   4042.0000000000            0.0000000000
   4043.0000000000            0.0000000000
   4044.0000000000            0.0000000000
   4045.0000000000            0.0000000000
   4046.0000000000            0.0000000000
   4047.0000000000            0.0000000000
   4048.0000000000            0.0000000000
   4049.0000000000            0.0000000000
   4050.0000000000            0.0000000000
   4051.0000000000            0.0000000000
   4052.0000000000            0.0000000000
   4053.0000000000            0.0000000000
   4054.0000000000            0.0000000000
   4055.0000000000            0.0000000000
   4056.0000000000            0.0000000000
   4057.0000000000            0.0000000000
   4058.0000000000            0.0000000000
   4059.0000000000            0.0000000000
   4060.0000000000            0.0000000000
   4061.0000000000            0.0000000000
   4062.0000000000            0.0000000000
   4063.0000000000            0.0000000000
   4064.0000000000            0.0000000000
   4065.0000000000            0.0000000000
   4066.0000000000            0.0000000000
   4067.0000000000            0.0000000000
   4068.0000000000            0.0000000000
   4069.0000000000            0.0000000000
   4070.0000000000            0.0000000000
   4071.0000000000            0.0000000000
   4072.0000000000            0.0000000000
   4073.0000000000            0.0000000000
   4074.0000000000            0.0000000000
   4075.0000000000            0.0000000000
   4076.0000000000            0.0000000000
   4077.0000000000            0.0000000000
   4078.0000000000            0.0000000000
   4079.0000000000            0.0000000000
   4080.0000000000            0.0000000000
   4081.0000000000            0.0000000000
   4082.0000000000            0.0000000000
   4083.0000000000            0.0000000000
   4084.0000000000            0.0000000000
   4085.0000000000            0.0000000000
   4086.0000000000            0.0000000000
   4087.0000000000            0.0000000000
   4088.0000000000            0.0000000000
   4089.0000000000            0.0000000000
   4090.0000000000            0.0000000000
   4091.0000000000            0.0000000000
   4092.0000000000            0.0000000000
   4093.0000000000            0.0000000000
   4094.0000000000            0.0000000000
   4095.0000000000            0.0000000000
   4096.0000000000            0.0000000000
   4097.0000000000            0.0000000000
   4098.0000000000            0.0000000000
   4099.0000000000            0.0000000000
   4100.0000000000            0.0000000000
