   3600.0000000000            0.0150521724
   3601.0000000000            0.0167643521
   3602.0000000000            0.0186405834
   3603.0000000000            0.0206928067
   3604.0000000000            0.0229333937
   3605.0000000000            0.0253751259
   3606.0000000000            0.0280311760
   3607.0000000000            0.0309150238
   3608.0000000000            0.0340404548
   3609.0000000000            0.0374214686
   3610.0000000000            0.0410722271
   3611.0000000000            0.0450069979
   3612.0000000000            0.0492400900
   3613.0000000000            0.0537857004
   3614.0000000000            0.0586579517
   3615.0000000000            0.0638706982
   3616.0000000000            0.0694374740
   3617.0000000000            0.0753713697
   3618.0000000000            0.0816849619
   3619.0000000000            0.0883901864
   3620.0000000000            0.0954982117
   3621.0000000000            0.1030194312
   3622.0000000000            0.1109631732
   3623.0000000000            0.1193376556
   3624.0000000000            0.1281501651
   3625.0000000000            0.1374064237
   3626.0000000000            0.1471109241
   3627.0000000000            0.1572666168
   3628.0000000000            0.1678749770
   3629.0000000000            0.1789357662
   3630.0000000000            0.1904470623
   3631.0000000000            0.2024052292
   3632.0000000000            0.2148046494
   3633.0000000000            0.2276380807
   3634.0000000000            0.2408961356
   3635.0000000000            0.2545678616
   3636.0000000000            0.2686400414
   3637.0000000000            0.2830979228
   3638.0000000000            0.2979246676
   3639.0000000000            0.3131016791
   3640.0000000000            0.3286087513
   3641.0000000000            0.3444238603
   3642.0000000000            0.3605234921
   3643.0000000000            0.3768827021
   3644.0000000000            0.3934750557
   3645.0000000000            0.4102729559
   3646.0000000000            0.4272476435
   3647.0000000000            0.4443693757
   3648.0000000000            0.4616079032
   3649.0000000000            0.4789320529
   3650.0000000000            0.4963102639
   3651.0000000000            0.5137105584
   3652.0000000000            0.5311011076
   3653.0000000000            0.5484496355
   3654.0000000000            0.5657250881
   3655.0000000000            0.5828956962
   3656.0000000000            0.5999309421
   3657.0000000000            0.6168008447
   3658.0000000000            0.6334762573
   3659.0000000000            0.6499294043
   3660.0000000000            0.6661331654
   3661.0000000000            0.6820622683
   3662.0000000000            0.6976926327
   3663.0000000000            0.7130017877
   3664.0000000000            0.7279685140
   3665.0000000000            0.7425742149
   3666.0000000000            0.7568010688
   3667.0000000000            0.7706335783
   3668.0000000000            0.7840579748
   3669.0000000000            0.7970629334
   3670.0000000000            0.8096383214
   3671.0000000000            0.8217757940
   3672.0000000000            0.8334695101
   3673.0000000000            0.8447151184
   3674.0000000000            0.8555095792
   3675.0000000000            0.8658527732
   3676.0000000000            0.8757448792
   3677.0000000000            0.8851889372
   3678.0000000000            0.8941884637
   3679.0000000000            0.9027487636
   3680.0000000000            0.9108768702
   3681.0000000000            0.9185799360
   3682.0000000000            0.9258675575
   3683.0000000000            0.9327492714
   3684.0000000000            0.9392362833
   3685.0000000000            0.9453400373
   3686.0000000000            0.9510725737
   3687.0000000000            0.9564468265
   3688.0000000000            0.9614760876
   3689.0000000000            0.9661744237
   3690.0000000000            0.9705556631
   3691.0000000000            0.9746333361
   3692.0000000000            0.9784221053
   3693.0000000000            0.9819360971
   3694.0000000000            0.9851896167
   3695.0000000000            0.9881960750
   3696.0000000000            0.9909698963
   3697.0000000000            0.9935241342
   3698.0000000000            0.9958720803
   3699.0000000000            0.9980266094
   3700.0000000000            1.0000000000
   3701.0000000000            1.0018043518
   3702.0000000000            1.0034513474
   3703.0000000000            1.0049518347
   3704.0000000000            1.0063163042
   3705.0000000000            1.0075554848
   3706.0000000000            1.0086779594
   3707.0000000000            1.0096936226
   3708.0000000000            1.0106102228
   3709.0000000000            1.0114364624
   3710.0000000000            1.0121793747
   3711.0000000000            1.0128463507
   3712.0000000000            1.0134438276
   3713.0000000000            1.0139781237
   3714.0000000000            1.0144542456
   3715.0000000000            1.0148777962
   3716.0000000000            1.0152535439
   3717.0000000000            1.0155864954
   3718.0000000000            1.0158801079
   3719.0000000000            1.0161383152
   3720.0000000000            1.0163643360
   3721.0000000000            1.0165612698
   3722.0000000000            1.0167319775
   3723.0000000000            1.0168793201
   3724.0000000000            1.0170050859
   3725.0000000000            1.0171121359
   3726.0000000000            1.0172014236
   3727.0000000000            1.0172750950
   3728.0000000000            1.0173346996
   3729.0000000000            1.0173811913
   3730.0000000000            1.0174161196
   3731.0000000000            1.0174401999
   3732.0000000000            1.0174551010
   3733.0000000000            1.0174609423
   3734.0000000000            1.0174589157
   3735.0000000000            1.0174492598
   3736.0000000000            1.0174332857
   3737.0000000000            1.0174106359
   3738.0000000000            1.0173825026
   3739.0000000000            1.0173492432
   3740.0000000000            1.0173112154
   3741.0000000000            1.0172684193
   3742.0000000000            1.0172213316
   3743.0000000000            1.0171709061
   3744.0000000000            1.0171166658
   3745.0000000000            1.0170594454
   3746.0000000000            1.0169987679
   3747.0000000000            1.0169354677
   3748.0000000000            1.0168691874
   3749.0000000000            1.0168013573
   3750.0000000000            1.0167304277
   3751.0000000000            1.0166574717
   3752.0000000000            1.0165824890
   3753.0000000000            1.0165054798
   3754.0000000000            1.0164260864
   3755.0000000000            1.0163444281
   3756.0000000000            1.0162608624
   3757.0000000000            1.0161746740
   3758.0000000000            1.0160852671
   3759.0000000000            1.0159929991
   3760.0000000000            1.0158970356
   3761.0000000000            1.0157973766
   3762.0000000000            1.0156925917
   3763.0000000000            1.0155830383
   3764.0000000000            1.0154671669
   3765.0000000000            1.0153447390
   3766.0000000000            1.0152150393
   3767.0000000000            1.0150766373
   3768.0000000000            1.0149296522
   3769.0000000000            1.0147725344
   3770.0000000000            1.0146045685
   3771.0000000000            1.0144252777
   3772.0000000000            1.0142333508
   3773.0000000000            1.0140286684
   3774.0000000000            1.0138103962
   3775.0000000000            1.0135784149
   3776.0000000000            1.0133323669
   3777.0000000000            1.0130726099
   3778.0000000000            1.0127991438
   3779.0000000000            1.0125126839
   3780.0000000000            1.0122138262
   3781.0000000000            1.0119040012
   3782.0000000000            1.0115846395
   3783.0000000000            1.0112576485
   3784.0000000000            1.0109250546
   3785.0000000000            1.0105893612
   3786.0000000000            1.0102536678
   3787.0000000000            1.0099215508
   3788.0000000000            1.0095956326
   3789.0000000000            1.0092802048
   3790.0000000000            1.0089790821
   3791.0000000000            1.0086964369
   3792.0000000000            1.0084363222
   3793.0000000000            1.0082029104
   3794.0000000000            1.0080006123
   3795.0000000000            1.0078330040
   3796.0000000000            1.0077036619
   3797.0000000000            1.0076158047
   3798.0000000000            1.0075725317
   3799.0000000000            1.0075758696
   3800.0000000000            1.0076272488
   3801.0000000000            1.0077273846
   3802.0000000000            1.0078761578
   3803.0000000000            1.0080718994
   3804.0000000000            1.0083127022
   3805.0000000000            1.0085948706
   3806.0000000000            1.0089142323
   3807.0000000000            1.0092641115
   3808.0000000000            1.0096375942
   3809.0000000000            1.0100265741
   3810.0000000000            1.0104216337
   3811.0000000000            1.0108113289
   3812.0000000000            1.0111840963
   3813.0000000000            1.0115269423
   3814.0000000000            1.0118265152
   3815.0000000000            1.0120681524
   3816.0000000000            1.0122373104
   3817.0000000000            1.0123182535
   3818.0000000000            1.0122958422
   3819.0000000000            1.0121551752
   3820.0000000000            1.0118814707
   3821.0000000000            1.0114607811
   3822.0000000000            1.0108801126
   3823.0000000000            1.0101275444
   3824.0000000000            1.0091928244
   3825.0000000000            1.0080676079
   3826.0000000000            1.0067459345
   3827.0000000000            1.0052236319
   3828.0000000000            1.0034990311
   3829.0000000000            1.0015741587
   3830.0000000000            0.9994527102
   3831.0000000000            0.9971427917
   3832.0000000000            0.9946547747
   3833.0000000000            0.9920027256
   3834.0000000000            0.9892039299
   3835.0000000000            0.9862791300
   3836.0000000000            0.9832519293
   3837.0000000000            0.9801491499
   3838.0000000000            0.9770004749
   3839.0000000000            0.9738383293
   3840.0000000000            0.9706977606
   3841.0000000000            0.9676147699
   3842.0000000000            0.9646285176
   3843.0000000000            0.9617785811
   3844.0000000000            0.9591050148
   3845.0000000000            0.9566490650
   3846.0000000000            0.9544510841
   3847.0000000000            0.9525511861
   3848.0000000000            0.9509875774
   3849.0000000000            0.9497973323
   3850.0000000000            0.9490145445
   3851.0000000000            0.9486708641
   3852.0000000000            0.9487938881
   3853.0000000000            0.9494076967
   3854.0000000000            0.9505318403
   3855.0000000000            0.9521808624
   3856.0000000000            0.9543637633
   3857.0000000000            0.9570846558
   3858.0000000000            0.9603406191
   3859.0000000000            0.9641236067
   3860.0000000000            0.9684183598
   3861.0000000000            0.9732037187
   3862.0000000000            0.9784517288
   3863.0000000000            0.9841284156
   3864.0000000000            0.9901930690
   3865.0000000000            0.9965991378
   3866.0000000000            1.0032939911
   3867.0000000000            1.0102199316
   3868.0000000000            1.0173134804
   3869.0000000000            1.0245071650
   3870.0000000000            1.0317293406
   3871.0000000000            1.0389041901
   3872.0000000000            1.0459537506
   3873.0000000000            1.0527976751
   3874.0000000000            1.0593538284
   3875.0000000000            1.0655397177
   3876.0000000000            1.0712718964
   3877.0000000000            1.0764687061
   3878.0000000000            1.0810495615
   3879.0000000000            1.0849355459
   3880.0000000000            1.0880515575
   3881.0000000000            1.0903254747
   3882.0000000000            1.0916893482
   3883.0000000000            1.0920804739
   3884.0000000000            1.0914418697
   3885.0000000000            1.0897219181
   3886.0000000000            1.0868760347
   3887.0000000000            1.0828660727
   3888.0000000000            1.0776612759
   3889.0000000000            1.0712383986
   3890.0000000000            1.0635818243
   3891.0000000000            1.0546835661
   3892.0000000000            1.0445436239
   3893.0000000000            1.0331698656
   3894.0000000000            1.0205773115
   3895.0000000000            1.0067890882
   3896.0000000000            0.9918351769
   3897.0000000000            0.9757527113
   3898.0000000000            0.9585853815
   3899.0000000000            0.9403829575
   3900.0000000000            0.9212006927
   3901.0000000000            0.9010996222
   3902.0000000000            0.8801447749
   3903.0000000000            0.8584056497
   3904.0000000000            0.8359550834
   3905.0000000000            0.8128687739
   3906.0000000000            0.7892245650
   3907.0000000000            0.7651020885
   3908.0000000000            0.7405819893
   3909.0000000000            0.7157451510
   3910.0000000000            0.6906722784
   3911.0000000000            0.6654433608
   3912.0000000000            0.6401371956
   3913.0000000000            0.6148305535
   3914.0000000000            0.5895980597
   3915.0000000000            0.5645114183
   3916.0000000000            0.5396395326
   3917.0000000000            0.5150476694
   3918.0000000000            0.4907971621
   3919.0000000000            0.4669455886
   3920.0000000000            0.4435461462
   3921.0000000000            0.4206476510
   3922.0000000000            0.3982942998
   3923.0000000000            0.3765257001
   3924.0000000000            0.3553769588
   3925.0000000000            0.3348783851
   3926.0000000000            0.3150557578
   3927.0000000000            0.2959303260
   3928.0000000000            0.2775189281
   3929.0000000000            0.2598342001
   3930.0000000000            0.2428845614
   3931.0000000000            0.2266746759
   3932.0000000000            0.2112054527
   3933.0000000000            0.1964743733
   3934.0000000000            0.1824756265
   3935.0000000000            0.1692005396
   3936.0000000000            0.1566376835
   3937.0000000000            0.1447731555
   3938.0000000000            0.1335908771
   3939.0000000000            0.1230728999
   3940.0000000000            0.1131995097
   3941.0000000000            0.1039496735
   3942.0000000000            0.0953010991
   3943.0000000000            0.0872305483
   3944.0000000000            0.0797141194
   3945.0000000000            0.0727273226
   3946.0000000000            0.0662453696
   3947.0000000000            0.0602433309
   3948.0000000000            0.0546962842
   3949.0000000000            0.0495794713
   3950.0000000000            0.0448684655
   3951.0000000000            0.0405392461
   3952.0000000000            0.0365683325
   3953.0000000000            0.0329328701
   3954.0000000000            0.0296107158
   3955.0000000000            0.0265804976
   3956.0000000000            0.0238216668
   3957.0000000000            0.0213145372
   3958.0000000000            0.0190403257
   3959.0000000000            0.0169811677
   3960.0000000000            0.0151201244
   3961.0000000000            0.0134411911
   3962.0000000000            0.0119292941
   3963.0000000000            0.0105702747
   3964.0000000000            0.0093508763
   3965.0000000000            0.0082587227
   3966.0000000000            0.0072822892
   3967.0000000000            0.0064108768
   3968.0000000000            0.0056345779
   3969.0000000000            0.0049442425
   3970.0000000000            0.0043314425
   3971.0000000000            0.0037884342
   3972.0000000000            0.0033081211
   3973.0000000000            0.0028840140
   3974.0000000000            0.0025101965
   3975.0000000000            0.0021812851
   3976.0000000000            0.0018923937
   3977.0000000000            0.0016390979
   3978.0000000000            0.0014174007
   3979.0000000000            0.0012236994
   3980.0000000000            0.0010547539
   3981.0000000000            0.0009076573
   3982.0000000000            0.0007798067
   3983.0000000000            0.0006688772
   3984.0000000000            0.0005727960
   3985.0000000000            0.0004897201
   3986.0000000000            0.0004180135
   3987.0000000000            0.0003562270
   3988.0000000000            0.0003030803
   3989.0000000000            0.0002574441
   3990.0000000000            0.0002183245
   3991.0000000000            0.0001848486
   3992.0000000000            0.0001562515
   3993.0000000000            0.0001318641
   3994.0000000000            0.0001111024
   3995.0000000000            0.0000934575
   3996.0000000000            0.0000784873
   3997.0000000000            0.0000658080
   3998.0000000000            0.0000550874
   3999.0000000000            0.0000460384
   4000.0000000000            0.0000384134
   4001.0000000000            0.0000319992
   4002.0000000000            0.0000266128
   4003.0000000000            0.0000220971
   4004.0000000000            0.0000183179
   4005.0000000000            0.0000151603
   4006.0000000000            0.0000125267
   4007.0000000000            0.0000103338
   4008.0000000000            0.0000085109
   4009.0000000000            0.0000069982
   4010.0000000000            0.0000057450
   4011.0000000000            0.0000047086
   4012.0000000000            0.0000038529
   4013.0000000000            0.0000031475
   4014.0000000000            0.0000025672
   4015.0000000000            0.0000020904
   4016.0000000000            0.0000016994
   4017.0000000000            0.0000013793
   4018.0000000000            0.0000011177
   4019.0000000000            0.0000009042
   4020.0000000000            0.0000007303
   4021.0000000000            0.0000005889
   4022.0000000000            0.0000004741
   4023.0000000000            0.0000003811
   4024.0000000000            0.0000003058
   4025.0000000000            0.0000002450
   4026.0000000000            0.0000001960
   4027.0000000000            0.0000001565
   4028.0000000000            0.0000001248
   4029.0000000000            0.0000000993
   4030.0000000000            0.0000000789
   4031.0000000000            0.0000000626
   4032.0000000000            0.0000000496
   4033.0000000000            0.0000000392
   4034.0000000000            0.0000000310
   4035.0000000000            0.0000000244
   4036.0000000000            0.0000000192
   4037.0000000000            0.0000000151
   4038.0000000000            0.0000000118
   4039.0000000000            0.0000000093
   4040.0000000000            0.0000000072
   4041.0000000000            0.0000000057
   4042.0000000000            0.0000000044
   4043.0000000000            0.0000000034
   4044.0000000000            0.0000000027
   4045.0000000000            0.0000000021
   4046.0000000000            0.0000000016
   4047.0000000000            0.0000000012
   4048.0000000000            0.0000000010
   4049.0000000000            0.0000000007
   4050.0000000000            0.0000000006
   4051.0000000000            0.0000000004
   4052.0000000000            0.0000000003
   4053.0000000000            0.0000000003
   4054.0000000000            0.0000000002
   4055.0000000000            0.0000000001
   4056.0000000000            0.0000000001
   4057.0000000000            0.0000000001
   4058.0000000000            0.0000000001
   4059.0000000000            0.0000000000
   4060.0000000000            0.0000000000
   4061.0000000000            0.0000000000
   4062.0000000000            0.0000000000
   4063.0000000000            0.0000000000
   4064.0000000000            0.0000000000
   4065.0000000000            0.0000000000
   4066.0000000000            0.0000000000
   4067.0000000000            0.0000000000
   4068.0000000000            0.0000000000
   4069.0000000000            0.0000000000
   4070.0000000000            0.0000000000
   4071.0000000000            0.0000000000
   4072.0000000000            0.0000000000
   4073.0000000000            0.0000000000
   4074.0000000000            0.0000000000
   4075.0000000000            0.0000000000
   4076.0000000000            0.0000000000
   4077.0000000000            0.0000000000
   4078.0000000000            0.0000000000
   4079.0000000000            0.0000000000
   4080.0000000000            0.0000000000
   4081.0000000000            0.0000000000
   4082.0000000000            0.0000000000
   4083.0000000000            0.0000000000
   4084.0000000000            0.0000000000
   4085.0000000000            0.0000000000
   4086.0000000000            0.0000000000
   4087.0000000000            0.0000000000
   4088.0000000000            0.0000000000
   4089.0000000000            0.0000000000
   4090.0000000000            0.0000000000
   4091.0000000000            0.0000000000
   4092.0000000000            0.0000000000
   4093.0000000000            0.0000000000
   4094.0000000000            0.0000000000
   4095.0000000000            0.0000000000
   4096.0000000000            0.0000000000
   4097.0000000000            0.0000000000
   4098.0000000000            0.0000000000
   4099.0000000000            0.0000000000
   4100.0000000000            0.0000000000
