   3600.0000000000            0.0000000000
   3601.0000000000            0.0000000000
   3602.0000000000            0.0000000000
   3603.0000000000            0.0000000000
   3604.0000000000            0.0000000000
   3605.0000000000            0.0000000000
   3606.0000000000            0.0000000000
   3607.0000000000            0.0000000000
   3608.0000000000            0.0000000000
   3609.0000000000            0.0000000000
   3610.0000000000            0.0000000000
   3611.0000000000            0.0000000001
   3612.0000000000            0.0000000002
   3613.0000000000            0.0000000006
   3614.0000000000            0.0000000016
   3615.0000000000            0.0000000042
   3616.0000000000            0.0000000107
   3617.0000000000            0.0000000267
   3618.0000000000            0.0000000650
   3619.0000000000            0.0000001544
   3620.0000000000            0.0000003580
   3621.0000000000            0.0000008093
   3622.0000000000            0.0000017844
   3623.0000000000            0.0000038374
   3624.0000000000            0.0000080494
   3625.0000000000            0.0000164703
   3626.0000000000            0.0000328760
   3627.0000000000            0.0000640215
   3628.0000000000            0.0001216402
   3629.0000000000            0.0002255119
   3630.0000000000            0.0004079851
   3631.0000000000            0.0007203533
   3632.0000000000            0.0012414296
   3633.0000000000            0.0020884676
   3634.0000000000            0.0034302159
   3635.0000000000            0.0055013411
   3636.0000000000            0.0086167045
   3637.0000000000            0.0131831486
   3638.0000000000            0.0197056551
   3639.0000000000            0.0287842527
   3640.0000000000            0.0410979949
   3641.0000000000            0.0573733076
   3642.0000000000            0.0783354715
   3643.0000000000            0.1046448871
   3644.0000000000            0.1368225515
   3645.0000000000            0.1751726419
   3646.0000000000            0.2197124213
   3647.0000000000            0.2701202929
   3648.0000000000            0.3257131875
   3649.0000000000            0.3854595721
   3650.0000000000            0.4480310678
   3651.0000000000            0.5118889809
   3652.0000000000            0.5753970146
   3653.0000000000            0.6369460225
   3654.0000000000            0.6950754523
   3655.0000000000            0.7485759258
   3656.0000000000            0.7965618968
   3657.0000000000            0.8385061026
   3658.0000000000            0.8742374778
   3659.0000000000            0.9039040804
   3660.0000000000            0.9279119968
   3661.0000000000            0.9468508363
   3662.0000000000            0.9614171386
   3663.0000000000            0.9723424911
   3664.0000000000            0.9803369641
   3665.0000000000            0.9860482216
   3666.0000000000            0.9900348186
   3667.0000000000            0.9927600622
   3668.0000000000            0.9945878386
   3669.0000000000            0.9957977533
   3670.0000000000            0.9965934753
   3671.0000000000            0.9971193671
   3672.0000000000            0.9974744320
   3673.0000000000            0.9977242947
   3674.0000000000            0.9979110956
   3675.0000000000            0.9980599880
   3676.0000000000            0.9981872439
   3677.0000000000            0.9983012080
   3678.0000000000            0.9984070659
   3679.0000000000            0.9985066056
   3680.0000000000            0.9986013770
   3681.0000000000            0.9986920953
   3682.0000000000            0.9987789392
   3683.0000000000            0.9988619685
   3684.0000000000            0.9989418983
   3685.0000000000            0.9990186095
   3686.0000000000            0.9990934134
   3687.0000000000            0.9991666079
   3688.0000000000            0.9992387295
   3689.0000000000            0.9993107319
   3690.0000000000            0.9993839264
   3691.0000000000            0.9994583726
   3692.0000000000            0.9995346665
   3693.0000000000            0.9996122718
   3694.0000000000            0.9996890426
   3695.0000000000            0.9997612238
   3696.0000000000            0.9998248219
   3697.0000000000            0.9998767376
   3698.0000000000            0.9999178648
   3699.0000000000            0.9999545813
   3700.0000000000            1.0000000000
   3701.0000000000            1.0000699759
   3702.0000000000            1.0001782179
   3703.0000000000            1.0003255606
   3704.0000000000            1.0004922152
   3705.0000000000            1.0006352663
   3706.0000000000            1.0006940365
   3707.0000000000            1.0006104708
   3708.0000000000            1.0003548861
   3709.0000000000            0.9999545217
   3710.0000000000            0.9995120764
   3711.0000000000            0.9991978407
   3712.0000000000            0.9992148280
   3713.0000000000            0.9997347593
   3714.0000000000            1.0008207560
   3715.0000000000            1.0023617744
   3716.0000000000            1.0040444136
   3717.0000000000            1.0053849220
   3718.0000000000            1.0058287382
   3719.0000000000            1.0049030781
   3720.0000000000            1.0023883581
   3721.0000000000            0.9984589815
   3722.0000000000            0.9937458038
   3723.0000000000            0.9892826676
   3724.0000000000            0.9863289595
   3725.0000000000            0.9860932231
   3726.0000000000            0.9894114137
   3727.0000000000            0.9964584112
   3728.0000000000            1.0065675974
   3729.0000000000            1.0182198286
   3730.0000000000            1.0292280912
   3731.0000000000            1.0370992422
   3732.0000000000            1.0395144224
   3733.0000000000            1.0348353386
   3734.0000000000            1.0225352049
   3735.0000000000            1.0034563541
   3736.0000000000            0.9798343182
   3737.0000000000            0.9550608993
   3738.0000000000            0.9332160950
   3739.0000000000            0.9184367657
   3740.0000000000            0.9142255187
   3741.0000000000            0.9228132367
   3742.0000000000            0.9446846247
   3743.0000000000            0.9783526063
   3744.0000000000            1.0204254389
   3745.0000000000            1.0659657717
   3746.0000000000            1.1090961695
   3747.0000000000            1.1437649727
   3748.0000000000            1.1645605564
   3749.0000000000            1.1674585342
   3750.0000000000            1.1503969431
   3751.0000000000            1.1136004925
   3752.0000000000            1.0596209764
   3753.0000000000            0.9930967689
   3754.0000000000            0.9202756286
   3755.0000000000            0.8483700752
   3756.0000000000            0.7848280072
   3757.0000000000            0.7365970016
   3758.0000000000            0.7094505429
   3759.0000000000            0.7074294686
   3760.0000000000            0.7324314117
   3761.0000000000            0.7839773893
   3762.0000000000            0.8591676950
   3763.0000000000            0.9528405070
   3764.0000000000            1.0579347610
   3765.0000000000            1.1660441160
   3766.0000000000            1.2681291103
   3767.0000000000            1.3553302288
   3768.0000000000            1.4198019505
   3769.0000000000            1.4554668665
   3770.0000000000            1.4586008787
   3771.0000000000            1.4281667471
   3772.0000000000            1.3658496141
   3773.0000000000            1.2758016586
   3774.0000000000            1.1641378403
   3775.0000000000            1.0382676125
   3776.0000000000            0.9061704278
   3777.0000000000            0.7757194042
   3778.0000000000            0.6541407108
   3779.0000000000            0.5476588607
   3780.0000000000            0.4613374472
   3781.0000000000            0.3990852833
   3782.0000000000            0.3637670875
   3783.0000000000            0.3573442996
   3784.0000000000            0.3809743822
   3785.0000000000            0.4350163043
   3786.0000000000            0.5189207196
   3787.0000000000            0.6310203671
   3788.0000000000            0.7682703137
   3789.0000000000            0.9260155559
   3790.0000000000            1.0978723764
   3791.0000000000            1.2758032084
   3792.0000000000            1.4504377842
   3793.0000000000            1.6116493940
   3794.0000000000            1.7493438721
   3795.0000000000            1.8543740511
   3796.0000000000            1.9194514751
   3797.0000000000            1.9399192333
   3798.0000000000            1.9142594337
   3799.0000000000            1.8442529440
   3800.0000000000            1.7347562313
   3801.0000000000            1.5931360722
   3802.0000000000            1.4284442663
   3803.0000000000            1.2504630089
   3804.0000000000            1.0687577724
   3805.0000000000            0.8918639421
   3806.0000000000            0.7266960740
   3807.0000000000            0.5782304406
   3808.0000000000            0.4494540989
   3809.0000000000            0.3415474296
   3810.0000000000            0.2542314827
   3811.0000000000            0.1862096190
   3812.0000000000            0.1356350780
   3813.0000000000            0.1005503908
   3814.0000000000            0.0792626366
   3815.0000000000            0.0706352443
   3816.0000000000            0.0742881820
   3817.0000000000            0.0907044560
   3818.0000000000            0.1212406084
   3819.0000000000            0.1680360287
   3820.0000000000            0.2338136137
   3821.0000000000            0.3215658665
   3822.0000000000            0.4341282547
   3823.0000000000            0.5736572742
   3824.0000000000            0.7410531640
   3825.0000000000            0.9353899360
   3826.0000000000            1.1534365416
   3827.0000000000            1.3893638849
   3828.0000000000            1.6347246170
   3829.0000000000            1.8787691593
   3830.0000000000            2.1091136932
   3831.0000000000            2.3127212524
   3832.0000000000            2.4770963192
   3833.0000000000            2.5915439129
   3834.0000000000            2.6483192444
   3835.0000000000            2.6434926987
   3836.0000000000            2.5774004459
   3837.0000000000            2.4546055794
   3838.0000000000            2.2833764553
   3839.0000000000            2.0747671127
   3840.0000000000            1.8414381742
   3841.0000000000            1.5963972807
   3842.0000000000            1.3518259525
   3843.0000000000            1.1181411743
   3844.0000000000            0.9033758640
   3845.0000000000            0.7129126787
   3846.0000000000            0.5495410562
   3847.0000000000            0.4137709737
   3848.0000000000            0.3043097854
   3849.0000000000            0.2186089307
   3850.0000000000            0.1533967853
   3851.0000000000            0.1051384956
   3852.0000000000            0.0703894123
   3853.0000000000            0.0460323207
   3854.0000000000            0.0294078011
   3855.0000000000            0.0183579661
   3856.0000000000            0.0112087261
   3857.0000000000            0.0067151766
   3858.0000000000            0.0039908015
   3859.0000000000            0.0024361215
   3860.0000000000            0.0016772650
   3861.0000000000            0.0015208015
   3862.0000000000            0.0019283382
   3863.0000000000            0.0030126972
   3864.0000000000            0.0050566187
   3865.0000000000            0.0085542817
   3866.0000000000            0.0142748412
   3867.0000000000            0.0233451054
   3868.0000000000            0.0373448990
   3869.0000000000            0.0584034994
   3870.0000000000            0.0892791152
   3871.0000000000            0.1333965361
   3872.0000000000            0.1948126554
   3873.0000000000            0.2780776620
   3874.0000000000            0.3879635334
   3875.0000000000            0.5290434957
   3876.0000000000            0.7051274180
   3877.0000000000            0.9185852408
   3878.0000000000            1.1696258783
   3879.0000000000            1.4556273222
   3880.0000000000            1.7706351280
   3881.0000000000            2.1051526070
   3882.0000000000            2.4463229179
   3883.0000000000            2.7785592079
   3884.0000000000            3.0846166611
   3885.0000000000            3.3470206261
   3886.0000000000            3.5496966839
   3887.0000000000            3.6795930862
   3888.0000000000            3.7280695438
   3889.0000000000            3.6918482780
   3890.0000000000            3.5733816624
   3891.0000000000            3.3805749416
   3892.0000000000            3.1259171963
   3893.0000000000            2.8251402378
   3894.0000000000            2.4956185818
   3895.0000000000            2.1547260284
   3896.0000000000            1.8183672428
   3897.0000000000            1.4998463392
   3898.0000000000            1.2091708183
   3899.0000000000            0.9528053999
   3900.0000000000            0.7338315845
   3901.0000000000            0.5524134636
   3902.0000000000            0.4064506292
   3903.0000000000            0.2922987938
   3904.0000000000            0.2054574490
   3905.0000000000            0.1411537528
   3906.0000000000            0.0947847888
   3907.0000000000            0.0622100420
   3908.0000000000            0.0399078242
   3909.0000000000            0.0250225328
   3910.0000000000            0.0153348707
   3911.0000000000            0.0091855386
   3912.0000000000            0.0053778021
   3913.0000000000            0.0030773771
   3914.0000000000            0.0017212037
   3915.0000000000            0.0009409347
   3916.0000000000            0.0005027619
   3917.0000000000            0.0002625674
   3918.0000000000            0.0001340279
   3919.0000000000            0.0000668690
   3920.0000000000            0.0000326085
   3921.0000000000            0.0000155422
   3922.0000000000            0.0000072405
   3923.0000000000            0.0000032969
   3924.0000000000            0.0000014673
   3925.0000000000            0.0000006383
   3926.0000000000            0.0000002714
   3927.0000000000            0.0000001128
   3928.0000000000            0.0000000458
   3929.0000000000            0.0000000182
   3930.0000000000            0.0000000071
   3931.0000000000            0.0000000027
   3932.0000000000            0.0000000010
   3933.0000000000            0.0000000004
   3934.0000000000            0.0000000001
   3935.0000000000            0.0000000000
   3936.0000000000            0.0000000000
   3937.0000000000            0.0000000000
   3938.0000000000            0.0000000000
   3939.0000000000            0.0000000000
   3940.0000000000            0.0000000000
   3941.0000000000            0.0000000000
   3942.0000000000            0.0000000000
   3943.0000000000            0.0000000000
   3944.0000000000            0.0000000000
   3945.0000000000            0.0000000000
   3946.0000000000            0.0000000000
   3947.0000000000            0.0000000000
   3948.0000000000            0.0000000000
   3949.0000000000            0.0000000000
   3950.0000000000            0.0000000000
   3951.0000000000            0.0000000000
   3952.0000000000            0.0000000000
   3953.0000000000            0.0000000000
   3954.0000000000            0.0000000000
   3955.0000000000            0.0000000000
   3956.0000000000            0.0000000000
   3957.0000000000            0.0000000000
   3958.0000000000            0.0000000000
   3959.0000000000            0.0000000000
   3960.0000000000            0.0000000000
   3961.0000000000            0.0000000000
   3962.0000000000            0.0000000000
   3963.0000000000            0.0000000000
   3964.0000000000            0.0000000000
   3965.0000000000            0.0000000000
   3966.0000000000            0.0000000000
   3967.0000000000            0.0000000000
   3968.0000000000            0.0000000000
   3969.0000000000            0.0000000000
   3970.0000000000            0.0000000000
   3971.0000000000            0.0000000000
   3972.0000000000            0.0000000000
   3973.0000000000            0.0000000000
   3974.0000000000            0.0000000000
   3975.0000000000            0.0000000000
   3976.0000000000            0.0000000000
   3977.0000000000            0.0000000000
   3978.0000000000            0.0000000000
   3979.0000000000            0.0000000000
   3980.0000000000            0.0000000000
   3981.0000000000            0.0000000000
   3982.0000000000            0.0000000000
   3983.0000000000            0.0000000000
   3984.0000000000            0.0000000000
   3985.0000000000            0.0000000000
   3986.0000000000            0.0000000000
   3987.0000000000            0.0000000000
   3988.0000000000            0.0000000000
   3989.0000000000            0.0000000000
   3990.0000000000            0.0000000000
   3991.0000000000            0.0000000000
   3992.0000000000            0.0000000000
   3993.0000000000            0.0000000000
   3994.0000000000            0.0000000000
   3995.0000000000            0.0000000000
   3996.0000000000            0.0000000000
   3997.0000000000            0.0000000000
   3998.0000000000            0.0000000000
   3999.0000000000            0.0000000000
   4000.0000000000            0.0000000000
   4001.0000000000            0.0000000000
   4002.0000000000            0.0000000000
   4003.0000000000            0.0000000000
   4004.0000000000            0.0000000000
   4005.0000000000            0.0000000000
   4006.0000000000            0.0000000000
   4007.0000000000            0.0000000000
   4008.0000000000            0.0000000000
   4009.0000000000            0.0000000000
   4010.0000000000            0.0000000000
   4011.0000000000            0.0000000000
   4012.0000000000            0.0000000000
   4013.0000000000            0.0000000000
   4014.0000000000            0.0000000000
   4015.0000000000            0.0000000000
   4016.0000000000            0.0000000000
   4017.0000000000            0.0000000000
   4018.0000000000            0.0000000000
   4019.0000000000            0.0000000000
   4020.0000000000            0.0000000000
   4021.0000000000            0.0000000000
   4022.0000000000            0.0000000000
   4023.0000000000            0.0000000000
   4024.0000000000            0.0000000000
   4025.0000000000            0.0000000000
   4026.0000000000            0.0000000000
   4027.0000000000            0.0000000000
   4028.0000000000            0.0000000000
   4029.0000000000            0.0000000000
   4030.0000000000            0.0000000000
   4031.0000000000            0.0000000000
   4032.0000000000            0.0000000000
   4033.0000000000            0.0000000000
   4034.0000000000            0.0000000000
   4035.0000000000            0.0000000000
   4036.0000000000            0.0000000000
   4037.0000000000            0.0000000000
   4038.0000000000            0.0000000000
   4039.0000000000            0.0000000000
   4040.0000000000            0.0000000000
   4041.0000000000            0.0000000000
   4042.0000000000            0.0000000000
   4043.0000000000            0.0000000000
   4044.0000000000            0.0000000000
   4045.0000000000            0.0000000000
   4046.0000000000            0.0000000000
   4047.0000000000            0.0000000000
   4048.0000000000            0.0000000000
   4049.0000000000            0.0000000000
   4050.0000000000            0.0000000000
   4051.0000000000            0.0000000000
   4052.0000000000            0.0000000000
   4053.0000000000            0.0000000000
   4054.0000000000            0.0000000000
   4055.0000000000            0.0000000000
   4056.0000000000            0.0000000000
   4057.0000000000            0.0000000000
   4058.0000000000            0.0000000000
   4059.0000000000            0.0000000000
   4060.0000000000            0.0000000000
   4061.0000000000            0.0000000000
   4062.0000000000            0.0000000000
   4063.0000000000            0.0000000000
   4064.0000000000            0.0000000000
   4065.0000000000            0.0000000000
   4066.0000000000            0.0000000000
   4067.0000000000            0.0000000000
   4068.0000000000            0.0000000000
   4069.0000000000            0.0000000000
   4070.0000000000            0.0000000000
   4071.0000000000            0.0000000000
   4072.0000000000            0.0000000000
   4073.0000000000            0.0000000000
   4074.0000000000            0.0000000000
   4075.0000000000            0.0000000000
   4076.0000000000            0.0000000000
   4077.0000000000            0.0000000000
   4078.0000000000            0.0000000000
   4079.0000000000            0.0000000000
   4080.0000000000            0.0000000000
   4081.0000000000            0.0000000000
   4082.0000000000            0.0000000000
   4083.0000000000            0.0000000000
   4084.0000000000            0.0000000000
   4085.0000000000            0.0000000000
   4086.0000000000            0.0000000000
   4087.0000000000            0.0000000000
   4088.0000000000            0.0000000000
   4089.0000000000            0.0000000000
   4090.0000000000            0.0000000000
   4091.0000000000            0.0000000000
   4092.0000000000            0.0000000000
   4093.0000000000            0.0000000000
   4094.0000000000            0.0000000000
   4095.0000000000            0.0000000000
   4096.0000000000            0.0000000000
   4097.0000000000            0.0000000000
   4098.0000000000            0.0000000000
   4099.0000000000            0.0000000000
   4100.0000000000            0.0000000000
