1897.0000000000            3.8582921028
1898.0000000000            3.8576023579
1899.0000000000            3.8569118977
1900.0000000000            3.8562204838
1901.0000000000            3.8555288315
1902.0000000000            3.8548364639
1903.0000000000            3.8541431427
1904.0000000000            3.8534493446
1905.0000000000            3.8527548313
1906.0000000000            3.8520598412
1907.0000000000            3.8513638973
1908.0000000000            3.8506674767
1909.0000000000            3.8499705791
1910.0000000000            3.8492727280
1911.0000000000            3.8485741615
1912.0000000000            3.8478753567
1913.0000000000            3.8471755981
1914.0000000000            3.8464751244
1915.0000000000            3.8457741737
1916.0000000000            3.8450725079
1917.0000000000            3.8443701267
1918.0000000000            3.8436670303
1919.0000000000            3.8429634571
1920.0000000000            3.8422591686
1921.0000000000            3.8415541649
1922.0000000000            3.8408484459
1923.0000000000            3.8401422501
1924.0000000000            3.8394353390
1925.0000000000            3.8387274742
1926.0000000000            3.8380193710
1927.0000000000            3.8373105526
1928.0000000000            3.8366010189
1929.0000000000            3.8358905315
1930.0000000000            3.8351798058
1931.0000000000            3.8344683647
1932.0000000000            3.8337562084
1933.0000000000            3.8330433369
1934.0000000000            3.8323299885
1935.0000000000            3.8316154480
1936.0000000000            3.8309009075
1937.0000000000            3.8301856518
1938.0000000000            3.8294694424
1939.0000000000            3.8287527561
1940.0000000000            3.8280351162
1941.0000000000            3.8273172379
1942.0000000000            3.8265984058
1943.0000000000            3.8258793354
1944.0000000000            3.8251590729
1945.0000000000            3.8244383335
1946.0000000000            3.8237171173
1947.0000000000            3.8229951859
1948.0000000000            3.8222727776
1949.0000000000            3.8215494156
1950.0000000000            3.8208253384
1951.0000000000            3.8201010227
1952.0000000000            3.8193757534
1953.0000000000            3.8186500072
1954.0000000000            3.8179233074
1955.0000000000            3.8171961308
1956.0000000000            3.8164684772
1957.0000000000            3.8157401085
1958.0000000000            3.8150107861
1959.0000000000            3.8142812252
1960.0000000000            3.8135507107
1961.0000000000            3.8128199577
1962.0000000000            3.8120882511
1963.0000000000            3.8113558292
1964.0000000000            3.8106229305
1965.0000000000            3.8098893166
1966.0000000000            3.8091549873
1967.0000000000            3.8084201813
1968.0000000000            3.8076846600
1969.0000000000            3.8069486618
1970.0000000000            3.8062117100
1971.0000000000            3.8054742813
1972.0000000000            3.8047361374
1973.0000000000            3.8039975166
1974.0000000000            3.8032579422
1975.0000000000            3.8025181293
1976.0000000000            3.8017773628
1977.0000000000            3.8010361195
1978.0000000000            3.8002939224
1979.0000000000            3.7995514870
1980.0000000000            3.7988080978
1981.0000000000            3.7980644703
1982.0000000000            3.7973201275
1983.0000000000            3.7965745926
1984.0000000000            3.7958290577
1985.0000000000            3.7950825691
1986.0000000000            3.7943353653
1987.0000000000            3.7935876846
1988.0000000000            3.7928395271
1989.0000000000            3.7920906544
1990.0000000000            3.7913405895
1991.0000000000            3.7905905247
1992.0000000000            3.7898395061
1993.0000000000            3.7890880108
1994.0000000000            3.7883360386
1995.0000000000            3.7875831127
1996.0000000000            3.7868297100
1997.0000000000            3.7860755920
1998.0000000000            3.7853209972
1999.0000000000            3.7845654488
2000.0000000000            3.7838094234
2001.0000000000            3.7830529213
2002.0000000000            3.7822959423
2003.0000000000            3.7815377712
2004.0000000000            3.7807793617
2005.0000000000            3.7800202370
2006.0000000000            3.7792603970
2007.0000000000            3.7784998417
2008.0000000000            3.7777390480
2009.0000000000            3.7769770622
2010.0000000000            3.7762150764
2011.0000000000            3.7754521370
2012.0000000000            3.7746884823
2013.0000000000            3.7739243507
2014.0000000000            3.7731595039
2015.0000000000            3.7723939419
2016.0000000000            3.7716276646
2017.0000000000            3.7708611488
2018.0000000000            3.7700936794
2019.0000000000            3.7693257332
2020.0000000000            3.7685570717
2021.0000000000            3.7677879333
2022.0000000000            3.7670183182
2023.0000000000            3.7662477493
2024.0000000000            3.7654764652
2025.0000000000            3.7647049427
2026.0000000000            3.7639324665
2027.0000000000            3.7631592751
2028.0000000000            3.7623858452
2029.0000000000            3.7616117001
2030.0000000000            3.7608366013
2031.0000000000            3.7600612640
2032.0000000000            3.7592849731
2033.0000000000            3.7585084438
2034.0000000000            3.7577309608
2035.0000000000            3.7569530010
2036.0000000000            3.7561743259
2037.0000000000            3.7553951740
2038.0000000000            3.7546150684
2039.0000000000            3.7538349628
2040.0000000000            3.7530536652
2041.0000000000            3.7522716522
2042.0000000000            3.7514896393
2043.0000000000            3.7507066727
2044.0000000000            3.7499227524
2045.0000000000            3.7491385937
2046.0000000000            3.7483539581
2047.0000000000            3.7475683689
2048.0000000000            3.7467823029
2049.0000000000            3.7459957600
2050.0000000000            3.7452082634
2051.0000000000            3.7444202900
2052.0000000000            3.7436318398
2053.0000000000            3.7428426743
2054.0000000000            3.7420530319
2055.0000000000            3.7412624359
2056.0000000000            3.7404713631
2057.0000000000            3.7396798134
2058.0000000000            3.7388875484
2059.0000000000            3.7380948067
2060.0000000000            3.7373011112
2061.0000000000            3.7365069389
2062.0000000000            3.7357122898
2063.0000000000            3.7349171638
2064.0000000000            3.7341210842
2065.0000000000            3.7333245277
2066.0000000000            3.7325272560
2067.0000000000            3.7317295074
2068.0000000000            3.7309310436
2069.0000000000            3.7301321030
2070.0000000000            3.7293324471
2071.0000000000            3.7285320759
2072.0000000000            3.7277314663
2073.0000000000            3.7269299030
2074.0000000000            3.7261276245
2075.0000000000            3.7253251076
2076.0000000000            3.7245218754
2077.0000000000            3.7237179279
2078.0000000000            3.7229135036
2079.0000000000            3.7221083641
2080.0000000000            3.7213025093
2081.0000000000            3.7204959393
2082.0000000000            3.7196893692
2083.0000000000            3.7188816071
2084.0000000000            3.7180733681
2085.0000000000            3.7172646523
2086.0000000000            3.7164554596
2087.0000000000            3.7156453133
2088.0000000000            3.7148346901
2089.0000000000            3.7140233517
2090.0000000000            3.7132117748
2091.0000000000            3.7123992443
2092.0000000000            3.7115862370
2093.0000000000            3.7107727528
2094.0000000000            3.7099583149
2095.0000000000            3.7091436386
2096.0000000000            3.7083282471
2097.0000000000            3.7075121403
2098.0000000000            3.7066953182
2099.0000000000            3.7058782578
2100.0000000000            3.7050604820
2101.0000000000            3.7042419910
2102.0000000000            3.7034230232
2103.0000000000            3.7026033401
2104.0000000000            3.7017829418
2105.0000000000            3.7009623051
2106.0000000000            3.7001404762
2107.0000000000            3.6993186474
2108.0000000000            3.6984961033
2109.0000000000            3.6976728439
2110.0000000000            3.6968488693
2111.0000000000            3.6960244179
2112.0000000000            3.6951994896
2113.0000000000            3.6943736076
2114.0000000000            3.6935474873
2115.0000000000            3.6927206516
2116.0000000000            3.6918931007
2117.0000000000            3.6910650730
2118.0000000000            3.6902365685
2119.0000000000            3.6894073486
2120.0000000000            3.6885774136
2121.0000000000            3.6877472401
2122.0000000000            3.6869161129
2123.0000000000            3.6860845089
2124.0000000000            3.6852524281
2125.0000000000            3.6844196320
2126.0000000000            3.6835863590
2127.0000000000            3.6827523708
2128.0000000000            3.6819176674
2129.0000000000            3.6810824871
2130.0000000000            3.6802465916
2131.0000000000            3.6794104576
2132.0000000000            3.6785733700
2133.0000000000            3.6777358055
2134.0000000000            3.6768977642
2135.0000000000            3.6760592461
2136.0000000000            3.6752197742
2137.0000000000            3.6743800640
2138.0000000000            3.6735394001
2139.0000000000            3.6726984978
2140.0000000000            3.6718571186
2141.0000000000            3.6710147858
2142.0000000000            3.6701717377
2143.0000000000            3.6693284512
2144.0000000000            3.6684844494
2145.0000000000            3.6676399708
2146.0000000000            3.6667947769
2147.0000000000            3.6659491062
2148.0000000000            3.6651027203
2149.0000000000            3.6642558575
2150.0000000000            3.6634082794
2151.0000000000            3.6625602245
2152.0000000000            3.6617116928
2153.0000000000            3.6608624458
2154.0000000000            3.6600124836
2155.0000000000            3.6591620445
2156.0000000000            3.6583113670
2157.0000000000            3.6574594975
2158.0000000000            3.6566076279
2159.0000000000            3.6557545662
2160.0000000000            3.6549012661
2161.0000000000            3.6540477276
2162.0000000000            3.6531929970
2163.0000000000            3.6523380280
2164.0000000000            3.6514825821
2165.0000000000            3.6506261826
2166.0000000000            3.6497693062
2167.0000000000            3.6489121914
2168.0000000000            3.6480541229
2169.0000000000            3.6471955776
2170.0000000000            3.6463367939
2171.0000000000            3.6454770565
2172.0000000000            3.6446168423
2173.0000000000            3.6437559128
2174.0000000000            3.6428945065
2175.0000000000            3.6420326233
2176.0000000000            3.6411700249
2177.0000000000            3.6403069496
2178.0000000000            3.6394433975
2179.0000000000            3.6385791302
2180.0000000000            3.6377143860
2181.0000000000            3.6368486881
2182.0000000000            3.6359829903
2183.0000000000            3.6351163387
2184.0000000000            3.6342494488
2185.0000000000            3.6333816051
2186.0000000000            3.6325132847
2187.0000000000            3.6316444874
2188.0000000000            3.6307749748
2189.0000000000            3.6299052238
2190.0000000000            3.6290347576
2191.0000000000            3.6281638145
2192.0000000000            3.6272919178
2193.0000000000            3.6264200211
2194.0000000000            3.6255471706
2195.0000000000            3.6246738434
2196.0000000000            3.6237998009
2197.0000000000            3.6229252815
2198.0000000000            3.6220502853
2199.0000000000            3.6211745739
2200.0000000000            3.6202986240
2201.0000000000            3.6194217205
2202.0000000000            3.6185445786
2203.0000000000            3.6176667213
2204.0000000000            3.6167881489
2205.0000000000            3.6159093380
2206.0000000000            3.6150298119
2207.0000000000            3.6141495705
2208.0000000000            3.6132688522
2209.0000000000            3.6123876572
2210.0000000000            3.6115059853
2211.0000000000            3.6106235981
2212.0000000000            3.6097407341
2213.0000000000            3.6088571548
2214.0000000000            3.6079733372
2215.0000000000            3.6070888042
2216.0000000000            3.6062035561
2217.0000000000            3.6053178310
2218.0000000000            3.6044316292
2219.0000000000            3.6035449505
2220.0000000000            3.6026573181
2221.0000000000            3.6017694473
2222.0000000000            3.6008810997
2223.0000000000            3.5999920368
2224.0000000000            3.5991024971
2225.0000000000            3.5982122421
2226.0000000000            3.5973217487
2227.0000000000            3.5964303017
2228.0000000000            3.5955386162
2229.0000000000            3.5946464539
2230.0000000000            3.5937533379
2231.0000000000            3.5928599834
2232.0000000000            3.5919659138
2233.0000000000            3.5910716057
2234.0000000000            3.5901765823
2235.0000000000            3.5892808437
2236.0000000000            3.5883846283
2237.0000000000            3.5874879360
2238.0000000000            3.5865907669
2239.0000000000            3.5856928825
2240.0000000000            3.5847945213
2241.0000000000            3.5838956833
2242.0000000000            3.5829961300
2243.0000000000            3.5820963383
2244.0000000000            3.5811958313
2245.0000000000            3.5802946091
2246.0000000000            3.5793929100
2247.0000000000            3.5784907341
2248.0000000000            3.5775878429
2249.0000000000            3.5766849518
2250.0000000000            3.5757811069
2251.0000000000            3.5748767853
2252.0000000000            3.5739717484
2253.0000000000            3.5730662346
2254.0000000000            3.5721602440
2255.0000000000            3.5712540150
2256.0000000000            3.5703468323
2257.0000000000            3.5694391727
2258.0000000000            3.5685312748
2259.0000000000            3.5676226616
2260.0000000000            3.5667133331
2261.0000000000            3.5658035278
2262.0000000000            3.5648932457
2263.0000000000            3.5639824867
2264.0000000000            3.5630712509
2265.0000000000            3.5621590614
2266.0000000000            3.5612468719
2267.0000000000            3.5603337288
2268.0000000000            3.5594203472
2269.0000000000            3.5585062504
2270.0000000000            3.5575919151
2271.0000000000            3.5566768646
2272.0000000000            3.5557610989
2273.0000000000            3.5548448563
2274.0000000000            3.5539281368
2275.0000000000            3.5530111790
2276.0000000000            3.5520932674
2277.0000000000            3.5511748791
2278.0000000000            3.5502562523
2279.0000000000            3.5493371487
2280.0000000000            3.5484170914
2281.0000000000            3.5474965572
2282.0000000000            3.5465757847
2283.0000000000            3.5456542969
2284.0000000000            3.5447323322
2285.0000000000            3.5438098907
2286.0000000000            3.5428867340
2287.0000000000            3.5419633389
2288.0000000000            3.5410392284
2289.0000000000            3.5401144028
2290.0000000000            3.5391893387
2291.0000000000            3.5382640362
2292.0000000000            3.5373375416
2293.0000000000            3.5364110470
2294.0000000000            3.5354838371
2295.0000000000            3.5345559120
2296.0000000000            3.5336279869
2297.0000000000            3.5326991081
2298.0000000000            3.5317697525
2299.0000000000            3.5308399200
2300.0000000000            3.5299096107
2301.0000000000            3.5289785862
2302.0000000000            3.5280475616
2303.0000000000            3.5271155834
2304.0000000000            3.5261831284
2305.0000000000            3.5252501965
2306.0000000000            3.5243167877
2307.0000000000            3.5233826637
2308.0000000000            3.5224483013
2309.0000000000            3.5215134621
2310.0000000000            3.5205776691
2311.0000000000            3.5196418762
2312.0000000000            3.5187053680
2313.0000000000            3.5177681446
2314.0000000000            3.5168309212
2315.0000000000            3.5158925056
2316.0000000000            3.5149543285
2317.0000000000            3.5140149593
2318.0000000000            3.5130753517
2319.0000000000            3.5121355057
2320.0000000000            3.5111947060
2321.0000000000            3.5102536678
2322.0000000000            3.5093119144
2323.0000000000            3.5083699226
2324.0000000000            3.5074272156
2325.0000000000            3.5064840317
2326.0000000000            3.5055403709
2327.0000000000            3.5045962334
2328.0000000000            3.5036513805
2329.0000000000            3.5027062893
2330.0000000000            3.5017607212
2331.0000000000            3.5008144379
2332.0000000000            3.4998676777
2333.0000000000            3.4989206791
2334.0000000000            3.4979729652
2335.0000000000            3.4970245361
2336.0000000000            3.4960758686
2337.0000000000            3.4951269627
2338.0000000000            3.4941768646
2339.0000000000            3.4932270050
2340.0000000000            3.4922761917
2341.0000000000            3.4913251400
2342.0000000000            3.4903731346
2343.0000000000            3.4894211292
2344.0000000000            3.4884684086
2345.0000000000            3.4875152111
2346.0000000000            3.4865615368
2347.0000000000            3.4856073856
2348.0000000000            3.4846527576
2349.0000000000            3.4836974144
2350.0000000000            3.4827418327
2351.0000000000            3.4817857742
2352.0000000000            3.4808290005
2353.0000000000            3.4798717499
2354.0000000000            3.4789142609
2355.0000000000            3.4779558182
2356.0000000000            3.4769976139
2357.0000000000            3.4760382175
2358.0000000000            3.4750785828
2359.0000000000            3.4741184711
2360.0000000000            3.4731578827
2361.0000000000            3.4721970558
2362.0000000000            3.4712352753
2363.0000000000            3.4702730179
2364.0000000000            3.4693105221
2365.0000000000            3.4683477879
2366.0000000000            3.4673841000
2367.0000000000            3.4664199352
2368.0000000000            3.4654555321
2369.0000000000            3.4644906521
2370.0000000000            3.4635250568
2371.0000000000            3.4625594616
2372.0000000000            3.4615929127
2373.0000000000            3.4606258869
2374.0000000000            3.4596583843
2375.0000000000            3.4586906433
2376.0000000000            3.4577221870
2377.0000000000            3.4567534924
2378.0000000000            3.4557843208
2379.0000000000            3.4548141956
2380.0000000000            3.4538438320
2381.0000000000            3.4528732300
2382.0000000000            3.4519019127
2383.0000000000            3.4509303570
2384.0000000000            3.4499580860
2385.0000000000            3.4489855766
2386.0000000000            3.4480123520
2387.0000000000            3.4470386505
2388.0000000000            3.4460644722
2389.0000000000            3.4450900555
2390.0000000000            3.4441151619
2391.0000000000            3.4431395531
2392.0000000000            3.4421634674
2393.0000000000            3.4411869049
2394.0000000000            3.4402098656
2395.0000000000            3.4392328262
2396.0000000000            3.4382548332
2397.0000000000            3.4372763634
2398.0000000000            3.4362976551
2399.0000000000            3.4353182316
2400.0000000000            3.4343385696
2401.0000000000            3.4333581924
2402.0000000000            3.4323775768
2403.0000000000            3.4313964844
2404.0000000000            3.4304149151
2405.0000000000            3.4294326305
2406.0000000000            3.4284498692
2407.0000000000            3.4274671078
2408.0000000000            3.4264833927
2409.0000000000            3.4254996777
2410.0000000000            3.4245152473
2411.0000000000            3.4235305786
2412.0000000000            3.4225449562
2413.0000000000            3.4215590954
2414.0000000000            3.4205729961
2415.0000000000            3.4195861816
2416.0000000000            3.4185991287
2417.0000000000            3.4176113605
2418.0000000000            3.4166231155
2419.0000000000            3.4156346321
2420.0000000000            3.4146456718
2421.0000000000            3.4136562347
2422.0000000000            3.4126663208
2423.0000000000            3.4116759300
2424.0000000000            3.4106848240
2425.0000000000            3.4096934795
2426.0000000000            3.4087018967
2427.0000000000            3.4077095985
2428.0000000000            3.4067168236
2429.0000000000            3.4057235718
2430.0000000000            3.4047300816
2431.0000000000            3.4037361145
2432.0000000000            3.4027416706
2433.0000000000            3.4017467499
2434.0000000000            3.4007511139
2435.0000000000            3.3997557163
2436.0000000000            3.3987591267
2437.0000000000            3.3977622986
2438.0000000000            3.3967652321
2439.0000000000            3.3957676888
2440.0000000000            3.3947694302
2441.0000000000            3.3937711716
2442.0000000000            3.3927719593
2443.0000000000            3.3917725086
2444.0000000000            3.3907725811
2445.0000000000            3.3897724152
2446.0000000000            3.3887715340
2447.0000000000            3.3877704144
2448.0000000000            3.3867688179
2449.0000000000            3.3857667446
2450.0000000000            3.3847641945
2451.0000000000            3.3837611675
2452.0000000000            3.3827579021
2453.0000000000            3.3817539215
2454.0000000000            3.3807497025
2455.0000000000            3.3797447681
2456.0000000000            3.3787398338
2457.0000000000            3.3777339458
2458.0000000000            3.3767280579
2459.0000000000            3.3757214546
2460.0000000000            3.3747146130
2461.0000000000            3.3737072945
2462.0000000000            3.3726992607
2463.0000000000            3.3716912270
2464.0000000000            3.3706827164
2465.0000000000            3.3696737289
2466.0000000000            3.3686637878
2467.0000000000            3.3676540852
2468.0000000000            3.3666436672
2469.0000000000            3.3656327724
2470.0000000000            3.3646216393
2471.0000000000            3.3636100292
2472.0000000000            3.3625979424
2473.0000000000            3.3615851402
2474.0000000000            3.3605723381
2475.0000000000            3.3595590591
2476.0000000000            3.3585450649
2477.0000000000            3.3575305939
2478.0000000000            3.3565161228
2479.0000000000            3.3555009365
2480.0000000000            3.3544855118
2481.0000000000            3.3534693718
2482.0000000000            3.3524532318
2483.0000000000            3.3514363766
2484.0000000000            3.3504190445
2485.0000000000            3.3494012356
2486.0000000000            3.3483834267
2487.0000000000            3.3473649025
2488.0000000000            3.3463459015
2489.0000000000            3.3453266621
2490.0000000000            3.3443069458
2491.0000000000            3.3432867527
2492.0000000000            3.3422660828
2493.0000000000            3.3412449360
2494.0000000000            3.3402235508
2495.0000000000            3.3392019272
2496.0000000000            3.3381795883
2497.0000000000            3.3371567726
2498.0000000000            3.3361337185
2499.0000000000            3.3351101875
2500.0000000000            3.3340864182
2501.0000000000            3.3330619335
2502.0000000000            3.3320372105
2503.0000000000            3.3310120106
2504.0000000000            3.3299863338
2505.0000000000            3.3289604187
2506.0000000000            3.3279342651
2507.0000000000            3.3269073963
2508.0000000000            3.3258800507
2509.0000000000            3.3248527050
2510.0000000000            3.3238244057
2511.0000000000            3.3227963448
2512.0000000000            3.3217673302
2513.0000000000            3.3207378387
2514.0000000000            3.3197083473
2515.0000000000            3.3186783791
2516.0000000000            3.3176479340
2517.0000000000            3.3166167736
2518.0000000000            3.3155856133
2519.0000000000            3.3145539761
2520.0000000000            3.3135218620
2521.0000000000            3.3124895096
2522.0000000000            3.3114564419
2523.0000000000            3.3104231358
2524.0000000000            3.3093895912
2525.0000000000            3.3083555698
2526.0000000000            3.3073210716
2527.0000000000            3.3062860966
2528.0000000000            3.3052508831
2529.0000000000            3.3042151928
2530.0000000000            3.3031792641
2531.0000000000            3.3021428585
2532.0000000000            3.3011057377
2533.0000000000            3.3000686169
2534.0000000000            3.2990310192
2535.0000000000            3.2979929447
2536.0000000000            3.2969546318
2537.0000000000            3.2959158421
2538.0000000000            3.2948763371
2539.0000000000            3.2938368320
2540.0000000000            3.2927970886
2541.0000000000            3.2917566299
2542.0000000000            3.2907156944
2543.0000000000            3.2896747589
2544.0000000000            3.2886328697
2545.0000000000            3.2875912189
2546.0000000000            3.2865486145
2547.0000000000            3.2855060101
2548.0000000000            3.2844629288
2549.0000000000            3.2834196091
2550.0000000000            3.2823755741
2551.0000000000            3.2813313007
2552.0000000000            3.2802865505
2553.0000000000            3.2792415619
2554.0000000000            3.2781963348
2555.0000000000            3.2771506310
2556.0000000000            3.2761044502
2557.0000000000            3.2750577927
2558.0000000000            3.2740108967
2559.0000000000            3.2729635239
2560.0000000000            3.2719159126
2561.0000000000            3.2708678246
2562.0000000000            3.2698194981
2563.0000000000            3.2687706947
2564.0000000000            3.2677214146
2565.0000000000            3.2666718960
2566.0000000000            3.2656219006
2567.0000000000            3.2645716667
2568.0000000000            3.2635207176
2569.0000000000            3.2624697685
2570.0000000000            3.2614183426
2571.0000000000            3.2603664398
2572.0000000000            3.2593142986
2573.0000000000            3.2582619190
2574.0000000000            3.2572088242
2575.0000000000            3.2561554909
2576.0000000000            3.2551021576
2577.0000000000            3.2540481091
2578.0000000000            3.2529935837
2579.0000000000            3.2519385815
2580.0000000000            3.2508835793
2581.0000000000            3.2498283386
2582.0000000000            3.2487723827
2583.0000000000            3.2477159500
2584.0000000000            3.2466595173
2585.0000000000            3.2456026077
2586.0000000000            3.2445452213
2587.0000000000            3.2434875965
2588.0000000000            3.2424297333
2589.0000000000            3.2413711548
2590.0000000000            3.2403125763
2591.0000000000            3.2392532825
2592.0000000000            3.2381937504
2593.0000000000            3.2371339798
2594.0000000000            3.2360737324
2595.0000000000            3.2350132465
2596.0000000000            3.2339525223
2597.0000000000            3.2328910828
2598.0000000000            3.2318294048
2599.0000000000            3.2307674885
2600.0000000000            3.2297053337
2601.0000000000            3.2286424637
2602.0000000000            3.2275793552
2603.0000000000            3.2265160084
2604.0000000000            3.2254521847
2605.0000000000            3.2243881226
2606.0000000000            3.2233238220
2607.0000000000            3.2222590446
2608.0000000000            3.2211937904
2609.0000000000            3.2201285362
2610.0000000000            3.2190628052
2611.0000000000            3.2179963589
2612.0000000000            3.2169296741
2613.0000000000            3.2158632278
2614.0000000000            3.2147958279
2615.0000000000            3.2137281895
2616.0000000000            3.2126603127
2617.0000000000            3.2115919590
2618.0000000000            3.2105233669
2619.0000000000            3.2094545364
2620.0000000000            3.2083852291
2621.0000000000            3.2073156834
2622.0000000000            3.2062456608
2623.0000000000            3.2051753998
2624.0000000000            3.2041049004
2625.0000000000            3.2030336857
2626.0000000000            3.2019624710
2627.0000000000            3.2008907795
2628.0000000000            3.1998188496
2629.0000000000            3.1987464428
2630.0000000000            3.1976740360
2631.0000000000            3.1966009140
2632.0000000000            3.1955273151
2633.0000000000            3.1944539547
2634.0000000000            3.1933798790
2635.0000000000            3.1923055649
2636.0000000000            3.1912307739
2637.0000000000            3.1901559830
2638.0000000000            3.1890807152
2639.0000000000            3.1880049706
2640.0000000000            3.1869289875
2641.0000000000            3.1858525276
2642.0000000000            3.1847758293
2643.0000000000            3.1836988926
2644.0000000000            3.1826217175
2645.0000000000            3.1815440655
2646.0000000000            3.1804659367
2647.0000000000            3.1793878078
2648.0000000000            3.1783092022
2649.0000000000            3.1772301197
2650.0000000000            3.1761510372
2651.0000000000            3.1750717163
2652.0000000000            3.1739919186
2653.0000000000            3.1729116440
2654.0000000000            3.1718311310
2655.0000000000            3.1707501411
2656.0000000000            3.1696689129
2657.0000000000            3.1685874462
2658.0000000000            3.1675057411
2659.0000000000            3.1664235592
2660.0000000000            3.1653411388
2661.0000000000            3.1642582417
2662.0000000000            3.1631753445
2663.0000000000            3.1620919704
2664.0000000000            3.1610081196
2665.0000000000            3.1599240303
2666.0000000000            3.1588399410
2667.0000000000            3.1577551365
2668.0000000000            3.1566700935
2669.0000000000            3.1555850506
2670.0000000000            3.1544992924
2671.0000000000            3.1534137726
2672.0000000000            3.1523272991
2673.0000000000            3.1512410641
2674.0000000000            3.1501543522
2675.0000000000            3.1490669250
2676.0000000000            3.1479794979
2677.0000000000            3.1468918324
2678.0000000000            3.1458039284
2679.0000000000            3.1447157860
2680.0000000000            3.1436269283
2681.0000000000            3.1425380707
2682.0000000000            3.1414487362
2683.0000000000            3.1403591633
2684.0000000000            3.1392693520
2685.0000000000            3.1381793022
2686.0000000000            3.1370887756
2687.0000000000            3.1359980106
2688.0000000000            3.1349070072
2689.0000000000            3.1338155270
2690.0000000000            3.1327240467
2691.0000000000            3.1316320896
2692.0000000000            3.1305398941
2693.0000000000            3.1294474602
2694.0000000000            3.1283545494
2695.0000000000            3.1272614002
2696.0000000000            3.1261680126
2697.0000000000            3.1250741482
2698.0000000000            3.1239805222
2699.0000000000            3.1228859425
2700.0000000000            3.1217916012
2701.0000000000            3.1206967831
2702.0000000000            3.1196012497
2703.0000000000            3.1185059547
2704.0000000000            3.1174101830
2705.0000000000            3.1163141727
2706.0000000000            3.1152181625
2707.0000000000            3.1141214371
2708.0000000000            3.1130244732
2709.0000000000            3.1119272709
2710.0000000000            3.1108300686
2711.0000000000            3.1097323895
2712.0000000000            3.1086339951
2713.0000000000            3.1075360775
2714.0000000000            3.1064374447
2715.0000000000            3.1053383350
2716.0000000000            3.1042394638
2717.0000000000            3.1031398773
2718.0000000000            3.1020402908
2719.0000000000            3.1009402275
2720.0000000000            3.0998399258
2721.0000000000            3.0987393856
2722.0000000000            3.0976386070
2723.0000000000            3.0965375900
2724.0000000000            3.0954360962
2725.0000000000            3.0943343639
2726.0000000000            3.0932326317
2727.0000000000            3.0921304226
2728.0000000000            3.0910279751
2729.0000000000            3.0899252892
2730.0000000000            3.0888221264
2731.0000000000            3.0877189636
2732.0000000000            3.0866155624
2733.0000000000            3.0855116844
2734.0000000000            3.0844075680
2735.0000000000            3.0833032131
2736.0000000000            3.0821986198
2737.0000000000            3.0810937881
2738.0000000000            3.0799887180
2739.0000000000            3.0788834095
2740.0000000000            3.0777776241
2741.0000000000            3.0766716003
2742.0000000000            3.0755653381
2743.0000000000            3.0744590759
2744.0000000000            3.0733523369
2745.0000000000            3.0722451210
2746.0000000000            3.0711379051
2747.0000000000            3.0700304508
2748.0000000000            3.0689227581
2749.0000000000            3.0678148270
2750.0000000000            3.0667064190
2751.0000000000            3.0655977726
2752.0000000000            3.0644891262
2753.0000000000            3.0633797646
2754.0000000000            3.0622704029
2755.0000000000            3.0611612797
2756.0000000000            3.0600512028
2757.0000000000            3.0589413643
2758.0000000000            3.0578310490
2759.0000000000            3.0567202568
2760.0000000000            3.0556094646
2761.0000000000            3.0544981956
2762.0000000000            3.0533869267
2763.0000000000            3.0522754192
2764.0000000000            3.0511634350
2765.0000000000            3.0500516891
2766.0000000000            3.0489389896
2767.0000000000            3.0478265285
2768.0000000000            3.0467135906
2769.0000000000            3.0456006527
2770.0000000000            3.0444872379
2771.0000000000            3.0433738232
2772.0000000000            3.0422599316
2773.0000000000            3.0411460400
2774.0000000000            3.0400316715
2775.0000000000            3.0389170647
2776.0000000000            3.0378022194
2777.0000000000            3.0366873741
2778.0000000000            3.0355720520
2779.0000000000            3.0344564915
2780.0000000000            3.0333409309
2781.0000000000            3.0322251320
2782.0000000000            3.0311088562
2783.0000000000            3.0299925804
2784.0000000000            3.0288758278
2785.0000000000            3.0277585983
2786.0000000000            3.0266416073
2787.0000000000            3.0255241394
2788.0000000000            3.0244064331
2789.0000000000            3.0232887268
2790.0000000000            3.0221707821
2791.0000000000            3.0210523605
2792.0000000000            3.0199339390
2793.0000000000            3.0188150406
2794.0000000000            3.0176961422
2795.0000000000            3.0165770054
2796.0000000000            3.0154573917
2797.0000000000            3.0143377781
2798.0000000000            3.0132181644
2799.0000000000            3.0120978355
2800.0000000000            3.0109775066
2801.0000000000            3.0098569393
2802.0000000000            3.0087361336
2803.0000000000            3.0076148510
2804.0000000000            3.0064935684
2805.0000000000            3.0053725243
2806.0000000000            3.0042505264
2807.0000000000            3.0031285286
2808.0000000000            3.0020067692
2809.0000000000            3.0008840561
2810.0000000000            2.9997615814
2811.0000000000            2.9986388683
2812.0000000000            2.9975156784
2813.0000000000            2.9963924885
2814.0000000000            2.9952692986
2815.0000000000            2.9941453934
2816.0000000000            2.9930217266
2817.0000000000            2.9918978214
2818.0000000000            2.9907732010
2819.0000000000            2.9896488190
2820.0000000000            2.9885241985
2821.0000000000            2.9873991013
2822.0000000000            2.9862740040
2823.0000000000            2.9851489067
2824.0000000000            2.9840233326
2825.0000000000            2.9828975201
2826.0000000000            2.9817714691
2827.0000000000            2.9806454182
2828.0000000000            2.9795188904
2829.0000000000            2.9783923626
2830.0000000000            2.9772655964
2831.0000000000            2.9761385918
2832.0000000000            2.9750115871
2833.0000000000            2.9738841057
2834.0000000000            2.9727563858
2835.0000000000            2.9716286659
2836.0000000000            2.9705004692
2837.0000000000            2.9693725109
2838.0000000000            2.9682440758
2839.0000000000            2.9671154022
2840.0000000000            2.9659867287
2841.0000000000            2.9648575783
2842.0000000000            2.9637284279
2843.0000000000            2.9625990391
2844.0000000000            2.9614694118
2845.0000000000            2.9603395462
2846.0000000000            2.9592096806
2847.0000000000            2.9580793381
2848.0000000000            2.9569489956
2849.0000000000            2.9558186531
2850.0000000000            2.9546875954
2851.0000000000            2.9535567760
2852.0000000000            2.9524257183
2853.0000000000            2.9512944221
2854.0000000000            2.9501628876
2855.0000000000            2.9490313530
2856.0000000000            2.9478993416
2857.0000000000            2.9467673302
2858.0000000000            2.9456350803
2859.0000000000            2.9445025921
2860.0000000000            2.9433698654
2861.0000000000            2.9422371387
2862.0000000000            2.9411041737
2863.0000000000            2.9399709702
2864.0000000000            2.9388377666
2865.0000000000            2.9377040863
2866.0000000000            2.9365701675
2867.0000000000            2.9354364872
2868.0000000000            2.9343025684
2869.0000000000            2.9331684113
2870.0000000000            2.9320337772
2871.0000000000            2.9308993816
2872.0000000000            2.9297645092
2873.0000000000            2.9286291599
2874.0000000000            2.9274940491
2875.0000000000            2.9263589382
2876.0000000000            2.9252233505
2877.0000000000            2.9240880013
2878.0000000000            2.9229521751
2879.0000000000            2.9218158722
2880.0000000000            2.9206798077
2881.0000000000            2.9195432663
2882.0000000000            2.9184069633
2883.0000000000            2.9172701836
2884.0000000000            2.9161334038
2885.0000000000            2.9149961472
2886.0000000000            2.9138591290
2887.0000000000            2.9127216339
2888.0000000000            2.9115843773
2889.0000000000            2.9104464054
2890.0000000000            2.9093086720
2891.0000000000            2.9081707001
2892.0000000000            2.9070324898
2893.0000000000            2.9058942795
2894.0000000000            2.9047558308
2895.0000000000            2.9036171436
2896.0000000000            2.9024784565
2897.0000000000            2.9013392925
2898.0000000000            2.9002003670
2899.0000000000            2.8990609646
2900.0000000000            2.8979215622
2901.0000000000            2.8967819214
2902.0000000000            2.8956420422
2903.0000000000            2.8945021629
2904.0000000000            2.8933620453
2905.0000000000            2.8922221661
2906.0000000000            2.8910813332
2907.0000000000            2.8899409771
2908.0000000000            2.8888003826
2909.0000000000            2.8876593113
2910.0000000000            2.8865184784
2911.0000000000            2.8853774071
2912.0000000000            2.8842360973
2913.0000000000            2.8830945492
2914.0000000000            2.8819532394
2915.0000000000            2.8808112144
2916.0000000000            2.8796691895
2917.0000000000            2.8785274029
2918.0000000000            2.8773853779
2919.0000000000            2.8762428761
2920.0000000000            2.8751003742
2921.0000000000            2.8739578724
2922.0000000000            2.8728153706
2923.0000000000            2.8716723919
2924.0000000000            2.8705291748
2925.0000000000            2.8693861961
2926.0000000000            2.8682425022
2927.0000000000            2.8670992851
2928.0000000000            2.8659558296
2929.0000000000            2.8648118973
2930.0000000000            2.8636679649
2931.0000000000            2.8625240326
2932.0000000000            2.8613798618
2933.0000000000            2.8602356911
2934.0000000000            2.8590915203
2935.0000000000            2.8579468727
2936.0000000000            2.8568019867
2937.0000000000            2.8556571007
2938.0000000000            2.8545122147
2939.0000000000            2.8533673286
2940.0000000000            2.8522222042
2941.0000000000            2.8510768414
2942.0000000000            2.8499312401
2943.0000000000            2.8487856388
2944.0000000000            2.8476402760
2945.0000000000            2.8464944363
2946.0000000000            2.8453481197
2947.0000000000            2.8442020416
2948.0000000000            2.8430559635
2949.0000000000            2.8419096470
2950.0000000000            2.8407633305
2951.0000000000            2.8396165371
2952.0000000000            2.8384699821
2953.0000000000            2.8373231888
2954.0000000000            2.8361759186
2955.0000000000            2.8350288868
2956.0000000000            2.8338818550
2957.0000000000            2.8327345848
2958.0000000000            2.8315873146
2959.0000000000            2.8304398060
2960.0000000000            2.8292920589
2961.0000000000            2.8281443119
2962.0000000000            2.8269963264
2963.0000000000            2.8258483410
2964.0000000000            2.8247001171
2965.0000000000            2.8235518932
2966.0000000000            2.8224036694
2967.0000000000            2.8212552071
2968.0000000000            2.8201065063
2969.0000000000            2.8189578056
2970.0000000000            2.8178091049
2971.0000000000            2.8166604042
2972.0000000000            2.8155112267
2973.0000000000            2.8143622875
2974.0000000000            2.8132128716
2975.0000000000            2.8120636940
2976.0000000000            2.8109140396
2977.0000000000            2.8097646236
2978.0000000000            2.8086149693
2979.0000000000            2.8074650764
2980.0000000000            2.8063154221
2981.0000000000            2.8051655293
2982.0000000000            2.8040153980
2983.0000000000            2.8028652668
2984.0000000000            2.8017148972
2985.0000000000            2.8005645275
2986.0000000000            2.7994143963
2987.0000000000            2.7982635498
2988.0000000000            2.7971129417
2989.0000000000            2.7959623337
2990.0000000000            2.7948114872
2991.0000000000            2.7936606407
2992.0000000000            2.7925095558
2993.0000000000            2.7913582325
2994.0000000000            2.7902071476
2995.0000000000            2.7890558243
2996.0000000000            2.7879042625
2997.0000000000            2.7867529392
2998.0000000000            2.7856011391
2999.0000000000            2.7844495773
3000.0000000000            2.7832980156
3001.0000000000            2.7821459770
3002.0000000000            2.7809939384
3003.0000000000            2.7798418999
3004.0000000000            2.7786900997
3005.0000000000            2.7775378227
3006.0000000000            2.7763853073
3007.0000000000            2.7752330303
3008.0000000000            2.7740805149
3009.0000000000            2.7729282379
3010.0000000000            2.7717754841
3011.0000000000            2.7706227303
3012.0000000000            2.7694699764
3013.0000000000            2.7683169842
3014.0000000000            2.7671642303
3015.0000000000            2.7660112381
3016.0000000000            2.7648580074
3017.0000000000            2.7637050152
3018.0000000000            2.7625517845
3019.0000000000            2.7613980770
3020.0000000000            2.7602448463
3021.0000000000            2.7590911388
3022.0000000000            2.7579376698
3023.0000000000            2.7567839622
3024.0000000000            2.7556304932
3025.0000000000            2.7544765472
3026.0000000000            2.7533226013
3027.0000000000            2.7521686554
3028.0000000000            2.7510147095
3029.0000000000            2.7498607635
3030.0000000000            2.7487065792
3031.0000000000            2.7475523949
3032.0000000000            2.7463982105
3033.0000000000            2.7452440262
3034.0000000000            2.7440893650
3035.0000000000            2.7429347038
3036.0000000000            2.7417802811
3037.0000000000            2.7406256199
3038.0000000000            2.7394711971
3039.0000000000            2.7383165359
3040.0000000000            2.7371616364
3041.0000000000            2.7360067368
3042.0000000000            2.7348518372
3043.0000000000            2.7336969376
3044.0000000000            2.7325417995
3045.0000000000            2.7313866615
3046.0000000000            2.7302317619
3047.0000000000            2.7290763855
3048.0000000000            2.7279210091
3049.0000000000            2.7267656326
3050.0000000000            2.7256104946
3051.0000000000            2.7244551182
3052.0000000000            2.7232995033
3053.0000000000            2.7221438885
3054.0000000000            2.7209885120
3055.0000000000            2.7198326588
3056.0000000000            2.7186770439
3057.0000000000            2.7175211906
3058.0000000000            2.7163653374
3059.0000000000            2.7152094841
3060.0000000000            2.7140536308
3061.0000000000            2.7128977776
3062.0000000000            2.7117419243
3063.0000000000            2.7105858326
3064.0000000000            2.7094297409
3065.0000000000            2.7082734108
3066.0000000000            2.7071173191
3067.0000000000            2.7059612274
3068.0000000000            2.7048048973
3069.0000000000            2.7036485672
3070.0000000000            2.7024922371
3071.0000000000            2.7013359070
3072.0000000000            2.7001793385
3073.0000000000            2.6990227699
3074.0000000000            2.6978662014
3075.0000000000            2.6967098713
3076.0000000000            2.6955533028
3077.0000000000            2.6943967342
3078.0000000000            2.6932399273
3079.0000000000            2.6920833588
3080.0000000000            2.6909265518
3081.0000000000            2.6897697449
3082.0000000000            2.6886129379
3083.0000000000            2.6874558926
3084.0000000000            2.6862990856
3085.0000000000            2.6851422787
3086.0000000000            2.6839854717
3087.0000000000            2.6828284264
3088.0000000000            2.6816713810
3089.0000000000            2.6805143356
3090.0000000000            2.6793572903
3091.0000000000            2.6782002449
3092.0000000000            2.6770431995
3093.0000000000            2.6758859158
3094.0000000000            2.6747288704
3095.0000000000            2.6735715866
3096.0000000000            2.6724143028
3097.0000000000            2.6712572575
3098.0000000000            2.6700999737
3099.0000000000            2.6689426899
3100.0000000000            2.6677854061
3101.0000000000            2.6666278839
3102.0000000000            2.6654706001
3103.0000000000            2.6643133163
3104.0000000000            2.6631557941
3105.0000000000            2.6619985104
3106.0000000000            2.6608412266
3107.0000000000            2.6596837044
3108.0000000000            2.6585261822
3109.0000000000            2.6573686600
3110.0000000000            2.6562111378
3111.0000000000            2.6550538540
3112.0000000000            2.6538960934
3113.0000000000            2.6527385712
3114.0000000000            2.6515810490
3115.0000000000            2.6504235268
3116.0000000000            2.6492660046
3117.0000000000            2.6481082439
3118.0000000000            2.6469507217
3119.0000000000            2.6457931995
3120.0000000000            2.6446354389
3121.0000000000            2.6434779167
3122.0000000000            2.6423203945
3123.0000000000            2.6411626339
3124.0000000000            2.6400051117
3125.0000000000            2.6388473511
3126.0000000000            2.6376898289
3127.0000000000            2.6365320683
3128.0000000000            2.6353745461
3129.0000000000            2.6342167854
3130.0000000000            2.6330590248
3131.0000000000            2.6319015026
3132.0000000000            2.6307437420
3133.0000000000            2.6295862198
3134.0000000000            2.6284284592
3135.0000000000            2.6272706985
3136.0000000000            2.6261131763
3137.0000000000            2.6249554157
3138.0000000000            2.6237978935
3139.0000000000            2.6226401329
3140.0000000000            2.6214823723
3141.0000000000            2.6203248501
3142.0000000000            2.6191670895
3143.0000000000            2.6180095673
3144.0000000000            2.6168518066
3145.0000000000            2.6156942844
3146.0000000000            2.6145367622
3147.0000000000            2.6133792400
3148.0000000000            2.6122214794
3149.0000000000            2.6110639572
3150.0000000000            2.6099064350
3151.0000000000            2.6087486744
3152.0000000000            2.6075913906
3153.0000000000            2.6064336300
3154.0000000000            2.6052761078
3155.0000000000            2.6041188240
3156.0000000000            2.6029613018
3157.0000000000            2.6018037796
3158.0000000000            2.6006462574
3159.0000000000            2.5994887352
3160.0000000000            2.5983314514
3161.0000000000            2.5971739292
3162.0000000000            2.5960166454
3163.0000000000            2.5948593616
3164.0000000000            2.5937018394
3165.0000000000            2.5925445557
3166.0000000000            2.5913872719
3167.0000000000            2.5902299881
3168.0000000000            2.5890727043
3169.0000000000            2.5879154205
3170.0000000000            2.5867583752
3171.0000000000            2.5856008530
3172.0000000000            2.5844438076
3173.0000000000            2.5832867622
3174.0000000000            2.5821294785
3175.0000000000            2.5809724331
3176.0000000000            2.5798153877
3177.0000000000            2.5786583424
3178.0000000000            2.5775012970
3179.0000000000            2.5763444901
3180.0000000000            2.5751876831
3181.0000000000            2.5740306377
3182.0000000000            2.5728738308
3183.0000000000            2.5717170238
3184.0000000000            2.5705602169
3185.0000000000            2.5694034100
3186.0000000000            2.5682463646
3187.0000000000            2.5670897961
3188.0000000000            2.5659332275
3189.0000000000            2.5647764206
3190.0000000000            2.5636200905
3191.0000000000            2.5624632835
3192.0000000000            2.5613067150
3193.0000000000            2.5601503849
3194.0000000000            2.5589940548
3195.0000000000            2.5578374863
3196.0000000000            2.5566811562
3197.0000000000            2.5555248260
3198.0000000000            2.5543687344
3199.0000000000            2.5532124043
3200.0000000000            2.5520560741
3201.0000000000            2.5508999825
3202.0000000000            2.5497438908
3203.0000000000            2.5485877991
3204.0000000000            2.5474317074
3205.0000000000            2.5462758541
3206.0000000000            2.5451197624
3207.0000000000            2.5439639091
3208.0000000000            2.5428080559
3209.0000000000            2.5416524410
3210.0000000000            2.5404968262
3211.0000000000            2.5393409729
3212.0000000000            2.5381853580
3213.0000000000            2.5370297432
3214.0000000000            2.5358743668
3215.0000000000            2.5347187519
3216.0000000000            2.5335633755
3217.0000000000            2.5324079990
3218.0000000000            2.5312526226
3219.0000000000            2.5300974846
3220.0000000000            2.5289423466
3221.0000000000            2.5277872086
3222.0000000000            2.5266320705
3223.0000000000            2.5254771709
3224.0000000000            2.5243220329
3225.0000000000            2.5231671333
3226.0000000000            2.5220122337
3227.0000000000            2.5208575726
3228.0000000000            2.5197029114
3229.0000000000            2.5185480118
3230.0000000000            2.5173935890
3231.0000000000            2.5162389278
3232.0000000000            2.5150845051
3233.0000000000            2.5139300823
3234.0000000000            2.5127758980
3235.0000000000            2.5116214752
3236.0000000000            2.5104672909
3237.0000000000            2.5093131065
3238.0000000000            2.5081591606
3239.0000000000            2.5070049763
3240.0000000000            2.5058512688
3241.0000000000            2.5046973228
3242.0000000000            2.5035433769
3243.0000000000            2.5023896694
3244.0000000000            2.5012362003
3245.0000000000            2.5000824928
3246.0000000000            2.4989290237
3247.0000000000            2.4977755547
3248.0000000000            2.4966223240
3249.0000000000            2.4954690933
3250.0000000000            2.4943156242
3251.0000000000            2.4931626320
3252.0000000000            2.4920094013
3253.0000000000            2.4908566475
3254.0000000000            2.4897036552
3255.0000000000            2.4885509014
3256.0000000000            2.4873981476
3257.0000000000            2.4862453938
3258.0000000000            2.4850928783
3259.0000000000            2.4839403629
3260.0000000000            2.4827878475
3261.0000000000            2.4816353321
3262.0000000000            2.4804832935
3263.0000000000            2.4793310165
3264.0000000000            2.4781789780
3265.0000000000            2.4770269394
3266.0000000000            2.4758751392
3267.0000000000            2.4747233391
3268.0000000000            2.4735713005
3269.0000000000            2.4724197388
3270.0000000000            2.4712681770
3271.0000000000            2.4701166153
3272.0000000000            2.4689652920
3273.0000000000            2.4678139687
3274.0000000000            2.4666628838
3275.0000000000            2.4655115604
3276.0000000000            2.4643607140
3277.0000000000            2.4632096291
3278.0000000000            2.4620587826
3279.0000000000            2.4609079361
3280.0000000000            2.4597573280
3281.0000000000            2.4586067200
3282.0000000000            2.4574561119
3283.0000000000            2.4563057423
3284.0000000000            2.4551556110
3285.0000000000            2.4540054798
3286.0000000000            2.4528551102
3287.0000000000            2.4517054558
3288.0000000000            2.4505555630
3289.0000000000            2.4494056702
3290.0000000000            2.4482557774
3291.0000000000            2.4471063614
3292.0000000000            2.4459567070
3293.0000000000            2.4448072910
3294.0000000000            2.4436581135
3295.0000000000            2.4425089359
3296.0000000000            2.4413597584
3297.0000000000            2.4402108192
3298.0000000000            2.4390621185
3299.0000000000            2.4379131794
3300.0000000000            2.4367644787
3301.0000000000            2.4356160164
3302.0000000000            2.4344675541
3303.0000000000            2.4333190918
3304.0000000000            2.4321711063
3305.0000000000            2.4310228825
3306.0000000000            2.4298748970
3307.0000000000            2.4287269115
3308.0000000000            2.4275791645
3309.0000000000            2.4264314175
3310.0000000000            2.4252839088
3311.0000000000            2.4241364002
3312.0000000000            2.4229888916
3313.0000000000            2.4218418598
3314.0000000000            2.4206948280
3315.0000000000            2.4195477962
3316.0000000000            2.4184007645
3317.0000000000            2.4172539711
3318.0000000000            2.4161074162
3319.0000000000            2.4149608612
3320.0000000000            2.4138143063
3321.0000000000            2.4126679897
3322.0000000000            2.4115219116
3323.0000000000            2.4103758335
3324.0000000000            2.4092299938
3325.0000000000            2.4080841541
3326.0000000000            2.4069383144
3327.0000000000            2.4057929516
3328.0000000000            2.4046473503
3329.0000000000            2.4035019875
3330.0000000000            2.4023568630
3331.0000000000            2.4012117386
3332.0000000000            2.4000668526
3333.0000000000            2.3989222050
3334.0000000000            2.3977773190
3335.0000000000            2.3966329098
3336.0000000000            2.3954882622
3337.0000000000            2.3943440914
3338.0000000000            2.3931999207
3339.0000000000            2.3920557499
3340.0000000000            2.3909118176
3341.0000000000            2.3897681236
3342.0000000000            2.3886244297
3343.0000000000            2.3874809742
3344.0000000000            2.3863375187
3345.0000000000            2.3851943016
3346.0000000000            2.3840510845
3347.0000000000            2.3829081059
3348.0000000000            2.3817653656
3349.0000000000            2.3806226254
3350.0000000000            2.3794798851
3351.0000000000            2.3783373833
3352.0000000000            2.3771951199
3353.0000000000            2.3760528564
3354.0000000000            2.3749110699
3355.0000000000            2.3737690449
3356.0000000000            2.3726272583
3357.0000000000            2.3714854717
3358.0000000000            2.3703441620
3359.0000000000            2.3692028522
3360.0000000000            2.3680615425
3361.0000000000            2.3669204712
3362.0000000000            2.3657796383
3363.0000000000            2.3646388054
3364.0000000000            2.3634982109
3365.0000000000            2.3623578548
3366.0000000000            2.3612174988
3367.0000000000            2.3600773811
3368.0000000000            2.3589372635
3369.0000000000            2.3577973843
3370.0000000000            2.3566575050
3371.0000000000            2.3555178642
3372.0000000000            2.3543784618
3373.0000000000            2.3532390594
3374.0000000000            2.3521001339
3375.0000000000            2.3509609699
3376.0000000000            2.3498222828
3377.0000000000            2.3486833572
3378.0000000000            2.3475451469
3379.0000000000            2.3464066982
3380.0000000000            2.3452684879
3381.0000000000            2.3441302776
3382.0000000000            2.3429923058
3383.0000000000            2.3418545723
3384.0000000000            2.3407168388
3385.0000000000            2.3395795822
3386.0000000000            2.3384423256
3387.0000000000            2.3373050690
3388.0000000000            2.3361680508
3389.0000000000            2.3350312710
3390.0000000000            2.3338944912
3391.0000000000            2.3327579498
3392.0000000000            2.3316216469
3393.0000000000            2.3304855824
3394.0000000000            2.3293495178
3395.0000000000            2.3282136917
3396.0000000000            2.3270778656
3397.0000000000            2.3259425163
3398.0000000000            2.3248069286
3399.0000000000            2.3236718178
3400.0000000000            2.3225367069
3401.0000000000            2.3214018345
3402.0000000000            2.3202669621
3403.0000000000            2.3191325665
3404.0000000000            2.3179981709
3405.0000000000            2.3168640137
3406.0000000000            2.3157298565
3407.0000000000            2.3145961761
3408.0000000000            2.3134622574
3409.0000000000            2.3123288155
3410.0000000000            2.3111953735
3411.0000000000            2.3100624084
3412.0000000000            2.3089292049
3413.0000000000            2.3077964783
3414.0000000000            2.3066637516
3415.0000000000            2.3055312634
3416.0000000000            2.3043990135
3417.0000000000            2.3032667637
3418.0000000000            2.3021347523
3419.0000000000            2.3010029793
3420.0000000000            2.2998714447
3421.0000000000            2.2987399101
3422.0000000000            2.2976086140
3423.0000000000            2.2964775562
3424.0000000000            2.2953464985
3425.0000000000            2.2942159176
3426.0000000000            2.2930853367
3427.0000000000            2.2919549942
3428.0000000000            2.2908246517
3429.0000000000            2.2896947861
3430.0000000000            2.2885649204
3431.0000000000            2.2874352932
3432.0000000000            2.2863056660
3433.0000000000            2.2851762772
3434.0000000000            2.2840473652
3435.0000000000            2.2829184532
3436.0000000000            2.2817895412
3437.0000000000            2.2806611061
3438.0000000000            2.2795326710
3439.0000000000            2.2784047127
3440.0000000000            2.2772765160
3441.0000000000            2.2761487961
3442.0000000000            2.2750210762
3443.0000000000            2.2738935947
3444.0000000000            2.2727663517
3445.0000000000            2.2716395855
3446.0000000000            2.2705125809
3447.0000000000            2.2693860531
3448.0000000000            2.2682595253
3449.0000000000            2.2671332359
3450.0000000000            2.2660071850
3451.0000000000            2.2648811340
3452.0000000000            2.2637555599
3453.0000000000            2.2626302242
3454.0000000000            2.2615048885
3455.0000000000            2.2603795528
3456.0000000000            2.2592546940
3457.0000000000            2.2581300735
3458.0000000000            2.2570054531
3459.0000000000            2.2558810711
3460.0000000000            2.2547569275
3461.0000000000            2.2536330223
3462.0000000000            2.2525093555
3463.0000000000            2.2513859272
3464.0000000000            2.2502624989
3465.0000000000            2.2491395473
3466.0000000000            2.2480163574
3467.0000000000            2.2468936443
3468.0000000000            2.2457714081
3469.0000000000            2.2446489334
3470.0000000000            2.2435269356
3471.0000000000            2.2424049377
3472.0000000000            2.2412831783
3473.0000000000            2.2401616573
3474.0000000000            2.2390403748
3475.0000000000            2.2379193306
3476.0000000000            2.2367982864
3477.0000000000            2.2356777191
3478.0000000000            2.2345573902
3479.0000000000            2.2334370613
3480.0000000000            2.2323169708
3481.0000000000            2.2311971188
3482.0000000000            2.2300775051
3483.0000000000            2.2289581299
3484.0000000000            2.2278389931
3485.0000000000            2.2267198563
3486.0000000000            2.2256009579
3487.0000000000            2.2244825363
3488.0000000000            2.2233641148
3489.0000000000            2.2222459316
3490.0000000000            2.2211279869
3491.0000000000            2.2200102806
3492.0000000000            2.2188928127
3493.0000000000            2.2177755833
3494.0000000000            2.2166585922
3495.0000000000            2.2155416012
3496.0000000000            2.2144250870
3497.0000000000            2.2133085728
3498.0000000000            2.2121922970
3499.0000000000            2.2110764980
3500.0000000000            2.2099606991
3501.0000000000            2.2088451385
3502.0000000000            2.2077298164
3503.0000000000            2.2066144943
3504.0000000000            2.2054998875
3505.0000000000            2.2043850422
3506.0000000000            2.2032706738
3507.0000000000            2.2021563053
3508.0000000000            2.2010424137
3509.0000000000            2.1999287605
3510.0000000000            2.1988151073
3511.0000000000            2.1977019310
3512.0000000000            2.1965885162
3513.0000000000            2.1954758167
3514.0000000000            2.1943631172
3515.0000000000            2.1932508945
3516.0000000000            2.1921386719
3517.0000000000            2.1910264492
3518.0000000000            2.1899149418
3519.0000000000            2.1888034344
3520.0000000000            2.1876921654
3521.0000000000            2.1865811348
3522.0000000000            2.1854703426
3523.0000000000            2.1843597889
3524.0000000000            2.1832492352
3525.0000000000            2.1821391582
3526.0000000000            2.1810293198
3527.0000000000            2.1799197197
3528.0000000000            2.1788103580
3529.0000000000            2.1777009964
3530.0000000000            2.1765921116
3531.0000000000            2.1754834652
3532.0000000000            2.1743750572
3533.0000000000            2.1732666492
3534.0000000000            2.1721587181
3535.0000000000            2.1710507870
3536.0000000000            2.1699433327
3537.0000000000            2.1688361168
3538.0000000000            2.1677291393
3539.0000000000            2.1666221619
3540.0000000000            2.1655156612
3541.0000000000            2.1644091606
3542.0000000000            2.1633031368
3543.0000000000            2.1621973515
3544.0000000000            2.1610915661
3545.0000000000            2.1599864960
3546.0000000000            2.1588811874
3547.0000000000            2.1577763557
3548.0000000000            2.1566717625
3549.0000000000            2.1555671692
3550.0000000000            2.1544630527
3551.0000000000            2.1533591747
3552.0000000000            2.1522555351
3553.0000000000            2.1511521339
3554.0000000000            2.1500489712
3555.0000000000            2.1489460468
3556.0000000000            2.1478433609
3557.0000000000            2.1467409134
3558.0000000000            2.1456387043
3559.0000000000            2.1445367336
3560.0000000000            2.1434352398
3561.0000000000            2.1423337460
3562.0000000000            2.1412324905
3563.0000000000            2.1401317120
3564.0000000000            2.1390309334
3565.0000000000            2.1379303932
3566.0000000000            2.1368300915
3567.0000000000            2.1357305050
3568.0000000000            2.1346306801
3569.0000000000            2.1335310936
3570.0000000000            2.1324319839
3571.0000000000            2.1313331127
3572.0000000000            2.1302344799
3573.0000000000            2.1291360855
3574.0000000000            2.1280379295
3575.0000000000            2.1269400120
3576.0000000000            2.1258423328
3577.0000000000            2.1247451305
3578.0000000000            2.1236479282
3579.0000000000            2.1225509644
3580.0000000000            2.1214542389
3581.0000000000            2.1203579903
3582.0000000000            2.1192619801
3583.0000000000            2.1181659698
3584.0000000000            2.1170701981
3585.0000000000            2.1159746647
3586.0000000000            2.1148793697
3587.0000000000            2.1137838364
3588.0000000000            2.1126885414
3589.0000000000            2.1115930080
3590.0000000000            2.1104972363
3591.0000000000            2.1094009876
3592.0000000000            2.1083035469
3593.0000000000            2.1072046757
3594.0000000000            2.1061038971
3595.0000000000            2.1050002575
3596.0000000000            2.1038920879
3597.0000000000            2.1027779579
3598.0000000000            2.1016552448
3599.0000000000            2.1005215645
3600.0000000000            2.0993726254
3601.0000000000            2.0982031822
3602.0000000000            2.0970065594
3603.0000000000            2.0957741737
3604.0000000000            2.0944952965
3605.0000000000            2.0931558609
3606.0000000000            2.0917389393
3607.0000000000            2.0902228355
3608.0000000000            2.0885815620
3609.0000000000            2.0867829323
3610.0000000000            2.0847885609
3611.0000000000            2.0825519562
3612.0000000000            2.0800178051
3613.0000000000            2.0771222115
3614.0000000000            2.0737893581
3615.0000000000            2.0699326992
3616.0000000000            2.0654535294
3617.0000000000            2.0602397919
3618.0000000000            2.0541660786
3619.0000000000            2.0470945835
3620.0000000000            2.0388736725
3621.0000000000            2.0293405056
3622.0000000000            2.0183210373
3623.0000000000            2.0056321621
3624.0000000000            1.9910848141
3625.0000000000            1.9744862318
3626.0000000000            1.9556434155
3627.0000000000            1.9343683720
3628.0000000000            1.9104808569
3629.0000000000            1.8838154078
3630.0000000000            1.8542244434
3631.0000000000            1.8215851784
3632.0000000000            1.7858036757
3633.0000000000            1.7468205690
3634.0000000000            1.7046145201
3635.0000000000            1.6592071056
3636.0000000000            1.6106646061
3637.0000000000            1.5591008663
3638.0000000000            1.5046776533
3639.0000000000            1.4476037025
3640.0000000000            1.3881340027
3641.0000000000            1.3265658617
3642.0000000000            1.2632347345
3643.0000000000            1.1985092163
3644.0000000000            1.1327840090
3645.0000000000            1.0664725304
3646.0000000000            1.0000000000
3647.0000000000            0.9337939024
3648.0000000000            0.8682766557
3649.0000000000            0.8038570285
3650.0000000000            0.7409225702
3651.0000000000            0.6798327565
3652.0000000000            0.6209126711
3653.0000000000            0.5644484162
3654.0000000000            0.5106828809
3655.0000000000            0.4598132968
3656.0000000000            0.4119899869
3657.0000000000            0.3673162460
3658.0000000000            0.3258495331
3659.0000000000            0.2876035571
3660.0000000000            0.2525513768
3661.0000000000            0.2206292599
3662.0000000000            0.1917412132
3663.0000000000            0.1657635123
3664.0000000000            0.1425499171
3665.0000000000            0.1219366416
3666.0000000000            0.1037471592
3667.0000000000            0.0877970010
3668.0000000000            0.0738979205
3669.0000000000            0.0618617758
3670.0000000000            0.0515038222
3671.0000000000            0.0426455364
3672.0000000000            0.0351168625
3673.0000000000            0.0287579168
3674.0000000000            0.0234202202
3675.0000000000            0.0189674646
3676.0000000000            0.0152758649
3677.0000000000            0.0122341700
3678.0000000000            0.0097433887
3679.0000000000            0.0077162683
3680.0000000000            0.0060766181
3681.0000000000            0.0047584963
3682.0000000000            0.0037053321
3683.0000000000            0.0028690014
3684.0000000000            0.0022089083
3685.0000000000            0.0016910846
3686.0000000000            0.0012873348
3687.0000000000            0.0009744379
3688.0000000000            0.0007334181
3689.0000000000            0.0005488864
3690.0000000000            0.0004084563
3691.0000000000            0.0003022318
3692.0000000000            0.0002223644
3693.0000000000            0.0001626749
3694.0000000000            0.0001183329
3695.0000000000            0.0000855895
3696.0000000000            0.0000615553
3697.0000000000            0.0000440190
