1897.0000000000            3.6370813847
1898.0000000000            3.6365058422
1899.0000000000            3.6359295845
1900.0000000000            3.6353526115
1901.0000000000            3.6347754002
1902.0000000000            3.6341974735
1903.0000000000            3.6336188316
1904.0000000000            3.6330399513
1905.0000000000            3.6324598789
1906.0000000000            3.6318795681
1907.0000000000            3.6312990189
1908.0000000000            3.6307172775
1909.0000000000            3.6301352978
1910.0000000000            3.6295526028
1911.0000000000            3.6289696693
1912.0000000000            3.6283860207
1913.0000000000            3.6278016567
1914.0000000000            3.6272165775
1915.0000000000            3.6266312599
1916.0000000000            3.6260452271
1917.0000000000            3.6254584789
1918.0000000000            3.6248714924
1919.0000000000            3.6242835522
1920.0000000000            3.6236951351
1921.0000000000            3.6231060028
1922.0000000000            3.6225166321
1923.0000000000            3.6219265461
1924.0000000000            3.6213357449
1925.0000000000            3.6207447052
1926.0000000000            3.6201529503
1927.0000000000            3.6195604801
1928.0000000000            3.6189672947
1929.0000000000            3.6183736324
1930.0000000000            3.6177794933
1931.0000000000            3.6171851158
1932.0000000000            3.6165897846
1933.0000000000            3.6159939766
1934.0000000000            3.6153974533
1935.0000000000            3.6148006916
1936.0000000000            3.6142027378
1937.0000000000            3.6136047840
1938.0000000000            3.6130058765
1939.0000000000            3.6124067307
1940.0000000000            3.6118066311
1941.0000000000            3.6112065315
1942.0000000000            3.6106052399
1943.0000000000            3.6100037098
1944.0000000000            3.6094017029
1945.0000000000            3.6087987423
1946.0000000000            3.6081953049
1947.0000000000            3.6075918674
1948.0000000000            3.6069869995
1949.0000000000            3.6063821316
1950.0000000000            3.6057765484
1951.0000000000            3.6051704884
1952.0000000000            3.6045637131
1953.0000000000            3.6039564610
1954.0000000000            3.6033482552
1955.0000000000            3.6027400494
1956.0000000000            3.6021308899
1957.0000000000            3.6015214920
1958.0000000000            3.6009111404
1959.0000000000            3.6003003120
1960.0000000000            3.5996892452
1961.0000000000            3.5990772247
1962.0000000000            3.5984647274
1963.0000000000            3.5978519917
1964.0000000000            3.5972383022
1965.0000000000            3.5966241360
1966.0000000000            3.5960092545
1967.0000000000            3.5953941345
1968.0000000000            3.5947782993
1969.0000000000            3.5941619873
1970.0000000000            3.5935449600
1971.0000000000            3.5929272175
1972.0000000000            3.5923094749
1973.0000000000            3.5916905403
1974.0000000000            3.5910713673
1975.0000000000            3.5904514790
1976.0000000000            3.5898308754
1977.0000000000            3.5892100334
1978.0000000000            3.5885884762
1979.0000000000            3.5879664421
1980.0000000000            3.5873439312
1981.0000000000            3.5867207050
1982.0000000000            3.5860967636
1983.0000000000            3.5854725838
1984.0000000000            3.5848476887
1985.0000000000            3.5842220783
1986.0000000000            3.5835959911
1987.0000000000            3.5829694271
1988.0000000000            3.5823423862
1989.0000000000            3.5817143917
1990.0000000000            3.5810861588
1991.0000000000            3.5804574490
1992.0000000000            3.5798277855
1993.0000000000            3.5791976452
1994.0000000000            3.5785672665
1995.0000000000            3.5779364109
1996.0000000000            3.5773046017
1997.0000000000            3.5766723156
1998.0000000000            3.5760395527
1999.0000000000            3.5754060745
2000.0000000000            3.5747721195
2001.0000000000            3.5741376877
2002.0000000000            3.5735025406
2003.0000000000            3.5728671551
2004.0000000000            3.5722310543
2005.0000000000            3.5715942383
2006.0000000000            3.5709567070
2007.0000000000            3.5703189373
2008.0000000000            3.5696804523
2009.0000000000            3.5690417290
2010.0000000000            3.5684022903
2011.0000000000            3.5677621365
2012.0000000000            3.5671212673
2013.0000000000            3.5664801598
2014.0000000000            3.5658385754
2015.0000000000            3.5651960373
2016.0000000000            3.5645530224
2017.0000000000            3.5639095306
2018.0000000000            3.5632658005
2019.0000000000            3.5626211166
2020.0000000000            3.5619759560
2021.0000000000            3.5613303185
2022.0000000000            3.5606842041
2023.0000000000            3.5600371361
2024.0000000000            3.5593898296
2025.0000000000            3.5587420464
2026.0000000000            3.5580937862
2027.0000000000            3.5574448109
2028.0000000000            3.5567951202
2029.0000000000            3.5561447144
2030.0000000000            3.5554940701
2031.0000000000            3.5548429489
2032.0000000000            3.5541911125
2033.0000000000            3.5535387993
2034.0000000000            3.5528857708
2035.0000000000            3.5522325039
2036.0000000000            3.5515785217
2037.0000000000            3.5509238243
2038.0000000000            3.5502686501
2039.0000000000            3.5496129990
2040.0000000000            3.5489568710
2041.0000000000            3.5483002663
2042.0000000000            3.5476427078
2043.0000000000            3.5469846725
2044.0000000000            3.5463263988
2045.0000000000            3.5456674099
2046.0000000000            3.5450077057
2047.0000000000            3.5443475246
2048.0000000000            3.5436871052
2049.0000000000            3.5430259705
2050.0000000000            3.5423643589
2051.0000000000            3.5417017937
2052.0000000000            3.5410389900
2053.0000000000            3.5403754711
2054.0000000000            3.5397117138
2055.0000000000            3.5390470028
2056.0000000000            3.5383818150
2057.0000000000            3.5377163887
2058.0000000000            3.5370502472
2059.0000000000            3.5363836288
2060.0000000000            3.5357165337
2061.0000000000            3.5350484848
2062.0000000000            3.5343804359
2063.0000000000            3.5337114334
2064.0000000000            3.5330417156
2065.0000000000            3.5323719978
2066.0000000000            3.5317013264
2067.0000000000            3.5310304165
2068.0000000000            3.5303587914
2069.0000000000            3.5296864510
2070.0000000000            3.5290138721
2071.0000000000            3.5283405781
2072.0000000000            3.5276668072
2073.0000000000            3.5269923210
2074.0000000000            3.5263175964
2075.0000000000            3.5256419182
2076.0000000000            3.5249660015
2077.0000000000            3.5242896080
2078.0000000000            3.5236124992
2079.0000000000            3.5229349136
2080.0000000000            3.5222568512
2081.0000000000            3.5215780735
2082.0000000000            3.5208988190
2083.0000000000            3.5202190876
2084.0000000000            3.5195386410
2085.0000000000            3.5188574791
2086.0000000000            3.5181760788
2087.0000000000            3.5174944401
2088.0000000000            3.5168118477
2089.0000000000            3.5161287785
2090.0000000000            3.5154449940
2091.0000000000            3.5147609711
2092.0000000000            3.5140764713
2093.0000000000            3.5133910179
2094.0000000000            3.5127050877
2095.0000000000            3.5120189190
2096.0000000000            3.5113320351
2097.0000000000            3.5106446743
2098.0000000000            3.5099568367
2099.0000000000            3.5092682838
2100.0000000000            3.5085794926
2101.0000000000            3.5078899860
2102.0000000000            3.5071997643
2103.0000000000            3.5065090656
2104.0000000000            3.5058178902
2105.0000000000            3.5051262379
2106.0000000000            3.5044341087
2107.0000000000            3.5037412643
2108.0000000000            3.5030479431
2109.0000000000            3.5023543835
2110.0000000000            3.5016596317
2111.0000000000            3.5009648800
2112.0000000000            3.5002694130
2113.0000000000            3.4995734692
2114.0000000000            3.4988768101
2115.0000000000            3.4981799126
2116.0000000000            3.4974822998
2117.0000000000            3.4967842102
2118.0000000000            3.4960856438
2119.0000000000            3.4953863621
2120.0000000000            3.4946866035
2121.0000000000            3.4939861298
2122.0000000000            3.4932854176
2123.0000000000            3.4925842285
2124.0000000000            3.4918825626
2125.0000000000            3.4911801815
2126.0000000000            3.4904770851
2127.0000000000            3.4897735119
2128.0000000000            3.4890694618
2129.0000000000            3.4883651733
2130.0000000000            3.4876599312
2131.0000000000            3.4869546890
2132.0000000000            3.4862484932
2133.0000000000            3.4855418205
2134.0000000000            3.4848346710
2135.0000000000            3.4841268063
2136.0000000000            3.4834187031
2137.0000000000            3.4827098846
2138.0000000000            3.4820003510
2139.0000000000            3.4812905788
2140.0000000000            3.4805803299
2141.0000000000            3.4798696041
2142.0000000000            3.4791579247
2143.0000000000            3.4784462452
2144.0000000000            3.4777336121
2145.0000000000            3.4770207405
2146.0000000000            3.4763071537
2147.0000000000            3.4755930901
2148.0000000000            3.4748785496
2149.0000000000            3.4741635323
2150.0000000000            3.4734480381
2151.0000000000            3.4727318287
2152.0000000000            3.4720151424
2153.0000000000            3.4712977409
2154.0000000000            3.4705803394
2155.0000000000            3.4698619843
2156.0000000000            3.4691429138
2157.0000000000            3.4684236050
2158.0000000000            3.4677040577
2159.0000000000            3.4669837952
2160.0000000000            3.4662628174
2161.0000000000            3.4655413628
2162.0000000000            3.4648194313
2163.0000000000            3.4640970230
2164.0000000000            3.4633741379
2165.0000000000            3.4626507759
2166.0000000000            3.4619266987
2167.0000000000            3.4612021446
2168.0000000000            3.4604771137
2169.0000000000            3.4597516060
2170.0000000000            3.4590256214
2171.0000000000            3.4582989216
2172.0000000000            3.4575717449
2173.0000000000            3.4568440914
2174.0000000000            3.4561159611
2175.0000000000            3.4553871155
2176.0000000000            3.4546580315
2177.0000000000            3.4539282322
2178.0000000000            3.4531981945
2179.0000000000            3.4524674416
2180.0000000000            3.4517362118
2181.0000000000            3.4510045052
2182.0000000000            3.4502718449
2183.0000000000            3.4495391846
2184.0000000000            3.4488060474
2185.0000000000            3.4480721951
2186.0000000000            3.4473376274
2187.0000000000            3.4466028214
2188.0000000000            3.4458673000
2189.0000000000            3.4451313019
2190.0000000000            3.4443950653
2191.0000000000            3.4436578751
2192.0000000000            3.4429206848
2193.0000000000            3.4421825409
2194.0000000000            3.4414441586
2195.0000000000            3.4407050610
2196.0000000000            3.4399657249
2197.0000000000            3.4392254353
2198.0000000000            3.4384851456
2199.0000000000            3.4377439022
2200.0000000000            3.4370024204
2201.0000000000            3.4362604618
2202.0000000000            3.4355177879
2203.0000000000            3.4347748756
2204.0000000000            3.4340312481
2205.0000000000            3.4332871437
2206.0000000000            3.4325425625
2207.0000000000            3.4317972660
2208.0000000000            3.4310519695
2209.0000000000            3.4303054810
2210.0000000000            3.4295587540
2211.0000000000            3.4288117886
2212.0000000000            3.4280641079
2213.0000000000            3.4273161888
2214.0000000000            3.4265673161
2215.0000000000            3.4258179665
2216.0000000000            3.4250681400
2217.0000000000            3.4243180752
2218.0000000000            3.4235675335
2219.0000000000            3.4228162766
2220.0000000000            3.4220645428
2221.0000000000            3.4213120937
2222.0000000000            3.4205594063
2223.0000000000            3.4198062420
2224.0000000000            3.4190526009
2225.0000000000            3.4182982445
2226.0000000000            3.4175436497
2227.0000000000            3.4167883396
2228.0000000000            3.4160325527
2229.0000000000            3.4152765274
2230.0000000000            3.4145195484
2231.0000000000            3.4137623310
2232.0000000000            3.4130046368
2233.0000000000            3.4122464657
2234.0000000000            3.4114875793
2235.0000000000            3.4107284546
2236.0000000000            3.4099683762
2237.0000000000            3.4092082977
2238.0000000000            3.4084472656
2239.0000000000            3.4076862335
2240.0000000000            3.4069242477
2241.0000000000            3.4061620235
2242.0000000000            3.4053993225
2243.0000000000            3.4046361446
2244.0000000000            3.4038722515
2245.0000000000            3.4031078815
2246.0000000000            3.4023432732
2247.0000000000            3.4015779495
2248.0000000000            3.4008123875
2249.0000000000            3.4000461102
2250.0000000000            3.3992795944
2251.0000000000            3.3985121250
2252.0000000000            3.3977446556
2253.0000000000            3.3969762325
2254.0000000000            3.3962075710
2255.0000000000            3.3954381943
2256.0000000000            3.3946685791
2257.0000000000            3.3938984871
2258.0000000000            3.3931279182
2259.0000000000            3.3923563957
2260.0000000000            3.3915846348
2261.0000000000            3.3908126354
2262.0000000000            3.3900399208
2263.0000000000            3.3892669678
2264.0000000000            3.3884930611
2265.0000000000            3.3877191544
2266.0000000000            3.3869442940
2267.0000000000            3.3861691952
2268.0000000000            3.3853938580
2269.0000000000            3.3846175671
2270.0000000000            3.3838407993
2271.0000000000            3.3830637932
2272.0000000000            3.3822863102
2273.0000000000            3.3815081120
2274.0000000000            3.3807296753
2275.0000000000            3.3799510002
2276.0000000000            3.3791711330
2277.0000000000            3.3783912659
2278.0000000000            3.3776106834
2279.0000000000            3.3768298626
2280.0000000000            3.3760483265
2281.0000000000            3.3752660751
2282.0000000000            3.3744840622
2283.0000000000            3.3737010956
2284.0000000000            3.3729176521
2285.0000000000            3.3721337318
2286.0000000000            3.3713493347
2287.0000000000            3.3705644608
2288.0000000000            3.3697788715
2289.0000000000            3.3689935207
2290.0000000000            3.3682067394
2291.0000000000            3.3674201965
2292.0000000000            3.3666329384
2293.0000000000            3.3658449650
2294.0000000000            3.3650569916
2295.0000000000            3.3642680645
2296.0000000000            3.3634791374
2297.0000000000            3.3626892567
2298.0000000000            3.3618991375
2299.0000000000            3.3611085415
2300.0000000000            3.3603174686
2301.0000000000            3.3595259190
2302.0000000000            3.3587338924
2303.0000000000            3.3579411507
2304.0000000000            3.3571481705
2305.0000000000            3.3563549519
2306.0000000000            3.3555607796
2307.0000000000            3.3547661304
2308.0000000000            3.3539714813
2309.0000000000            3.3531761169
2310.0000000000            3.3523800373
2311.0000000000            3.3515834808
2312.0000000000            3.3507869244
2313.0000000000            3.3499894142
2314.0000000000            3.3491916656
2315.0000000000            3.3483936787
2316.0000000000            3.3475947380
2317.0000000000            3.3467953205
2318.0000000000            3.3459959030
2319.0000000000            3.3451957703
2320.0000000000            3.3443949223
2321.0000000000            3.3435938358
2322.0000000000            3.3427925110
2323.0000000000            3.3419902325
2324.0000000000            3.3411877155
2325.0000000000            3.3403849602
2326.0000000000            3.3395814896
2327.0000000000            3.3387775421
2328.0000000000            3.3379731178
2329.0000000000            3.3371682167
2330.0000000000            3.3363630772
2331.0000000000            3.3355572224
2332.0000000000            3.3347511292
2333.0000000000            3.3339440823
2334.0000000000            3.3331367970
2335.0000000000            3.3323292732
2336.0000000000            3.3315210342
2337.0000000000            3.3307125568
2338.0000000000            3.3299036026
2339.0000000000            3.3290939331
2340.0000000000            3.3282840252
2341.0000000000            3.3274736404
2342.0000000000            3.3266625404
2343.0000000000            3.3258512020
2344.0000000000            3.3250393867
2345.0000000000            3.3242270947
2346.0000000000            3.3234143257
2347.0000000000            3.3226010799
2348.0000000000            3.3217875957
2349.0000000000            3.3209731579
2350.0000000000            3.3201584816
2351.0000000000            3.3193435669
2352.0000000000            3.3185281754
2353.0000000000            3.3177120686
2354.0000000000            3.3168954849
2355.0000000000            3.3160789013
2356.0000000000            3.3152613640
2357.0000000000            3.3144433498
2358.0000000000            3.3136250973
2359.0000000000            3.3128063679
2360.0000000000            3.3119871616
2361.0000000000            3.3111674786
2362.0000000000            3.3103473186
2363.0000000000            3.3095266819
2364.0000000000            3.3087055683
2365.0000000000            3.3078842163
2366.0000000000            3.3070623875
2367.0000000000            3.3062400818
2368.0000000000            3.3054172993
2369.0000000000            3.3045938015
2370.0000000000            3.3037700653
2371.0000000000            3.3029458523
2372.0000000000            3.3021209240
2373.0000000000            3.3012959957
2374.0000000000            3.3004703522
2375.0000000000            3.2996442318
2376.0000000000            3.2988178730
2377.0000000000            3.2979910374
2378.0000000000            3.2971634865
2379.0000000000            3.2963359356
2380.0000000000            3.2955074310
2381.0000000000            3.2946789265
2382.0000000000            3.2938497066
2383.0000000000            3.2930197716
2384.0000000000            3.2921898365
2385.0000000000            3.2913594246
2386.0000000000            3.2905285358
2387.0000000000            3.2896969318
2388.0000000000            3.2888650894
2389.0000000000            3.2880327702
2390.0000000000            3.2872002125
2391.0000000000            3.2863669395
2392.0000000000            3.2855331898
2393.0000000000            3.2846989632
2394.0000000000            3.2838644981
2395.0000000000            3.2830295563
2396.0000000000            3.2821941376
2397.0000000000            3.2813582420
2398.0000000000            3.2805218697
2399.0000000000            3.2796852589
2400.0000000000            3.2788479328
2401.0000000000            3.2780103683
2402.0000000000            3.2771723270
2403.0000000000            3.2763335705
2404.0000000000            3.2754945755
2405.0000000000            3.2746553421
2406.0000000000            3.2738156319
2407.0000000000            3.2729752064
2408.0000000000            3.2721345425
2409.0000000000            3.2712934017
2410.0000000000            3.2704517841
2411.0000000000            3.2696096897
2412.0000000000            3.2687673569
2413.0000000000            3.2679243088
2414.0000000000            3.2670807838
2415.0000000000            3.2662372589
2416.0000000000            3.2653930187
2417.0000000000            3.2645483017
2418.0000000000            3.2637031078
2419.0000000000            3.2628576756
2420.0000000000            3.2620117664
2421.0000000000            3.2611656189
2422.0000000000            3.2603185177
2423.0000000000            3.2594714165
2424.0000000000            3.2586236000
2425.0000000000            3.2577753067
2426.0000000000            3.2569270134
2427.0000000000            3.2560780048
2428.0000000000            3.2552285194
2429.0000000000            3.2543787956
2430.0000000000            3.2535285950
2431.0000000000            3.2526776791
2432.0000000000            3.2518265247
2433.0000000000            3.2509751320
2434.0000000000            3.2501232624
2435.0000000000            3.2492706776
2436.0000000000            3.2484178543
2437.0000000000            3.2475645542
2438.0000000000            3.2467107773
2439.0000000000            3.2458567619
2440.0000000000            3.2450022697
2441.0000000000            3.2441473007
2442.0000000000            3.2432918549
2443.0000000000            3.2424359322
2444.0000000000            3.2415795326
2445.0000000000            3.2407228947
2446.0000000000            3.2398657799
2447.0000000000            3.2390084267
2448.0000000000            3.2381505966
2449.0000000000            3.2372918129
2450.0000000000            3.2364332676
2451.0000000000            3.2355740070
2452.0000000000            3.2347142696
2453.0000000000            3.2338542938
2454.0000000000            3.2329940796
2455.0000000000            3.2321331501
2456.0000000000            3.2312717438
2457.0000000000            3.2304100990
2458.0000000000            3.2295477390
2459.0000000000            3.2286853790
2460.0000000000            3.2278223038
2461.0000000000            3.2269589901
2462.0000000000            3.2260949612
2463.0000000000            3.2252309322
2464.0000000000            3.2243661880
2465.0000000000            3.2235012054
2466.0000000000            3.2226355076
2467.0000000000            3.2217698097
2468.0000000000            3.2209033966
2469.0000000000            3.2200365067
2470.0000000000            3.2191696167
2471.0000000000            3.2183020115
2472.0000000000            3.2174339294
2473.0000000000            3.2165656090
2474.0000000000            3.2156968117
2475.0000000000            3.2148277760
2476.0000000000            3.2139580250
2477.0000000000            3.2130882740
2478.0000000000            3.2122178078
2479.0000000000            3.2113468647
2480.0000000000            3.2104754448
2481.0000000000            3.2096040249
2482.0000000000            3.2087318897
2483.0000000000            3.2078592777
2484.0000000000            3.2069864273
2485.0000000000            3.2061131001
2486.0000000000            3.2052395344
2487.0000000000            3.2043652534
2488.0000000000            3.2034907341
2489.0000000000            3.2026159763
2490.0000000000            3.2017407417
2491.0000000000            3.2008650303
2492.0000000000            3.1999886036
2493.0000000000            3.1991121769
2494.0000000000            3.1982352734
2495.0000000000            3.1973581314
2496.0000000000            3.1964802742
2497.0000000000            3.1956019402
2498.0000000000            3.1947236061
2499.0000000000            3.1938445568
2500.0000000000            3.1929652691
2501.0000000000            3.1920855045
2502.0000000000            3.1912052631
2503.0000000000            3.1903247833
2504.0000000000            3.1894438267
2505.0000000000            3.1885626316
2506.0000000000            3.1876809597
2507.0000000000            3.1867985725
2508.0000000000            3.1859164238
2509.0000000000            3.1850333214
2510.0000000000            3.1841499805
2511.0000000000            3.1832661629
2512.0000000000            3.1823821068
2513.0000000000            3.1814973354
2514.0000000000            3.1806128025
2515.0000000000            3.1797273159
2516.0000000000            3.1788418293
2517.0000000000            3.1779556274
2518.0000000000            3.1770689487
2519.0000000000            3.1761822701
2520.0000000000            3.1752948761
2521.0000000000            3.1744072437
2522.0000000000            3.1735191345
2523.0000000000            3.1726307869
2524.0000000000            3.1717422009
2525.0000000000            3.1708526611
2526.0000000000            3.1699633598
2527.0000000000            3.1690733433
2528.0000000000            3.1681828499
2529.0000000000            3.1672921181
2530.0000000000            3.1664009094
2531.0000000000            3.1655092239
2532.0000000000            3.1646175385
2533.0000000000            3.1637251377
2534.0000000000            3.1628322601
2535.0000000000            3.1619393826
2536.0000000000            3.1610460281
2537.0000000000            3.1601519585
2538.0000000000            3.1592578888
2539.0000000000            3.1583633423
2540.0000000000            3.1574680805
2541.0000000000            3.1565725803
2542.0000000000            3.1556768417
2543.0000000000            3.1547806263
2544.0000000000            3.1538841724
2545.0000000000            3.1529874802
2546.0000000000            3.1520903111
2547.0000000000            3.1511924267
2548.0000000000            3.1502945423
2549.0000000000            3.1493959427
2550.0000000000            3.1484971046
2551.0000000000            3.1475980282
2552.0000000000            3.1466984749
2553.0000000000            3.1457984447
2554.0000000000            3.1448981762
2555.0000000000            3.1439974308
2556.0000000000            3.1430964470
2557.0000000000            3.1421949863
2558.0000000000            3.1412932873
2559.0000000000            3.1403911114
2560.0000000000            3.1394884586
2561.0000000000            3.1385855675
2562.0000000000            3.1376824379
2563.0000000000            3.1367783546
2564.0000000000            3.1358745098
2565.0000000000            3.1349701881
2566.0000000000            3.1340651512
2567.0000000000            3.1331603527
2568.0000000000            3.1322546005
2569.0000000000            3.1313486099
2570.0000000000            3.1304423809
2571.0000000000            3.1295356750
2572.0000000000            3.1286287308
2573.0000000000            3.1277215481
2574.0000000000            3.1268138885
2575.0000000000            3.1259055138
2576.0000000000            3.1249971390
2577.0000000000            3.1240880489
2578.0000000000            3.1231791973
2579.0000000000            3.1222693920
2580.0000000000            3.1213593483
2581.0000000000            3.1204493046
2582.0000000000            3.1195387840
2583.0000000000            3.1186275482
2584.0000000000            3.1177163124
2585.0000000000            3.1168045998
2586.0000000000            3.1158921719
2587.0000000000            3.1149797440
2588.0000000000            3.1140670776
2589.0000000000            3.1131539345
2590.0000000000            3.1122403145
2591.0000000000            3.1113264561
2592.0000000000            3.1104121208
2593.0000000000            3.1094973087
2594.0000000000            3.1085824966
2595.0000000000            3.1076672077
2596.0000000000            3.1067514420
2597.0000000000            3.1058351994
2598.0000000000            3.1049191952
2599.0000000000            3.1040022373
2600.0000000000            3.1030852795
2601.0000000000            3.1021678448
2602.0000000000            3.1012496948
2603.0000000000            3.1003315449
2604.0000000000            3.0994129181
2605.0000000000            3.0984942913
2606.0000000000            3.0975749493
2607.0000000000            3.0966551304
2608.0000000000            3.0957353115
2609.0000000000            3.0948152542
2610.0000000000            3.0938942432
2611.0000000000            3.0929734707
2612.0000000000            3.0920519829
2613.0000000000            3.0911304951
2614.0000000000            3.0902082920
2615.0000000000            3.0892860889
2616.0000000000            3.0883631706
2617.0000000000            3.0874402523
2618.0000000000            3.0865168571
2619.0000000000            3.0855929852
2620.0000000000            3.0846688747
2621.0000000000            3.0837445259
2622.0000000000            3.0828194618
2623.0000000000            3.0818941593
2624.0000000000            3.0809690952
2625.0000000000            3.0800430775
2626.0000000000            3.0791168213
2627.0000000000            3.0781903267
2628.0000000000            3.0772635937
2629.0000000000            3.0763363838
2630.0000000000            3.0754086971
2631.0000000000            3.0744807720
2632.0000000000            3.0735526085
2633.0000000000            3.0726239681
2634.0000000000            3.0716953278
2635.0000000000            3.0707659721
2636.0000000000            3.0698363781
2637.0000000000            3.0689063072
2638.0000000000            3.0679759979
2639.0000000000            3.0670454502
2640.0000000000            3.0661146641
2641.0000000000            3.0651834011
2642.0000000000            3.0642518997
2643.0000000000            3.0633196831
2644.0000000000            3.0623877048
2645.0000000000            3.0614550114
2646.0000000000            3.0605220795
2647.0000000000            3.0595886707
2648.0000000000            3.0586552620
2649.0000000000            3.0577213764
2650.0000000000            3.0567870140
2651.0000000000            3.0558526516
2652.0000000000            3.0549175739
2653.0000000000            3.0539824963
2654.0000000000            3.0530467033
2655.0000000000            3.0521111488
2656.0000000000            3.0511746407
2657.0000000000            3.0502381325
2658.0000000000            3.0493011475
2659.0000000000            3.0483641624
2660.0000000000            3.0474262238
2661.0000000000            3.0464885235
2662.0000000000            3.0455505848
2663.0000000000            3.0446119308
2664.0000000000            3.0436730385
2665.0000000000            3.0427339077
2666.0000000000            3.0417943001
2667.0000000000            3.0408546925
2668.0000000000            3.0399143696
2669.0000000000            3.0389740467
2670.0000000000            3.0380332470
2671.0000000000            3.0370922089
2672.0000000000            3.0361509323
2673.0000000000            3.0352091789
2674.0000000000            3.0342669487
2675.0000000000            3.0333249569
2676.0000000000            3.0323820114
2677.0000000000            3.0314393044
2678.0000000000            3.0304956436
2679.0000000000            3.0295522213
2680.0000000000            3.0286080837
2681.0000000000            3.0276637077
2682.0000000000            3.0267193317
2683.0000000000            3.0257744789
2684.0000000000            3.0248291492
2685.0000000000            3.0238838196
2686.0000000000            3.0229377747
2687.0000000000            3.0219917297
2688.0000000000            3.0210454464
2689.0000000000            3.0200984478
2690.0000000000            3.0191514492
2691.0000000000            3.0182042122
2692.0000000000            3.0172564983
2693.0000000000            3.0163083076
2694.0000000000            3.0153601170
2695.0000000000            3.0144114494
2696.0000000000            3.0134625435
2697.0000000000            3.0125133991
2698.0000000000            3.0115637779
2699.0000000000            3.0106139183
2700.0000000000            3.0096638203
2701.0000000000            3.0087132454
2702.0000000000            3.0077626705
2703.0000000000            3.0068113804
2704.0000000000            3.0058600903
2705.0000000000            3.0049085617
2706.0000000000            3.0039565563
2707.0000000000            3.0030043125
2708.0000000000            3.0020515919
2709.0000000000            3.0010986328
2710.0000000000            3.0001454353
2711.0000000000            2.9991919994
2712.0000000000            2.9982383251
2713.0000000000            2.9972839355
2714.0000000000            2.9963297844
2715.0000000000            2.9953751564
2716.0000000000            2.9944200516
2717.0000000000            2.9934647083
2718.0000000000            2.9925093651
2719.0000000000            2.9915533066
2720.0000000000            2.9905972481
2721.0000000000            2.9896407127
2722.0000000000            2.9886839390
2723.0000000000            2.9877269268
2724.0000000000            2.9867696762
2725.0000000000            2.9858121872
2726.0000000000            2.9848542213
2727.0000000000            2.9838957787
2728.0000000000            2.9829373360
2729.0000000000            2.9819786549
2730.0000000000            2.9810194969
2731.0000000000            2.9800601006
2732.0000000000            2.9791004658
2733.0000000000            2.9781403542
2734.0000000000            2.9771802425
2735.0000000000            2.9762198925
2736.0000000000            2.9752588272
2737.0000000000            2.9742977619
2738.0000000000            2.9733362198
2739.0000000000            2.9723749161
2740.0000000000            2.9714128971
2741.0000000000            2.9704506397
2742.0000000000            2.9694879055
2743.0000000000            2.9685251713
2744.0000000000            2.9675619602
2745.0000000000            2.9665989876
2746.0000000000            2.9656350613
2747.0000000000            2.9646713734
2748.0000000000            2.9637067318
2749.0000000000            2.9627423286
2750.0000000000            2.9617774487
2751.0000000000            2.9608123302
2752.0000000000            2.9598472118
2753.0000000000            2.9588813782
2754.0000000000            2.9579155445
2755.0000000000            2.9569494724
2756.0000000000            2.9559829235
2757.0000000000            2.9550163746
2758.0000000000            2.9540493488
2759.0000000000            2.9530820847
2760.0000000000            2.9521145821
2761.0000000000            2.9511468410
2762.0000000000            2.9501786232
2763.0000000000            2.9492099285
2764.0000000000            2.9482414722
2765.0000000000            2.9472725391
2766.0000000000            2.9463033676
2767.0000000000            2.9453339577
2768.0000000000            2.9443643093
2769.0000000000            2.9433941841
2770.0000000000            2.9424238205
2771.0000000000            2.9414534569
2772.0000000000            2.9404823780
2773.0000000000            2.9395115376
2774.0000000000            2.9385404587
2775.0000000000            2.9375684261
2776.0000000000            2.9365966320
2777.0000000000            2.9356245995
2778.0000000000            2.9346520901
2779.0000000000            2.9336793423
2780.0000000000            2.9327065945
2781.0000000000            2.9317333698
2782.0000000000            2.9307599068
2783.0000000000            2.9297859669
2784.0000000000            2.9288120270
2785.0000000000            2.9278378487
2786.0000000000            2.9268631935
2787.0000000000            2.9258885384
2788.0000000000            2.9249136448
2789.0000000000            2.9239382744
2790.0000000000            2.9229626656
2791.0000000000            2.9219868183
2792.0000000000            2.9210107327
2793.0000000000            2.9200344086
2794.0000000000            2.9190578461
2795.0000000000            2.9180812836
2796.0000000000            2.9171040058
2797.0000000000            2.9161264896
2798.0000000000            2.9151489735
2799.0000000000            2.9141712189
2800.0000000000            2.9131929874
2801.0000000000            2.9122145176
2802.0000000000            2.9112358093
2803.0000000000            2.9102573395
2804.0000000000            2.9092781544
2805.0000000000            2.9082984924
2806.0000000000            2.9073193073
2807.0000000000            2.9063391685
2808.0000000000            2.9053590298
2809.0000000000            2.9043788910
2810.0000000000            2.9033980370
2811.0000000000            2.9024169445
2812.0000000000            2.9014360905
2813.0000000000            2.9004545212
2814.0000000000            2.8994731903
2815.0000000000            2.8984911442
2816.0000000000            2.8975090981
2817.0000000000            2.8965268135
2818.0000000000            2.8955442905
2819.0000000000            2.8945612907
2820.0000000000            2.8935782909
2821.0000000000            2.8925950527
2822.0000000000            2.8916113377
2823.0000000000            2.8906276226
2824.0000000000            2.8896436691
2825.0000000000            2.8886594772
2826.0000000000            2.8876748085
2827.0000000000            2.8866899014
2828.0000000000            2.8857052326
2829.0000000000            2.8847198486
2830.0000000000            2.8837342262
2831.0000000000            2.8827486038
2832.0000000000            2.8817627430
2833.0000000000            2.8807766438
2834.0000000000            2.8797903061
2835.0000000000            2.8788034916
2836.0000000000            2.8778166771
2837.0000000000            2.8768296242
2838.0000000000            2.8758420944
2839.0000000000            2.8748545647
2840.0000000000            2.8738667965
2841.0000000000            2.8728785515
2842.0000000000            2.8718905449
2843.0000000000            2.8709020615
2844.0000000000            2.8699131012
2845.0000000000            2.8689241409
2846.0000000000            2.8679349422
2847.0000000000            2.8669457436
2848.0000000000            2.8659558296
2849.0000000000            2.8649661541
2850.0000000000            2.8639760017
2851.0000000000            2.8629856110
2852.0000000000            2.8619949818
2853.0000000000            2.8610043526
2854.0000000000            2.8600132465
2855.0000000000            2.8590219021
2856.0000000000            2.8580305576
2857.0000000000            2.8570389748
2858.0000000000            2.8560471535
2859.0000000000            2.8550548553
2860.0000000000            2.8540623188
2861.0000000000            2.8530697823
2862.0000000000            2.8520772457
2863.0000000000            2.8510839939
2864.0000000000            2.8500907421
2865.0000000000            2.8490972519
2866.0000000000            2.8481037617
2867.0000000000            2.8471097946
2868.0000000000            2.8461160660
2869.0000000000            2.8451213837
2870.0000000000            2.8441267014
2871.0000000000            2.8431322575
2872.0000000000            2.8421373367
2873.0000000000            2.8411421776
2874.0000000000            2.8401467800
2875.0000000000            2.8391509056
2876.0000000000            2.8381552696
2877.0000000000            2.8371593952
2878.0000000000            2.8361630440
2879.0000000000            2.8351666927
2880.0000000000            2.8341701031
2881.0000000000            2.8331730366
2882.0000000000            2.8321759701
2883.0000000000            2.8311786652
2884.0000000000            2.8301811218
2885.0000000000            2.8291833401
2886.0000000000            2.8281855583
2887.0000000000            2.8271875381
2888.0000000000            2.8261892796
2889.0000000000            2.8251905441
2890.0000000000            2.8241920471
2891.0000000000            2.8231930733
2892.0000000000            2.8221938610
2893.0000000000            2.8211944103
2894.0000000000            2.8201949596
2895.0000000000            2.8191952705
2896.0000000000            2.8181953430
2897.0000000000            2.8171951771
2898.0000000000            2.8161947727
2899.0000000000            2.8151943684
2900.0000000000            2.8141934872
2901.0000000000            2.8131926060
2902.0000000000            2.8121914864
2903.0000000000            2.8111901283
2904.0000000000            2.8101885319
2905.0000000000            2.8091866970
2906.0000000000            2.8081848621
2907.0000000000            2.8071827888
2908.0000000000            2.8061804771
2909.0000000000            2.8051779270
2910.0000000000            2.8041751385
2911.0000000000            2.8031723499
2912.0000000000            2.8021690845
2913.0000000000            2.8011660576
2914.0000000000            2.8001625538
2915.0000000000            2.7991588116
2916.0000000000            2.7981548309
2917.0000000000            2.7971508503
2918.0000000000            2.7961466312
2919.0000000000            2.7951421738
2920.0000000000            2.7941374779
2921.0000000000            2.7931327820
2922.0000000000            2.7921278477
2923.0000000000            2.7911226749
2924.0000000000            2.7901172638
2925.0000000000            2.7891116142
2926.0000000000            2.7881059647
2927.0000000000            2.7871000767
2928.0000000000            2.7860939503
2929.0000000000            2.7850875854
2930.0000000000            2.7840812206
2931.0000000000            2.7830746174
2932.0000000000            2.7820677757
2933.0000000000            2.7810606956
2934.0000000000            2.7800536156
2935.0000000000            2.7790460587
2936.0000000000            2.7780385017
2937.0000000000            2.7770307064
2938.0000000000            2.7760229111
2939.0000000000            2.7750146389
2940.0000000000            2.7740063667
2941.0000000000            2.7729980946
2942.0000000000            2.7719893456
2943.0000000000            2.7709805965
2944.0000000000            2.7699716091
2945.0000000000            2.7689626217
2946.0000000000            2.7679533958
2947.0000000000            2.7669436932
2948.0000000000            2.7659339905
2949.0000000000            2.7649242878
2950.0000000000            2.7639141083
2951.0000000000            2.7629041672
2952.0000000000            2.7618937492
2953.0000000000            2.7608830929
2954.0000000000            2.7598724365
2955.0000000000            2.7588617802
2956.0000000000            2.7578506470
2957.0000000000            2.7568395138
2958.0000000000            2.7558281422
2959.0000000000            2.7548165321
2960.0000000000            2.7538049221
2961.0000000000            2.7527930737
2962.0000000000            2.7517809868
2963.0000000000            2.7507686615
2964.0000000000            2.7497563362
2965.0000000000            2.7487440109
2966.0000000000            2.7477312088
2967.0000000000            2.7467184067
2968.0000000000            2.7457053661
2969.0000000000            2.7446923256
2970.0000000000            2.7436790466
2971.0000000000            2.7426655293
2972.0000000000            2.7416517735
2973.0000000000            2.7406380177
2974.0000000000            2.7396240234
2975.0000000000            2.7386097908
2976.0000000000            2.7375957966
2977.0000000000            2.7365810871
2978.0000000000            2.7355666161
2979.0000000000            2.7345519066
2980.0000000000            2.7335369587
2981.0000000000            2.7325220108
2982.0000000000            2.7315068245
2983.0000000000            2.7304913998
2984.0000000000            2.7294757366
2985.0000000000            2.7284600735
2986.0000000000            2.7274444103
2987.0000000000            2.7264282703
2988.0000000000            2.7254123688
2989.0000000000            2.7243959904
2990.0000000000            2.7233796120
2991.0000000000            2.7223629951
2992.0000000000            2.7213463783
2993.0000000000            2.7203295231
2994.0000000000            2.7193124294
2995.0000000000            2.7182953358
2996.0000000000            2.7172780037
2997.0000000000            2.7162604332
2998.0000000000            2.7152428627
2999.0000000000            2.7142252922
3000.0000000000            2.7132072449
3001.0000000000            2.7121891975
3002.0000000000            2.7111711502
3003.0000000000            2.7101528645
3004.0000000000            2.7091343403
3005.0000000000            2.7081158161
3006.0000000000            2.7070970535
3007.0000000000            2.7060782909
3008.0000000000            2.7050592899
3009.0000000000            2.7040400505
3010.0000000000            2.7030208111
3011.0000000000            2.7020015717
3012.0000000000            2.7009818554
3013.0000000000            2.6999621391
3014.0000000000            2.6989424229
3015.0000000000            2.6979224682
3016.0000000000            2.6969022751
3017.0000000000            2.6958820820
3018.0000000000            2.6948616505
3019.0000000000            2.6938412189
3020.0000000000            2.6928205490
3021.0000000000            2.6917998791
3022.0000000000            2.6907789707
3023.0000000000            2.6897578239
3024.0000000000            2.6887366772
3025.0000000000            2.6877152920
3026.0000000000            2.6866939068
3027.0000000000            2.6856725216
3028.0000000000            2.6846508980
3029.0000000000            2.6836290359
3030.0000000000            2.6826071739
3031.0000000000            2.6815848351
3032.0000000000            2.6805627346
3033.0000000000            2.6795406342
3034.0000000000            2.6785180569
3035.0000000000            2.6774954796
3036.0000000000            2.6764729023
3037.0000000000            2.6754500866
3038.0000000000            2.6744272709
3039.0000000000            2.6734039783
3040.0000000000            2.6723809242
3041.0000000000            2.6713576317
3042.0000000000            2.6703343391
3043.0000000000            2.6693105698
3044.0000000000            2.6682870388
3045.0000000000            2.6672632694
3046.0000000000            2.6662395000
3047.0000000000            2.6652152538
3048.0000000000            2.6641912460
3049.0000000000            2.6631669998
3050.0000000000            2.6621427536
3051.0000000000            2.6611182690
3052.0000000000            2.6600937843
3053.0000000000            2.6590690613
3054.0000000000            2.6580440998
3055.0000000000            2.6570191383
3056.0000000000            2.6559941769
3057.0000000000            2.6549689770
3058.0000000000            2.6539437771
3059.0000000000            2.6529185772
3060.0000000000            2.6518929005
3061.0000000000            2.6508674622
3062.0000000000            2.6498417854
3063.0000000000            2.6488158703
3064.0000000000            2.6477901936
3065.0000000000            2.6467640400
3066.0000000000            2.6457378864
3067.0000000000            2.6447117329
3068.0000000000            2.6436853409
3069.0000000000            2.6426589489
3070.0000000000            2.6416323185
3071.0000000000            2.6406059265
3072.0000000000            2.6395790577
3073.0000000000            2.6385521889
3074.0000000000            2.6375253201
3075.0000000000            2.6364982128
3076.0000000000            2.6354711056
3077.0000000000            2.6344437599
3078.0000000000            2.6334164143
3079.0000000000            2.6323888302
3080.0000000000            2.6313612461
3081.0000000000            2.6303336620
3082.0000000000            2.6293058395
3083.0000000000            2.6282780170
3084.0000000000            2.6272501945
3085.0000000000            2.6262221336
3086.0000000000            2.6251938343
3087.0000000000            2.6241657734
3088.0000000000            2.6231374741
3089.0000000000            2.6221091747
3090.0000000000            2.6210806370
3091.0000000000            2.6200518608
3092.0000000000            2.6190233231
3093.0000000000            2.6179943085
3094.0000000000            2.6169655323
3095.0000000000            2.6159365177
3096.0000000000            2.6149075031
3097.0000000000            2.6138782501
3098.0000000000            2.6128489971
3099.0000000000            2.6118197441
3100.0000000000            2.6107904911
3101.0000000000            2.6097607613
3102.0000000000            2.6087312698
3103.0000000000            2.6077017784
3104.0000000000            2.6066718102
3105.0000000000            2.6056420803
3106.0000000000            2.6046121120
3107.0000000000            2.6035821438
3108.0000000000            2.6025519371
3109.0000000000            2.6015217304
3110.0000000000            2.6004915237
3111.0000000000            2.5994613171
3112.0000000000            2.5984308720
3113.0000000000            2.5974004269
3114.0000000000            2.5963697433
3115.0000000000            2.5953390598
3116.0000000000            2.5943083763
3117.0000000000            2.5932776928
3118.0000000000            2.5922467709
3119.0000000000            2.5912158489
3120.0000000000            2.5901846886
3121.0000000000            2.5891535282
3122.0000000000            2.5881223679
3123.0000000000            2.5870912075
3124.0000000000            2.5860598087
3125.0000000000            2.5850284100
3126.0000000000            2.5839967728
3127.0000000000            2.5829651356
3128.0000000000            2.5819337368
3129.0000000000            2.5809020996
3130.0000000000            2.5798699856
3131.0000000000            2.5788383484
3132.0000000000            2.5778064728
3133.0000000000            2.5767743587
3134.0000000000            2.5757422447
3135.0000000000            2.5747103691
3136.0000000000            2.5736780167
3137.0000000000            2.5726459026
3138.0000000000            2.5716135502
3139.0000000000            2.5705811977
3140.0000000000            2.5695486069
3141.0000000000            2.5685160160
3142.0000000000            2.5674834251
3143.0000000000            2.5664508343
3144.0000000000            2.5654182434
3145.0000000000            2.5643854141
3146.0000000000            2.5633525848
3147.0000000000            2.5623197556
3148.0000000000            2.5612869263
3149.0000000000            2.5602536201
3150.0000000000            2.5592205524
3151.0000000000            2.5581874847
3152.0000000000            2.5571544170
3153.0000000000            2.5561211109
3154.0000000000            2.5550878048
3155.0000000000            2.5540544987
3156.0000000000            2.5530209541
3157.0000000000            2.5519876480
3158.0000000000            2.5509538651
3159.0000000000            2.5499205589
3160.0000000000            2.5488867760
3161.0000000000            2.5478529930
3162.0000000000            2.5468192101
3163.0000000000            2.5457854271
3164.0000000000            2.5447516441
3165.0000000000            2.5437178612
3166.0000000000            2.5426838398
3167.0000000000            2.5416498184
3168.0000000000            2.5406157970
3169.0000000000            2.5395817757
3170.0000000000            2.5385475159
3171.0000000000            2.5375134945
3172.0000000000            2.5364789963
3173.0000000000            2.5354447365
3174.0000000000            2.5344104767
3175.0000000000            2.5333762169
3176.0000000000            2.5323417187
3177.0000000000            2.5313072205
3178.0000000000            2.5302727222
3179.0000000000            2.5292382240
3180.0000000000            2.5282037258
3181.0000000000            2.5271689892
3182.0000000000            2.5261342525
3183.0000000000            2.5250995159
3184.0000000000            2.5240647793
3185.0000000000            2.5230300426
3186.0000000000            2.5219950676
3187.0000000000            2.5209603310
3188.0000000000            2.5199253559
3189.0000000000            2.5188903809
3190.0000000000            2.5178554058
3191.0000000000            2.5168204308
3192.0000000000            2.5157852173
3193.0000000000            2.5147502422
3194.0000000000            2.5137150288
3195.0000000000            2.5126798153
3196.0000000000            2.5116446018
3197.0000000000            2.5106093884
3198.0000000000            2.5095741749
3199.0000000000            2.5085389614
3200.0000000000            2.5075035095
3201.0000000000            2.5064680576
3202.0000000000            2.5054328442
3203.0000000000            2.5043973923
3204.0000000000            2.5033617020
3205.0000000000            2.5023262501
3206.0000000000            2.5012907982
3207.0000000000            2.5002553463
3208.0000000000            2.4992196560
3209.0000000000            2.4981839657
3210.0000000000            2.4971485138
3211.0000000000            2.4961128235
3212.0000000000            2.4950771332
3213.0000000000            2.4940414429
3214.0000000000            2.4930057526
3215.0000000000            2.4919700623
3216.0000000000            2.4909341335
3217.0000000000            2.4898984432
3218.0000000000            2.4888627529
3219.0000000000            2.4878268242
3220.0000000000            2.4867908955
3221.0000000000            2.4857549667
3222.0000000000            2.4847192764
3223.0000000000            2.4836831093
3224.0000000000            2.4826471806
3225.0000000000            2.4816114902
3226.0000000000            2.4805753231
3227.0000000000            2.4795393944
3228.0000000000            2.4785034657
3229.0000000000            2.4774672985
3230.0000000000            2.4764311314
3231.0000000000            2.4753952026
3232.0000000000            2.4743592739
3233.0000000000            2.4733231068
3234.0000000000            2.4722871780
3235.0000000000            2.4712510109
3236.0000000000            2.4702148438
3237.0000000000            2.4691786766
3238.0000000000            2.4681425095
3239.0000000000            2.4671063423
3240.0000000000            2.4660701752
3241.0000000000            2.4650342464
3242.0000000000            2.4639980793
3243.0000000000            2.4629619122
3244.0000000000            2.4619255066
3245.0000000000            2.4608893394
3246.0000000000            2.4598531723
3247.0000000000            2.4588170052
3248.0000000000            2.4577805996
3249.0000000000            2.4567444324
3250.0000000000            2.4557082653
3251.0000000000            2.4546720982
3252.0000000000            2.4536359310
3253.0000000000            2.4525997639
3254.0000000000            2.4515633583
3255.0000000000            2.4505271912
3256.0000000000            2.4494907856
3257.0000000000            2.4484546185
3258.0000000000            2.4474184513
3259.0000000000            2.4463822842
3260.0000000000            2.4453461170
3261.0000000000            2.4443097115
3262.0000000000            2.4432735443
3263.0000000000            2.4422373772
3264.0000000000            2.4412009716
3265.0000000000            2.4401648045
3266.0000000000            2.4391286373
3267.0000000000            2.4380924702
3268.0000000000            2.4370563030
3269.0000000000            2.4360201359
3270.0000000000            2.4349839687
3271.0000000000            2.4339478016
3272.0000000000            2.4329116344
3273.0000000000            2.4318754673
3274.0000000000            2.4308393002
3275.0000000000            2.4298031330
3276.0000000000            2.4287669659
3277.0000000000            2.4277307987
3278.0000000000            2.4266946316
3279.0000000000            2.4256587029
3280.0000000000            2.4246225357
3281.0000000000            2.4235863686
3282.0000000000            2.4225502014
3283.0000000000            2.4215142727
3284.0000000000            2.4204781055
3285.0000000000            2.4194421768
3286.0000000000            2.4184062481
3287.0000000000            2.4173700809
3288.0000000000            2.4163341522
3289.0000000000            2.4152982235
3290.0000000000            2.4142622948
3291.0000000000            2.4132263660
3292.0000000000            2.4121904373
3293.0000000000            2.4111545086
3294.0000000000            2.4101188183
3295.0000000000            2.4090828896
3296.0000000000            2.4080469608
3297.0000000000            2.4070112705
3298.0000000000            2.4059753418
3299.0000000000            2.4049396515
3300.0000000000            2.4039039612
3301.0000000000            2.4028682709
3302.0000000000            2.4018325806
3303.0000000000            2.4007968903
3304.0000000000            2.3997612000
3305.0000000000            2.3987257481
3306.0000000000            2.3976900578
3307.0000000000            2.3966546059
3308.0000000000            2.3956191540
3309.0000000000            2.3945834637
3310.0000000000            2.3935480118
3311.0000000000            2.3925125599
3312.0000000000            2.3914771080
3313.0000000000            2.3904416561
3314.0000000000            2.3894062042
3315.0000000000            2.3883709908
3316.0000000000            2.3873355389
3317.0000000000            2.3863005638
3318.0000000000            2.3852651119
3319.0000000000            2.3842301369
3320.0000000000            2.3831949234
3321.0000000000            2.3821597099
3322.0000000000            2.3811244965
3323.0000000000            2.3800895214
3324.0000000000            2.3790545464
3325.0000000000            2.3780195713
3326.0000000000            2.3769845963
3327.0000000000            2.3759496212
3328.0000000000            2.3749146461
3329.0000000000            2.3738799095
3330.0000000000            2.3728451729
3331.0000000000            2.3718101978
3332.0000000000            2.3707756996
3333.0000000000            2.3697409630
3334.0000000000            2.3687064648
3335.0000000000            2.3676717281
3336.0000000000            2.3666369915
3337.0000000000            2.3656027317
3338.0000000000            2.3645682335
3339.0000000000            2.3635337353
3340.0000000000            2.3624994755
3341.0000000000            2.3614649773
3342.0000000000            2.3604307175
3343.0000000000            2.3593964577
3344.0000000000            2.3583624363
3345.0000000000            2.3573281765
3346.0000000000            2.3562941551
3347.0000000000            2.3552598953
3348.0000000000            2.3542258739
3349.0000000000            2.3531920910
3350.0000000000            2.3521580696
3351.0000000000            2.3511242867
3352.0000000000            2.3500905037
3353.0000000000            2.3490567207
3354.0000000000            2.3480229378
3355.0000000000            2.3469891548
3356.0000000000            2.3459558487
3357.0000000000            2.3449220657
3358.0000000000            2.3438887596
3359.0000000000            2.3428552151
3360.0000000000            2.3418216705
3361.0000000000            2.3407886028
3362.0000000000            2.3397552967
3363.0000000000            2.3387219906
3364.0000000000            2.3376889229
3365.0000000000            2.3366556168
3366.0000000000            2.3356227875
3367.0000000000            2.3345897198
3368.0000000000            2.3335566521
3369.0000000000            2.3325238228
3370.0000000000            2.3314909935
3371.0000000000            2.3304584026
3372.0000000000            2.3294255733
3373.0000000000            2.3283929825
3374.0000000000            2.3273603916
3375.0000000000            2.3263278008
3376.0000000000            2.3252954483
3377.0000000000            2.3242630959
3378.0000000000            2.3232307434
3379.0000000000            2.3221986294
3380.0000000000            2.3211662769
3381.0000000000            2.3201341629
3382.0000000000            2.3191020489
3383.0000000000            2.3180701733
3384.0000000000            2.3170382977
3385.0000000000            2.3160064220
3386.0000000000            2.3149747849
3387.0000000000            2.3139429092
3388.0000000000            2.3129112720
3389.0000000000            2.3118798733
3390.0000000000            2.3108482361
3391.0000000000            2.3098168373
3392.0000000000            2.3087854385
3393.0000000000            2.3077540398
3394.0000000000            2.3067228794
3395.0000000000            2.3056917191
3396.0000000000            2.3046607971
3397.0000000000            2.3036296368
3398.0000000000            2.3025987148
3399.0000000000            2.3015677929
3400.0000000000            2.3005371094
3401.0000000000            2.2995064259
3402.0000000000            2.2984757423
3403.0000000000            2.2974452972
3404.0000000000            2.2964148521
3405.0000000000            2.2953846455
3406.0000000000            2.2943542004
3407.0000000000            2.2933239937
3408.0000000000            2.2922937870
3409.0000000000            2.2912638187
3410.0000000000            2.2902336121
3411.0000000000            2.2892036438
3412.0000000000            2.2881739140
3413.0000000000            2.2871441841
3414.0000000000            2.2861144543
3415.0000000000            2.2850849628
3416.0000000000            2.2840554714
3417.0000000000            2.2830262184
3418.0000000000            2.2819967270
3419.0000000000            2.2809674740
3420.0000000000            2.2799382210
3421.0000000000            2.2789092064
3422.0000000000            2.2778804302
3423.0000000000            2.2768514156
3424.0000000000            2.2758226395
3425.0000000000            2.2747938633
3426.0000000000            2.2737653255
3427.0000000000            2.2727367878
3428.0000000000            2.2717082500
3429.0000000000            2.2706799507
3430.0000000000            2.2696516514
3431.0000000000            2.2686235905
3432.0000000000            2.2675952911
3433.0000000000            2.2665674686
3434.0000000000            2.2655394077
3435.0000000000            2.2645115852
3436.0000000000            2.2634840012
3437.0000000000            2.2624561787
3438.0000000000            2.2614288330
3439.0000000000            2.2604014874
3440.0000000000            2.2593739033
3441.0000000000            2.2583467960
3442.0000000000            2.2573196888
3443.0000000000            2.2562925816
3444.0000000000            2.2552657127
3445.0000000000            2.2542388439
3446.0000000000            2.2532119751
3447.0000000000            2.2521855831
3448.0000000000            2.2511589527
3449.0000000000            2.2501323223
3450.0000000000            2.2491061687
3451.0000000000            2.2480797768
3452.0000000000            2.2470536232
3453.0000000000            2.2460277081
3454.0000000000            2.2450015545
3455.0000000000            2.2439758778
3456.0000000000            2.2429502010
3457.0000000000            2.2419245243
3458.0000000000            2.2408988476
3459.0000000000            2.2398736477
3460.0000000000            2.2388482094
3461.0000000000            2.2378230095
3462.0000000000            2.2367978096
3463.0000000000            2.2357728481
3464.0000000000            2.2347481251
3465.0000000000            2.2337231636
3466.0000000000            2.2326986790
3467.0000000000            2.2316741943
3468.0000000000            2.2306494713
3469.0000000000            2.2296252251
3470.0000000000            2.2286012173
3471.0000000000            2.2275769711
3472.0000000000            2.2265529633
3473.0000000000            2.2255289555
3474.0000000000            2.2245051861
3475.0000000000            2.2234814167
3476.0000000000            2.2224581242
3477.0000000000            2.2214345932
3478.0000000000            2.2204113007
3479.0000000000            2.2193880081
3480.0000000000            2.2183649540
3481.0000000000            2.2173418999
3482.0000000000            2.2163190842
3483.0000000000            2.2152962685
3484.0000000000            2.2142736912
3485.0000000000            2.2132513523
3486.0000000000            2.2122287750
3487.0000000000            2.2112064362
3488.0000000000            2.2101843357
3489.0000000000            2.2091624737
3490.0000000000            2.2081403732
3491.0000000000            2.2071187496
3492.0000000000            2.2060971260
3493.0000000000            2.2050755024
3494.0000000000            2.2040538788
3495.0000000000            2.2030327320
3496.0000000000            2.2020115852
3497.0000000000            2.2009904385
3498.0000000000            2.1999695301
3499.0000000000            2.1989486217
3500.0000000000            2.1979281902
3501.0000000000            2.1969075203
3502.0000000000            2.1958870888
3503.0000000000            2.1948668957
3504.0000000000            2.1938464642
3505.0000000000            2.1928265095
3506.0000000000            2.1918067932
3507.0000000000            2.1907868385
3508.0000000000            2.1897671223
3509.0000000000            2.1887476444
3510.0000000000            2.1877284050
3511.0000000000            2.1867089272
3512.0000000000            2.1856899261
3513.0000000000            2.1846709251
3514.0000000000            2.1836519241
3515.0000000000            2.1826331615
3516.0000000000            2.1816146374
3517.0000000000            2.1805961132
3518.0000000000            2.1795778275
3519.0000000000            2.1785595417
3520.0000000000            2.1775414944
3521.0000000000            2.1765236855
3522.0000000000            2.1755056381
3523.0000000000            2.1744880676
3524.0000000000            2.1734704971
3525.0000000000            2.1724531651
3526.0000000000            2.1714360714
3527.0000000000            2.1704187393
3528.0000000000            2.1694018841
3529.0000000000            2.1683850288
3530.0000000000            2.1673681736
3531.0000000000            2.1663517952
3532.0000000000            2.1653354168
3533.0000000000            2.1643190384
3534.0000000000            2.1633028984
3535.0000000000            2.1622869968
3536.0000000000            2.1612710953
3537.0000000000            2.1602554321
3538.0000000000            2.1592397690
3539.0000000000            2.1582243443
3540.0000000000            2.1572091579
3541.0000000000            2.1561939716
3542.0000000000            2.1551790237
3543.0000000000            2.1541640759
3544.0000000000            2.1531493664
3545.0000000000            2.1521346569
3546.0000000000            2.1511204243
3547.0000000000            2.1501061916
3548.0000000000            2.1490919590
3549.0000000000            2.1480779648
3550.0000000000            2.1470644474
3551.0000000000            2.1460506916
3552.0000000000            2.1450371742
3553.0000000000            2.1440236568
3554.0000000000            2.1430106163
3555.0000000000            2.1419975758
3556.0000000000            2.1409845352
3557.0000000000            2.1399719715
3558.0000000000            2.1389591694
3559.0000000000            2.1379466057
3560.0000000000            2.1369342804
3561.0000000000            2.1359221935
3562.0000000000            2.1349103451
3563.0000000000            2.1338984966
3564.0000000000            2.1328868866
3565.0000000000            2.1318752766
3566.0000000000            2.1308639050
3567.0000000000            2.1298527718
3568.0000000000            2.1288416386
3569.0000000000            2.1278307438
3570.0000000000            2.1268200874
3571.0000000000            2.1258094311
3572.0000000000            2.1247990131
3573.0000000000            2.1237888336
3574.0000000000            2.1227786541
3575.0000000000            2.1217687130
3576.0000000000            2.1207590103
3577.0000000000            2.1197493076
3578.0000000000            2.1187398434
3579.0000000000            2.1177306175
3580.0000000000            2.1167213917
3581.0000000000            2.1157124043
3582.0000000000            2.1147036552
3583.0000000000            2.1136949062
3584.0000000000            2.1126861572
3585.0000000000            2.1116776466
3586.0000000000            2.1106688976
3587.0000000000            2.1096606255
3588.0000000000            2.1086518764
3589.0000000000            2.1076431274
3590.0000000000            2.1066336632
3591.0000000000            2.1056237221
3592.0000000000            2.1046125889
3593.0000000000            2.1036002636
3594.0000000000            2.1025855541
3595.0000000000            2.1015675068
3596.0000000000            2.1005454063
3597.0000000000            2.0995171070
3598.0000000000            2.0984802246
3599.0000000000            2.0974321365
3600.0000000000            2.0963687897
3601.0000000000            2.0952844620
3602.0000000000            2.0941731930
3603.0000000000            2.0930261612
3604.0000000000            2.0918321609
3605.0000000000            2.0905778408
3606.0000000000            2.0892455578
3607.0000000000            2.0878143311
3608.0000000000            2.0862574577
3609.0000000000            2.0845432281
3610.0000000000            2.0826327801
3611.0000000000            2.0804798603
3612.0000000000            2.0780296326
3613.0000000000            2.0752172470
3614.0000000000            2.0719673634
3615.0000000000            2.0681931973
3616.0000000000            2.0637960434
3617.0000000000            2.0586638451
3618.0000000000            2.0526709557
3619.0000000000            2.0456798077
3620.0000000000            2.0375382900
3621.0000000000            2.0280835629
3622.0000000000            2.0171415806
3623.0000000000            2.0045289993
3624.0000000000            1.9900567532
3625.0000000000            1.9735314846
3626.0000000000            1.9547606707
3627.0000000000            1.9335556030
3628.0000000000            1.9097363949
3629.0000000000            1.8831366301
3630.0000000000            1.8536094427
3631.0000000000            1.8210313320
3632.0000000000            1.7853084803
3633.0000000000            1.7463810444
3634.0000000000            1.7042279243
3635.0000000000            1.6588703394
3636.0000000000            1.6103744507
3637.0000000000            1.5588542223
3638.0000000000            1.5044710636
3639.0000000000            1.4474341869
3640.0000000000            1.3879981041
3641.0000000000            1.3264602423
3642.0000000000            1.2631562948
3643.0000000000            1.1984547377
3644.0000000000            1.1327503920
3645.0000000000            1.0664571524
3646.0000000000            1.0000000000
3647.0000000000            0.9338067770
3648.0000000000            0.8683000207
3649.0000000000            0.8038886189
3650.0000000000            0.7409604192
3651.0000000000            0.6798751950
3652.0000000000            0.6209581494
3653.0000000000            0.5644955039
3654.0000000000            0.5107305050
3655.0000000000            0.4598604143
3656.0000000000            0.4120358527
3657.0000000000            0.3673602343
3658.0000000000            0.3258911669
3659.0000000000            0.2876424789
3660.0000000000            0.2525874078
3661.0000000000            0.2206622958
3662.0000000000            0.1917711794
3663.0000000000            0.1657904834
3664.0000000000            0.1425739825
3665.0000000000            0.1219579205
3666.0000000000            0.1037658453
3667.0000000000            0.0878132880
3668.0000000000            0.0739120021
3669.0000000000            0.0618738569
3670.0000000000            0.0515141189
3671.0000000000            0.0426542535
3672.0000000000            0.0351241939
3673.0000000000            0.0287640393
3674.0000000000            0.0234252978
3675.0000000000            0.0189716499
3676.0000000000            0.0152792893
3677.0000000000            0.0122369565
3678.0000000000            0.0097456407
3679.0000000000            0.0077180769
3680.0000000000            0.0060780612
3681.0000000000            0.0047596409
3682.0000000000            0.0037062338
3683.0000000000            0.0028697075
3684.0000000000            0.0022094578
3685.0000000000            0.0016915100
3686.0000000000            0.0012876617
3687.0000000000            0.0009746877
3688.0000000000            0.0007336079
3689.0000000000            0.0005490297
3690.0000000000            0.0004085639
3691.0000000000            0.0003023119
3692.0000000000            0.0002224238
3693.0000000000            0.0001627187
3694.0000000000            0.0001183650
3695.0000000000            0.0000856129
3696.0000000000            0.0000615722
3697.0000000000            0.0000440312
