1897.0000000000            3.0986642838
1898.0000000000            3.0983355045
1899.0000000000            3.0980067253
1900.0000000000            3.0976772308
1901.0000000000            3.0973472595
1902.0000000000            3.0970172882
1903.0000000000            3.0966866016
1904.0000000000            3.0963556767
1905.0000000000            3.0960242748
1906.0000000000            3.0956926346
1907.0000000000            3.0953605175
1908.0000000000            3.0950281620
1909.0000000000            3.0946953297
1910.0000000000            3.0943620205
1911.0000000000            3.0940284729
1912.0000000000            3.0936942101
1913.0000000000            3.0933599472
1914.0000000000            3.0930252075
1915.0000000000            3.0926899910
1916.0000000000            3.0923545361
1917.0000000000            3.0920186043
1918.0000000000            3.0916824341
1919.0000000000            3.0913455486
1920.0000000000            3.0910086632
1921.0000000000            3.0906710625
1922.0000000000            3.0903332233
1923.0000000000            3.0899951458
1924.0000000000            3.0896565914
1925.0000000000            3.0893175602
1926.0000000000            3.0889780521
1927.0000000000            3.0886383057
1928.0000000000            3.0882983208
1929.0000000000            3.0879576206
1930.0000000000            3.0876169205
1931.0000000000            3.0872755051
1932.0000000000            3.0869338512
1933.0000000000            3.0865917206
1934.0000000000            3.0862493515
1935.0000000000            3.0859065056
1936.0000000000            3.0855634212
1937.0000000000            3.0852198601
1938.0000000000            3.0848758221
1939.0000000000            3.0845315456
1940.0000000000            3.0841867924
1941.0000000000            3.0838418007
1942.0000000000            3.0834963322
1943.0000000000            3.0831503868
1944.0000000000            3.0828039646
1945.0000000000            3.0824573040
1946.0000000000            3.0821104050
1947.0000000000            3.0817630291
1948.0000000000            3.0814151764
1949.0000000000            3.0810670853
1950.0000000000            3.0807185173
1951.0000000000            3.0803694725
1952.0000000000            3.0800204277
1953.0000000000            3.0796706676
1954.0000000000            3.0793206692
1955.0000000000            3.0789701939
1956.0000000000            3.0786192417
1957.0000000000            3.0782680511
1958.0000000000            3.0779166222
1959.0000000000            3.0775647163
1960.0000000000            3.0772123337
1961.0000000000            3.0768594742
1962.0000000000            3.0765063763
1963.0000000000            3.0761530399
1964.0000000000            3.0757989883
1965.0000000000            3.0754446983
1966.0000000000            3.0750899315
1967.0000000000            3.0747349262
1968.0000000000            3.0743796825
1969.0000000000            3.0740237236
1970.0000000000            3.0736677647
1971.0000000000            3.0733110905
1972.0000000000            3.0729544163
1973.0000000000            3.0725970268
1974.0000000000            3.0722393990
1975.0000000000            3.0718812943
1976.0000000000            3.0715229511
1977.0000000000            3.0711638927
1978.0000000000            3.0708048344
1979.0000000000            3.0704450607
1980.0000000000            3.0700852871
1981.0000000000            3.0697250366
1982.0000000000            3.0693640709
1983.0000000000            3.0690031052
1984.0000000000            3.0686416626
1985.0000000000            3.0682797432
1986.0000000000            3.0679173470
1987.0000000000            3.0675549507
1988.0000000000            3.0671918392
1989.0000000000            3.0668284893
1990.0000000000            3.0664646626
1991.0000000000            3.0661005974
1992.0000000000            3.0657360554
1993.0000000000            3.0653710365
1994.0000000000            3.0650057793
1995.0000000000            3.0646402836
1996.0000000000            3.0642740726
1997.0000000000            3.0639078617
1998.0000000000            3.0635409355
1999.0000000000            3.0631737709
2000.0000000000            3.0628061295
2001.0000000000            3.0624382496
2002.0000000000            3.0620701313
2003.0000000000            3.0617012978
2004.0000000000            3.0613322258
2005.0000000000            3.0609626770
2006.0000000000            3.0605928898
2007.0000000000            3.0602228642
2008.0000000000            3.0598521233
2009.0000000000            3.0594811440
2010.0000000000            3.0591099262
2011.0000000000            3.0587382317
2012.0000000000            3.0583662987
2013.0000000000            3.0579936504
2014.0000000000            3.0576207638
2015.0000000000            3.0572476387
2016.0000000000            3.0568740368
2017.0000000000            3.0565001965
2018.0000000000            3.0561256409
2019.0000000000            3.0557508469
2020.0000000000            3.0553758144
2021.0000000000            3.0550003052
2022.0000000000            3.0546245575
2023.0000000000            3.0542483330
2024.0000000000            3.0538716316
2025.0000000000            3.0534944534
2026.0000000000            3.0531172752
2027.0000000000            3.0527393818
2028.0000000000            3.0523612499
2029.0000000000            3.0519828796
2030.0000000000            3.0516037941
2031.0000000000            3.0512247086
2032.0000000000            3.0508449078
2033.0000000000            3.0504651070
2034.0000000000            3.0500845909
2035.0000000000            3.0497038364
2036.0000000000            3.0493226051
2037.0000000000            3.0489411354
2038.0000000000            3.0485591888
2039.0000000000            3.0481770039
2040.0000000000            3.0477943420
2041.0000000000            3.0474112034
2042.0000000000            3.0470278263
2043.0000000000            3.0466442108
2044.0000000000            3.0462598801
2045.0000000000            3.0458753109
2046.0000000000            3.0454905033
2047.0000000000            3.0451049805
2048.0000000000            3.0447194576
2049.0000000000            3.0443334579
2050.0000000000            3.0439469814
2051.0000000000            3.0435602665
2052.0000000000            3.0431730747
2053.0000000000            3.0427856445
2054.0000000000            3.0423974991
2055.0000000000            3.0420093536
2056.0000000000            3.0416204929
2057.0000000000            3.0412316322
2058.0000000000            3.0408420563
2059.0000000000            3.0404522419
2060.0000000000            3.0400621891
2061.0000000000            3.0396716595
2062.0000000000            3.0392808914
2063.0000000000            3.0388894081
2064.0000000000            3.0384976864
2065.0000000000            3.0381057262
2066.0000000000            3.0377132893
2067.0000000000            3.0373206139
2068.0000000000            3.0369272232
2069.0000000000            3.0365338326
2070.0000000000            3.0361399651
2071.0000000000            3.0357456207
2072.0000000000            3.0353510380
2073.0000000000            3.0349557400
2074.0000000000            3.0345604420
2075.0000000000            3.0341646671
2076.0000000000            3.0337686539
2077.0000000000            3.0333719254
2078.0000000000            3.0329749584
2079.0000000000            3.0325777531
2080.0000000000            3.0321800709
2081.0000000000            3.0317819118
2082.0000000000            3.0313837528
2083.0000000000            3.0309848785
2084.0000000000            3.0305857658
2085.0000000000            3.0301861763
2086.0000000000            3.0297863483
2087.0000000000            3.0293858051
2088.0000000000            3.0289852619
2089.0000000000            3.0285844803
2090.0000000000            3.0281829834
2091.0000000000            3.0277812481
2092.0000000000            3.0273790359
2093.0000000000            3.0269765854
2094.0000000000            3.0265736580
2095.0000000000            3.0261702538
2096.0000000000            3.0257666111
2097.0000000000            3.0253627300
2098.0000000000            3.0249583721
2099.0000000000            3.0245535374
2100.0000000000            3.0241484642
2101.0000000000            3.0237431526
2102.0000000000            3.0233371258
2103.0000000000            3.0229308605
2104.0000000000            3.0225241184
2105.0000000000            3.0221173763
2106.0000000000            3.0217099190
2107.0000000000            3.0213022232
2108.0000000000            3.0208940506
2109.0000000000            3.0204856396
2110.0000000000            3.0200769901
2111.0000000000            3.0196676254
2112.0000000000            3.0192580223
2113.0000000000            3.0188481808
2114.0000000000            3.0184378624
2115.0000000000            3.0180270672
2116.0000000000            3.0176160336
2117.0000000000            3.0172045231
2118.0000000000            3.0167925358
2119.0000000000            3.0163805485
2120.0000000000            3.0159680843
2121.0000000000            3.0155551434
2122.0000000000            3.0151417255
2123.0000000000            3.0147280693
2124.0000000000            3.0143141747
2125.0000000000            3.0138995647
2126.0000000000            3.0134849548
2127.0000000000            3.0130698681
2128.0000000000            3.0126543045
2129.0000000000            3.0122382641
2130.0000000000            3.0118222237
2131.0000000000            3.0114054680
2132.0000000000            3.0109884739
2133.0000000000            3.0105710030
2134.0000000000            3.0101535320
2135.0000000000            3.0097353458
2136.0000000000            3.0093166828
2137.0000000000            3.0088980198
2138.0000000000            3.0084786415
2139.0000000000            3.0080592632
2140.0000000000            3.0076391697
2141.0000000000            3.0072188377
2142.0000000000            3.0067980289
2143.0000000000            3.0063772202
2144.0000000000            3.0059556961
2145.0000000000            3.0055339336
2146.0000000000            3.0051119328
2147.0000000000            3.0046892166
2148.0000000000            3.0042665005
2149.0000000000            3.0038430691
2150.0000000000            3.0034196377
2151.0000000000            3.0029954910
2152.0000000000            3.0025711060
2153.0000000000            3.0021464825
2154.0000000000            3.0017213821
2155.0000000000            3.0012958050
2156.0000000000            3.0008699894
2157.0000000000            3.0004436970
2158.0000000000            3.0000171661
2159.0000000000            2.9995901585
2160.0000000000            2.9991629124
2161.0000000000            2.9987351894
2162.0000000000            2.9983072281
2163.0000000000            2.9978787899
2164.0000000000            2.9974501133
2165.0000000000            2.9970209599
2166.0000000000            2.9965913296
2167.0000000000            2.9961614609
2168.0000000000            2.9957311153
2169.0000000000            2.9953005314
2170.0000000000            2.9948694706
2171.0000000000            2.9944381714
2172.0000000000            2.9940066338
2173.0000000000            2.9935743809
2174.0000000000            2.9931418896
2175.0000000000            2.9927091599
2176.0000000000            2.9922759533
2177.0000000000            2.9918425083
2178.0000000000            2.9914083481
2179.0000000000            2.9909741879
2180.0000000000            2.9905397892
2181.0000000000            2.9901046753
2182.0000000000            2.9896693230
2183.0000000000            2.9892334938
2184.0000000000            2.9887974262
2185.0000000000            2.9883608818
2186.0000000000            2.9879240990
2187.0000000000            2.9874868393
2188.0000000000            2.9870493412
2189.0000000000            2.9866116047
2190.0000000000            2.9861731529
2191.0000000000            2.9857344627
2192.0000000000            2.9852952957
2193.0000000000            2.9848561287
2194.0000000000            2.9844162464
2195.0000000000            2.9839763641
2196.0000000000            2.9835357666
2197.0000000000            2.9830949306
2198.0000000000            2.9826536179
2199.0000000000            2.9822120667
2200.0000000000            2.9817702770
2201.0000000000            2.9813280106
2202.0000000000            2.9808852673
2203.0000000000            2.9804420471
2204.0000000000            2.9799988270
2205.0000000000            2.9795551300
2206.0000000000            2.9791109562
2207.0000000000            2.9786665440
2208.0000000000            2.9782216549
2209.0000000000            2.9777762890
2210.0000000000            2.9773309231
2211.0000000000            2.9768848419
2212.0000000000            2.9764385223
2213.0000000000            2.9759919643
2214.0000000000            2.9755449295
2215.0000000000            2.9750976562
2216.0000000000            2.9746499062
2217.0000000000            2.9742016792
2218.0000000000            2.9737534523
2219.0000000000            2.9733042717
2220.0000000000            2.9728553295
2221.0000000000            2.9724056721
2222.0000000000            2.9719557762
2223.0000000000            2.9715054035
2224.0000000000            2.9710550308
2225.0000000000            2.9706039429
2226.0000000000            2.9701526165
2227.0000000000            2.9697008133
2228.0000000000            2.9692487717
2229.0000000000            2.9687962532
2230.0000000000            2.9683434963
2231.0000000000            2.9678902626
2232.0000000000            2.9674367905
2233.0000000000            2.9669828415
2234.0000000000            2.9665286541
2235.0000000000            2.9660739899
2236.0000000000            2.9656190872
2237.0000000000            2.9651637077
2238.0000000000            2.9647080898
2239.0000000000            2.9642522335
2240.0000000000            2.9637956619
2241.0000000000            2.9633388519
2242.0000000000            2.9628818035
2243.0000000000            2.9624242783
2244.0000000000            2.9619665146
2245.0000000000            2.9615082741
2246.0000000000            2.9610497952
2247.0000000000            2.9605908394
2248.0000000000            2.9601316452
2249.0000000000            2.9596717358
2250.0000000000            2.9592120647
2251.0000000000            2.9587514400
2252.0000000000            2.9582908154
2253.0000000000            2.9578299522
2254.0000000000            2.9573683739
2255.0000000000            2.9569065571
2256.0000000000            2.9564445019
2257.0000000000            2.9559819698
2258.0000000000            2.9555189610
2259.0000000000            2.9550559521
2260.0000000000            2.9545924664
2261.0000000000            2.9541285038
2262.0000000000            2.9536640644
2263.0000000000            2.9531996250
2264.0000000000            2.9527344704
2265.0000000000            2.9522690773
2266.0000000000            2.9518034458
2267.0000000000            2.9513373375
2268.0000000000            2.9508709908
2269.0000000000            2.9504041672
2270.0000000000            2.9499368668
2271.0000000000            2.9494693279
2272.0000000000            2.9490015507
2273.0000000000            2.9485332966
2274.0000000000            2.9480648041
2275.0000000000            2.9475960732
2276.0000000000            2.9471266270
2277.0000000000            2.9466569424
2278.0000000000            2.9461870193
2279.0000000000            2.9457166195
2280.0000000000            2.9452459812
2281.0000000000            2.9447748661
2282.0000000000            2.9443035126
2283.0000000000            2.9438316822
2284.0000000000            2.9433596134
2285.0000000000            2.9428870678
2286.0000000000            2.9424142838
2287.0000000000            2.9419412613
2288.0000000000            2.9414675236
2289.0000000000            2.9409937859
2290.0000000000            2.9405193329
2291.0000000000            2.9400446415
2292.0000000000            2.9395699501
2293.0000000000            2.9390945435
2294.0000000000            2.9386188984
2295.0000000000            2.9381427765
2296.0000000000            2.9376664162
2297.0000000000            2.9371898174
2298.0000000000            2.9367127419
2299.0000000000            2.9362354279
2300.0000000000            2.9357573986
2301.0000000000            2.9352793694
2302.0000000000            2.9348008633
2303.0000000000            2.9343221188
2304.0000000000            2.9338426590
2305.0000000000            2.9333631992
2306.0000000000            2.9328835011
2307.0000000000            2.9324030876
2308.0000000000            2.9319226742
2309.0000000000            2.9314415455
2310.0000000000            2.9309601784
2311.0000000000            2.9304788113
2312.0000000000            2.9299964905
2313.0000000000            2.9295141697
2314.0000000000            2.9290316105
2315.0000000000            2.9285483360
2316.0000000000            2.9280650616
2317.0000000000            2.9275813103
2318.0000000000            2.9270973206
2319.0000000000            2.9266126156
2320.0000000000            2.9261279106
2321.0000000000            2.9256427288
2322.0000000000            2.9251573086
2323.0000000000            2.9246714115
2324.0000000000            2.9241852760
2325.0000000000            2.9236986637
2326.0000000000            2.9232118130
2327.0000000000            2.9227242470
2328.0000000000            2.9222369194
2329.0000000000            2.9217488766
2330.0000000000            2.9212605953
2331.0000000000            2.9207720757
2332.0000000000            2.9202828407
2333.0000000000            2.9197933674
2334.0000000000            2.9193038940
2335.0000000000            2.9188137054
2336.0000000000            2.9183232784
2337.0000000000            2.9178326130
2338.0000000000            2.9173414707
2339.0000000000            2.9168500900
2340.0000000000            2.9163582325
2341.0000000000            2.9158661366
2342.0000000000            2.9153735638
2343.0000000000            2.9148807526
2344.0000000000            2.9143874645
2345.0000000000            2.9138939381
2346.0000000000            2.9134001732
2347.0000000000            2.9129059315
2348.0000000000            2.9124112129
2349.0000000000            2.9119162560
2350.0000000000            2.9114212990
2351.0000000000            2.9109253883
2352.0000000000            2.9104294777
2353.0000000000            2.9099333286
2354.0000000000            2.9094367027
2355.0000000000            2.9089398384
2356.0000000000            2.9084422588
2357.0000000000            2.9079446793
2358.0000000000            2.9074466228
2359.0000000000            2.9069480896
2360.0000000000            2.9064495564
2361.0000000000            2.9059503078
2362.0000000000            2.9054510593
2363.0000000000            2.9049510956
2364.0000000000            2.9044511318
2365.0000000000            2.9039506912
2366.0000000000            2.9034497738
2367.0000000000            2.9029488564
2368.0000000000            2.9024472237
2369.0000000000            2.9019453526
2370.0000000000            2.9014432430
2371.0000000000            2.9009406567
2372.0000000000            2.9004378319
2373.0000000000            2.8999347687
2374.0000000000            2.8994309902
2375.0000000000            2.8989272118
2376.0000000000            2.8984229565
2377.0000000000            2.8979182243
2378.0000000000            2.8974134922
2379.0000000000            2.8969082832
2380.0000000000            2.8964025974
2381.0000000000            2.8958966732
2382.0000000000            2.8953905106
2383.0000000000            2.8948838711
2384.0000000000            2.8943767548
2385.0000000000            2.8938694000
2386.0000000000            2.8933618069
2387.0000000000            2.8928537369
2388.0000000000            2.8923454285
2389.0000000000            2.8918366432
2390.0000000000            2.8913278580
2391.0000000000            2.8908181190
2392.0000000000            2.8903086185
2393.0000000000            2.8897986412
2394.0000000000            2.8892881870
2395.0000000000            2.8887774944
2396.0000000000            2.8882665634
2397.0000000000            2.8877549171
2398.0000000000            2.8872432709
2399.0000000000            2.8867311478
2400.0000000000            2.8862187862
2401.0000000000            2.8857059479
2402.0000000000            2.8851928711
2403.0000000000            2.8846793175
2404.0000000000            2.8841655254
2405.0000000000            2.8836512566
2406.0000000000            2.8831369877
2407.0000000000            2.8826222420
2408.0000000000            2.8821070194
2409.0000000000            2.8815913200
2410.0000000000            2.8810756207
2411.0000000000            2.8805594444
2412.0000000000            2.8800430298
2413.0000000000            2.8795263767
2414.0000000000            2.8790090084
2415.0000000000            2.8784914017
2416.0000000000            2.8779735565
2417.0000000000            2.8774554729
2418.0000000000            2.8769369125
2419.0000000000            2.8764181137
2420.0000000000            2.8758990765
2421.0000000000            2.8753793240
2422.0000000000            2.8748595715
2423.0000000000            2.8743393421
2424.0000000000            2.8738188744
2425.0000000000            2.8732976913
2426.0000000000            2.8727767467
2427.0000000000            2.8722550869
2428.0000000000            2.8717331886
2429.0000000000            2.8712110519
2430.0000000000            2.8706884384
2431.0000000000            2.8701655865
2432.0000000000            2.8696422577
2433.0000000000            2.8691186905
2434.0000000000            2.8685948849
2435.0000000000            2.8680706024
2436.0000000000            2.8675460815
2437.0000000000            2.8670210838
2438.0000000000            2.8664960861
2439.0000000000            2.8659703732
2440.0000000000            2.8654444218
2441.0000000000            2.8649182320
2442.0000000000            2.8643918037
2443.0000000000            2.8638648987
2444.0000000000            2.8633375168
2445.0000000000            2.8628098965
2446.0000000000            2.8622820377
2447.0000000000            2.8617539406
2448.0000000000            2.8612251282
2449.0000000000            2.8606963158
2450.0000000000            2.8601670265
2451.0000000000            2.8596374989
2452.0000000000            2.8591077328
2453.0000000000            2.8585774899
2454.0000000000            2.8580467701
2455.0000000000            2.8575160503
2456.0000000000            2.8569848537
2457.0000000000            2.8564531803
2458.0000000000            2.8559212685
2459.0000000000            2.8553891182
2460.0000000000            2.8548564911
2461.0000000000            2.8543236256
2462.0000000000            2.8537905216
2463.0000000000            2.8532569408
2464.0000000000            2.8527231216
2465.0000000000            2.8521888256
2466.0000000000            2.8516545296
2467.0000000000            2.8511195183
2468.0000000000            2.8505845070
2469.0000000000            2.8500487804
2470.0000000000            2.8495130539
2471.0000000000            2.8489768505
2472.0000000000            2.8484404087
2473.0000000000            2.8479034901
2474.0000000000            2.8473663330
2475.0000000000            2.8468289375
2476.0000000000            2.8462910652
2477.0000000000            2.8457529545
2478.0000000000            2.8452143669
2479.0000000000            2.8446757793
2480.0000000000            2.8441364765
2481.0000000000            2.8435971737
2482.0000000000            2.8430573940
2483.0000000000            2.8425171375
2484.0000000000            2.8419766426
2485.0000000000            2.8414359093
2486.0000000000            2.8408949375
2487.0000000000            2.8403534889
2488.0000000000            2.8398118019
2489.0000000000            2.8392696381
2490.0000000000            2.8387272358
2491.0000000000            2.8381845951
2492.0000000000            2.8376414776
2493.0000000000            2.8370981216
2494.0000000000            2.8365542889
2495.0000000000            2.8360104561
2496.0000000000            2.8354661465
2497.0000000000            2.8349213600
2498.0000000000            2.8343763351
2499.0000000000            2.8338310719
2500.0000000000            2.8332855701
2501.0000000000            2.8327395916
2502.0000000000            2.8321931362
2503.0000000000            2.8316466808
2504.0000000000            2.8310997486
2505.0000000000            2.8305525780
2506.0000000000            2.8300049305
2507.0000000000            2.8294570446
2508.0000000000            2.8289086819
2509.0000000000            2.8283600807
2510.0000000000            2.8278114796
2511.0000000000            2.8272621632
2512.0000000000            2.8267126083
2513.0000000000            2.8261628151
2514.0000000000            2.8256125450
2515.0000000000            2.8250622749
2516.0000000000            2.8245112896
2517.0000000000            2.8239600658
2518.0000000000            2.8234086037
2519.0000000000            2.8228571415
2520.0000000000            2.8223047256
2521.0000000000            2.8217523098
2522.0000000000            2.8211996555
2523.0000000000            2.8206467628
2524.0000000000            2.8200931549
2525.0000000000            2.8195395470
2526.0000000000            2.8189854622
2527.0000000000            2.8184313774
2528.0000000000            2.8178765774
2529.0000000000            2.8173217773
2530.0000000000            2.8167665005
2531.0000000000            2.8162107468
2532.0000000000            2.8156549931
2533.0000000000            2.8150985241
2534.0000000000            2.8145420551
2535.0000000000            2.8139853477
2536.0000000000            2.8134279251
2537.0000000000            2.8128705025
2538.0000000000            2.8123126030
2539.0000000000            2.8117544651
2540.0000000000            2.8111958504
2541.0000000000            2.8106372356
2542.0000000000            2.8100781441
2543.0000000000            2.8095188141
2544.0000000000            2.8089590073
2545.0000000000            2.8083989620
2546.0000000000            2.8078386784
2547.0000000000            2.8072779179
2548.0000000000            2.8067169189
2549.0000000000            2.8061554432
2550.0000000000            2.8055939674
2551.0000000000            2.8050320148
2552.0000000000            2.8044695854
2553.0000000000            2.8039071560
2554.0000000000            2.8033442497
2555.0000000000            2.8027811050
2556.0000000000            2.8022177219
2557.0000000000            2.8016538620
2558.0000000000            2.8010897636
2559.0000000000            2.8005249500
2560.0000000000            2.7999603748
2561.0000000000            2.7993953228
2562.0000000000            2.7988297939
2563.0000000000            2.7982642651
2564.0000000000            2.7976980209
2565.0000000000            2.7971317768
2566.0000000000            2.7965652943
2567.0000000000            2.7959983349
2568.0000000000            2.7954308987
2569.0000000000            2.7948634624
2570.0000000000            2.7942955494
2571.0000000000            2.7937273979
2572.0000000000            2.7931587696
2573.0000000000            2.7925899029
2574.0000000000            2.7920207977
2575.0000000000            2.7914514542
2576.0000000000            2.7908813953
2577.0000000000            2.7903113365
2578.0000000000            2.7897410393
2579.0000000000            2.7891702652
2580.0000000000            2.7885994911
2581.0000000000            2.7880280018
2582.0000000000            2.7874565125
2583.0000000000            2.7868843079
2584.0000000000            2.7863121033
2585.0000000000            2.7857396603
2586.0000000000            2.7851667404
2587.0000000000            2.7845935822
2588.0000000000            2.7840201855
2589.0000000000            2.7834465504
2590.0000000000            2.7828724384
2591.0000000000            2.7822978497
2592.0000000000            2.7817232609
2593.0000000000            2.7811481953
2594.0000000000            2.7805728912
2595.0000000000            2.7799971104
2596.0000000000            2.7794213295
2597.0000000000            2.7788448334
2598.0000000000            2.7782683372
2599.0000000000            2.7776916027
2600.0000000000            2.7771143913
2601.0000000000            2.7765369415
2602.0000000000            2.7759592533
2603.0000000000            2.7753810883
2604.0000000000            2.7748026848
2605.0000000000            2.7742240429
2606.0000000000            2.7736449242
2607.0000000000            2.7730658054
2608.0000000000            2.7724862099
2609.0000000000            2.7719061375
2610.0000000000            2.7713260651
2611.0000000000            2.7707455158
2612.0000000000            2.7701647282
2613.0000000000            2.7695834637
2614.0000000000            2.7690021992
2615.0000000000            2.7684202194
2616.0000000000            2.7678382397
2617.0000000000            2.7672560215
2618.0000000000            2.7666733265
2619.0000000000            2.7660903931
2620.0000000000            2.7655072212
2621.0000000000            2.7649235725
2622.0000000000            2.7643396854
2623.0000000000            2.7637555599
2624.0000000000            2.7631711960
2625.0000000000            2.7625865936
2626.0000000000            2.7620015144
2627.0000000000            2.7614159584
2628.0000000000            2.7608304024
2629.0000000000            2.7602446079
2630.0000000000            2.7596583366
2631.0000000000            2.7590715885
2632.0000000000            2.7584846020
2633.0000000000            2.7578976154
2634.0000000000            2.7573101521
2635.0000000000            2.7567222118
2636.0000000000            2.7561345100
2637.0000000000            2.7555458546
2638.0000000000            2.7549571991
2639.0000000000            2.7543683052
2640.0000000000            2.7537791729
2641.0000000000            2.7531895638
2642.0000000000            2.7525997162
2643.0000000000            2.7520096302
2644.0000000000            2.7514193058
2645.0000000000            2.7508282661
2646.0000000000            2.7502374649
2647.0000000000            2.7496461868
2648.0000000000            2.7490544319
2649.0000000000            2.7484624386
2650.0000000000            2.7478704453
2651.0000000000            2.7472777367
2652.0000000000            2.7466850281
2653.0000000000            2.7460918427
2654.0000000000            2.7454986572
2655.0000000000            2.7449047565
2656.0000000000            2.7443108559
2657.0000000000            2.7437164783
2658.0000000000            2.7431218624
2659.0000000000            2.7425270081
2660.0000000000            2.7419319153
2661.0000000000            2.7413365841
2662.0000000000            2.7407407761
2663.0000000000            2.7401447296
2664.0000000000            2.7395484447
2665.0000000000            2.7389516830
2666.0000000000            2.7383546829
2667.0000000000            2.7377576828
2668.0000000000            2.7371599674
2669.0000000000            2.7365622520
2670.0000000000            2.7359640598
2671.0000000000            2.7353658676
2672.0000000000            2.7347669601
2673.0000000000            2.7341680527
2674.0000000000            2.7335686684
2675.0000000000            2.7329692841
2676.0000000000            2.7323694229
2677.0000000000            2.7317693233
2678.0000000000            2.7311687469
2679.0000000000            2.7305681705
2680.0000000000            2.7299671173
2681.0000000000            2.7293658257
2682.0000000000            2.7287642956
2683.0000000000            2.7281625271
2684.0000000000            2.7275600433
2685.0000000000            2.7269577980
2686.0000000000            2.7263550758
2687.0000000000            2.7257518768
2688.0000000000            2.7251486778
2689.0000000000            2.7245450020
2690.0000000000            2.7239410877
2691.0000000000            2.7233371735
2692.0000000000            2.7227325439
2693.0000000000            2.7221276760
2694.0000000000            2.7215228081
2695.0000000000            2.7209172249
2696.0000000000            2.7203118801
2697.0000000000            2.7197060585
2698.0000000000            2.7190995216
2699.0000000000            2.7184932232
2700.0000000000            2.7178864479
2701.0000000000            2.7172794342
2702.0000000000            2.7166721821
2703.0000000000            2.7160644531
2704.0000000000            2.7154564857
2705.0000000000            2.7148485184
2706.0000000000            2.7142398357
2707.0000000000            2.7136311531
2708.0000000000            2.7130222321
2709.0000000000            2.7124128342
2710.0000000000            2.7118034363
2711.0000000000            2.7111933231
2712.0000000000            2.7105832100
2713.0000000000            2.7099726200
2714.0000000000            2.7093620300
2715.0000000000            2.7087509632
2716.0000000000            2.7081396580
2717.0000000000            2.7075281143
2718.0000000000            2.7069163322
2719.0000000000            2.7063040733
2720.0000000000            2.7056915760
2721.0000000000            2.7050788403
2722.0000000000            2.7044658661
2723.0000000000            2.7038526535
2724.0000000000            2.7032392025
2725.0000000000            2.7026252747
2726.0000000000            2.7020113468
2727.0000000000            2.7013969421
2728.0000000000            2.7007820606
2729.0000000000            2.7001674175
2730.0000000000            2.6995520592
2731.0000000000            2.6989364624
2732.0000000000            2.6983206272
2733.0000000000            2.6977045536
2734.0000000000            2.6970884800
2735.0000000000            2.6964716911
2736.0000000000            2.6958549023
2737.0000000000            2.6952376366
2738.0000000000            2.6946203709
2739.0000000000            2.6940023899
2740.0000000000            2.6933846474
2741.0000000000            2.6927661896
2742.0000000000            2.6921477318
2743.0000000000            2.6915287971
2744.0000000000            2.6909096241
2745.0000000000            2.6902902126
2746.0000000000            2.6896705627
2747.0000000000            2.6890506744
2748.0000000000            2.6884305477
2749.0000000000            2.6878099442
2750.0000000000            2.6871893406
2751.0000000000            2.6865682602
2752.0000000000            2.6859469414
2753.0000000000            2.6853253841
2754.0000000000            2.6847035885
2755.0000000000            2.6840813160
2756.0000000000            2.6834590435
2757.0000000000            2.6828362942
2758.0000000000            2.6822135448
2759.0000000000            2.6815900803
2760.0000000000            2.6809666157
2761.0000000000            2.6803429127
2762.0000000000            2.6797187328
2763.0000000000            2.6790947914
2764.0000000000            2.6784698963
2765.0000000000            2.6778452396
2766.0000000000            2.6772201061
2767.0000000000            2.6765947342
2768.0000000000            2.6759688854
2769.0000000000            2.6753430367
2770.0000000000            2.6747169495
2771.0000000000            2.6740906239
2772.0000000000            2.6734638214
2773.0000000000            2.6728365421
2774.0000000000            2.6722095013
2775.0000000000            2.6715819836
2776.0000000000            2.6709542274
2777.0000000000            2.6703259945
2778.0000000000            2.6696975231
2779.0000000000            2.6690690517
2780.0000000000            2.6684401035
2781.0000000000            2.6678109169
2782.0000000000            2.6671817303
2783.0000000000            2.6665518284
2784.0000000000            2.6659221649
2785.0000000000            2.6652915478
2786.0000000000            2.6646611691
2787.0000000000            2.6640305519
2788.0000000000            2.6633994579
2789.0000000000            2.6627681255
2790.0000000000            2.6621365547
2791.0000000000            2.6615047455
2792.0000000000            2.6608726978
2793.0000000000            2.6602404118
2794.0000000000            2.6596078873
2795.0000000000            2.6589751244
2796.0000000000            2.6583418846
2797.0000000000            2.6577084064
2798.0000000000            2.6570746899
2799.0000000000            2.6564409733
2800.0000000000            2.6558065414
2801.0000000000            2.6551721096
2802.0000000000            2.6545374393
2803.0000000000            2.6539025307
2804.0000000000            2.6532673836
2805.0000000000            2.6526317596
2806.0000000000            2.6519961357
2807.0000000000            2.6513600349
2808.0000000000            2.6507236958
2809.0000000000            2.6500873566
2810.0000000000            2.6494503021
2811.0000000000            2.6488132477
2812.0000000000            2.6481759548
2813.0000000000            2.6475384235
2814.0000000000            2.6469006538
2815.0000000000            2.6462624073
2816.0000000000            2.6456241608
2817.0000000000            2.6449854374
2818.0000000000            2.6443467140
2819.0000000000            2.6437075138
2820.0000000000            2.6430680752
2821.0000000000            2.6424283981
2822.0000000000            2.6417884827
2823.0000000000            2.6411483288
2824.0000000000            2.6405081749
2825.0000000000            2.6398673058
2826.0000000000            2.6392264366
2827.0000000000            2.6385853291
2828.0000000000            2.6379437447
2829.0000000000            2.6373021603
2830.0000000000            2.6366603374
2831.0000000000            2.6360180378
2832.0000000000            2.6353754997
2833.0000000000            2.6347327232
2834.0000000000            2.6340899467
2835.0000000000            2.6334464550
2836.0000000000            2.6328032017
2837.0000000000            2.6321594715
2838.0000000000            2.6315155029
2839.0000000000            2.6308712959
2840.0000000000            2.6302266121
2841.0000000000            2.6295819283
2842.0000000000            2.6289367676
2843.0000000000            2.6282916069
2844.0000000000            2.6276462078
2845.0000000000            2.6270003319
2846.0000000000            2.6263542175
2847.0000000000            2.6257081032
2848.0000000000            2.6250615120
2849.0000000000            2.6244146824
2850.0000000000            2.6237676144
2851.0000000000            2.6231205463
2852.0000000000            2.6224730015
2853.0000000000            2.6218252182
2854.0000000000            2.6211771965
2855.0000000000            2.6205289364
2856.0000000000            2.6198804379
2857.0000000000            2.6192317009
2858.0000000000            2.6185827255
2859.0000000000            2.6179335117
2860.0000000000            2.6172838211
2861.0000000000            2.6166341305
2862.0000000000            2.6159842014
2863.0000000000            2.6153337955
2864.0000000000            2.6146833897
2865.0000000000            2.6140325069
2866.0000000000            2.6133816242
2867.0000000000            2.6127305031
2868.0000000000            2.6120791435
2869.0000000000            2.6114270687
2870.0000000000            2.6107752323
2871.0000000000            2.6101229191
2872.0000000000            2.6094706059
2873.0000000000            2.6088178158
2874.0000000000            2.6081650257
2875.0000000000            2.6075117588
2876.0000000000            2.6068582535
2877.0000000000            2.6062045097
2878.0000000000            2.6055505276
2879.0000000000            2.6048965454
2880.0000000000            2.6042420864
2881.0000000000            2.6035873890
2882.0000000000            2.6029324532
2883.0000000000            2.6022772789
2884.0000000000            2.6016221046
2885.0000000000            2.6009662151
2886.0000000000            2.6003103256
2887.0000000000            2.5996544361
2888.0000000000            2.5989978313
2889.0000000000            2.5983414650
2890.0000000000            2.5976846218
2891.0000000000            2.5970275402
2892.0000000000            2.5963702202
2893.0000000000            2.5957126617
2894.0000000000            2.5950548649
2895.0000000000            2.5943968296
2896.0000000000            2.5937385559
2897.0000000000            2.5930800438
2898.0000000000            2.5924212933
2899.0000000000            2.5917623043
2900.0000000000            2.5911033154
2901.0000000000            2.5904436111
2902.0000000000            2.5897839069
2903.0000000000            2.5891242027
2904.0000000000            2.5884640217
2905.0000000000            2.5878033638
2906.0000000000            2.5871427059
2907.0000000000            2.5864820480
2908.0000000000            2.5858209133
2909.0000000000            2.5851595402
2910.0000000000            2.5844979286
2911.0000000000            2.5838360786
2912.0000000000            2.5831739902
2913.0000000000            2.5825116634
2914.0000000000            2.5818493366
2915.0000000000            2.5811865330
2916.0000000000            2.5805234909
2917.0000000000            2.5798602104
2918.0000000000            2.5791966915
2919.0000000000            2.5785329342
2920.0000000000            2.5778691769
2921.0000000000            2.5772049427
2922.0000000000            2.5765404701
2923.0000000000            2.5758759975
2924.0000000000            2.5752110481
2925.0000000000            2.5745460987
2926.0000000000            2.5738806725
2927.0000000000            2.5732152462
2928.0000000000            2.5725493431
2929.0000000000            2.5718832016
2930.0000000000            2.5712170601
2931.0000000000            2.5705506802
2932.0000000000            2.5698840618
2933.0000000000            2.5692172050
2934.0000000000            2.5685498714
2935.0000000000            2.5678825378
2936.0000000000            2.5672149658
2937.0000000000            2.5665471554
2938.0000000000            2.5658791065
2939.0000000000            2.5652108192
2940.0000000000            2.5645422935
2941.0000000000            2.5638732910
2942.0000000000            2.5632045269
2943.0000000000            2.5625352859
2944.0000000000            2.5618658066
2945.0000000000            2.5611963272
2946.0000000000            2.5605263710
2947.0000000000            2.5598561764
2948.0000000000            2.5591857433
2949.0000000000            2.5585153103
2950.0000000000            2.5578446388
2951.0000000000            2.5571734905
2952.0000000000            2.5565023422
2953.0000000000            2.5558307171
2954.0000000000            2.5551590919
2955.0000000000            2.5544872284
2956.0000000000            2.5538151264
2957.0000000000            2.5531427860
2958.0000000000            2.5524702072
2959.0000000000            2.5517973900
2960.0000000000            2.5511243343
2961.0000000000            2.5504512787
2962.0000000000            2.5497777462
2963.0000000000            2.5491039753
2964.0000000000            2.5484299660
2965.0000000000            2.5477561951
2966.0000000000            2.5470817089
2967.0000000000            2.5464072227
2968.0000000000            2.5457322598
2969.0000000000            2.5450572968
2970.0000000000            2.5443820953
2971.0000000000            2.5437066555
2972.0000000000            2.5430309772
2973.0000000000            2.5423552990
2974.0000000000            2.5416791439
2975.0000000000            2.5410027504
2976.0000000000            2.5403263569
2977.0000000000            2.5396494865
2978.0000000000            2.5389726162
2979.0000000000            2.5382955074
2980.0000000000            2.5376179218
2981.0000000000            2.5369403362
2982.0000000000            2.5362625122
2983.0000000000            2.5355844498
2984.0000000000            2.5349061489
2985.0000000000            2.5342276096
2986.0000000000            2.5335490704
2987.0000000000            2.5328702927
2988.0000000000            2.5321910381
2989.0000000000            2.5315115452
2990.0000000000            2.5308322906
2991.0000000000            2.5301523209
2992.0000000000            2.5294723511
2993.0000000000            2.5287921429
2994.0000000000            2.5281116962
2995.0000000000            2.5274312496
2996.0000000000            2.5267505646
2997.0000000000            2.5260691643
2998.0000000000            2.5253880024
2999.0000000000            2.5247066021
3000.0000000000            2.5240249634
3001.0000000000            2.5233430862
3002.0000000000            2.5226609707
3003.0000000000            2.5219786167
3004.0000000000            2.5212962627
3005.0000000000            2.5206134319
3006.0000000000            2.5199306011
3007.0000000000            2.5192475319
3008.0000000000            2.5185642242
3009.0000000000            2.5178804398
3010.0000000000            2.5171968937
3011.0000000000            2.5165128708
3012.0000000000            2.5158286095
3013.0000000000            2.5151443481
3014.0000000000            2.5144596100
3015.0000000000            2.5137748718
3016.0000000000            2.5130898952
3017.0000000000            2.5124044418
3018.0000000000            2.5117192268
3019.0000000000            2.5110335350
3020.0000000000            2.5103476048
3021.0000000000            2.5096616745
3022.0000000000            2.5089755058
3023.0000000000            2.5082890987
3024.0000000000            2.5076022148
3025.0000000000            2.5069155693
3026.0000000000            2.5062284470
3027.0000000000            2.5055410862
3028.0000000000            2.5048537254
3029.0000000000            2.5041661263
3030.0000000000            2.5034782887
3031.0000000000            2.5027902126
3032.0000000000            2.5021018982
3033.0000000000            2.5014133453
3034.0000000000            2.5007247925
3035.0000000000            2.5000357628
3036.0000000000            2.4993467331
3037.0000000000            2.4986574650
3038.0000000000            2.4979679585
3039.0000000000            2.4972782135
3040.0000000000            2.4965884686
3041.0000000000            2.4958984852
3042.0000000000            2.4952080250
3043.0000000000            2.4945175648
3044.0000000000            2.4938271046
3045.0000000000            2.4931359291
3046.0000000000            2.4924449921
3047.0000000000            2.4917538166
3048.0000000000            2.4910621643
3049.0000000000            2.4903705120
3050.0000000000            2.4896786213
3051.0000000000            2.4889867306
3052.0000000000            2.4882943630
3053.0000000000            2.4876019955
3054.0000000000            2.4869091511
3055.0000000000            2.4862163067
3056.0000000000            2.4855234623
3057.0000000000            2.4848301411
3058.0000000000            2.4841365814
3059.0000000000            2.4834430218
3060.0000000000            2.4827492237
3061.0000000000            2.4820551872
3062.0000000000            2.4813611507
3063.0000000000            2.4806666374
3064.0000000000            2.4799721241
3065.0000000000            2.4792773724
3066.0000000000            2.4785823822
3067.0000000000            2.4778871536
3068.0000000000            2.4771916866
3069.0000000000            2.4764962196
3070.0000000000            2.4758005142
3071.0000000000            2.4751045704
3072.0000000000            2.4744083881
3073.0000000000            2.4737119675
3074.0000000000            2.4730155468
3075.0000000000            2.4723188877
3076.0000000000            2.4716219902
3077.0000000000            2.4709248543
3078.0000000000            2.4702277184
3079.0000000000            2.4695303440
3080.0000000000            2.4688327312
3081.0000000000            2.4681348801
3082.0000000000            2.4674367905
3083.0000000000            2.4667384624
3084.0000000000            2.4660401344
3085.0000000000            2.4653415680
3086.0000000000            2.4646427631
3087.0000000000            2.4639439583
3088.0000000000            2.4632446766
3089.0000000000            2.4625453949
3090.0000000000            2.4618458748
3091.0000000000            2.4611463547
3092.0000000000            2.4604461193
3093.0000000000            2.4597463608
3094.0000000000            2.4590461254
3095.0000000000            2.4583456516
3096.0000000000            2.4576449394
3097.0000000000            2.4569442272
3098.0000000000            2.4562432766
3099.0000000000            2.4555420876
3100.0000000000            2.4548406601
3101.0000000000            2.4541392326
3102.0000000000            2.4534375668
3103.0000000000            2.4527356625
3104.0000000000            2.4520335197
3105.0000000000            2.4513311386
3106.0000000000            2.4506287575
3107.0000000000            2.4499261379
3108.0000000000            2.4492232800
3109.0000000000            2.4485204220
3110.0000000000            2.4478173256
3111.0000000000            2.4471139908
3112.0000000000            2.4464104176
3113.0000000000            2.4457068443
3114.0000000000            2.4450027943
3115.0000000000            2.4442987442
3116.0000000000            2.4435946941
3117.0000000000            2.4428901672
3118.0000000000            2.4421856403
3119.0000000000            2.4414808750
3120.0000000000            2.4407758713
3121.0000000000            2.4400708675
3122.0000000000            2.4393656254
3123.0000000000            2.4386599064
3124.0000000000            2.4379544258
3125.0000000000            2.4372484684
3126.0000000000            2.4365425110
3127.0000000000            2.4358365536
3128.0000000000            2.4351301193
3129.0000000000            2.4344234467
3130.0000000000            2.4337167740
3131.0000000000            2.4330101013
3132.0000000000            2.4323029518
3133.0000000000            2.4315958023
3134.0000000000            2.4308884144
3135.0000000000            2.4301807880
3136.0000000000            2.4294731617
3137.0000000000            2.4287652969
3138.0000000000            2.4280571938
3139.0000000000            2.4273490906
3140.0000000000            2.4266405106
3141.0000000000            2.4259319305
3142.0000000000            2.4252233505
3143.0000000000            2.4245142937
3144.0000000000            2.4238052368
3145.0000000000            2.4230959415
3146.0000000000            2.4223866463
3147.0000000000            2.4216768742
3148.0000000000            2.4209671021
3149.0000000000            2.4202570915
3150.0000000000            2.4195473194
3151.0000000000            2.4188368320
3152.0000000000            2.4181263447
3153.0000000000            2.4174158573
3154.0000000000            2.4167051315
3155.0000000000            2.4159939289
3156.0000000000            2.4152829647
3157.0000000000            2.4145717621
3158.0000000000            2.4138603210
3159.0000000000            2.4131488800
3160.0000000000            2.4124369621
3161.0000000000            2.4117250443
3162.0000000000            2.4110128880
3163.0000000000            2.4103007317
3164.0000000000            2.4095883369
3165.0000000000            2.4088757038
3166.0000000000            2.4081628323
3167.0000000000            2.4074501991
3168.0000000000            2.4067370892
3169.0000000000            2.4060237408
3170.0000000000            2.4053103924
3171.0000000000            2.4045968056
3172.0000000000            2.4038832188
3173.0000000000            2.4031693935
3174.0000000000            2.4024553299
3175.0000000000            2.4017410278
3176.0000000000            2.4010264874
3177.0000000000            2.4003121853
3178.0000000000            2.3995974064
3179.0000000000            2.3988826275
3180.0000000000            2.3981676102
3181.0000000000            2.3974525928
3182.0000000000            2.3967370987
3183.0000000000            2.3960216045
3184.0000000000            2.3953061104
3185.0000000000            2.3945903778
3186.0000000000            2.3938744068
3187.0000000000            2.3931581974
3188.0000000000            2.3924419880
3189.0000000000            2.3917257786
3190.0000000000            2.3910090923
3191.0000000000            2.3902924061
3192.0000000000            2.3895754814
3193.0000000000            2.3888583183
3194.0000000000            2.3881413937
3195.0000000000            2.3874237537
3196.0000000000            2.3867063522
3197.0000000000            2.3859889507
3198.0000000000            2.3852710724
3199.0000000000            2.3845531940
3200.0000000000            2.3838350773
3201.0000000000            2.3831167221
3202.0000000000            2.3823981285
3203.0000000000            2.3816797733
3204.0000000000            2.3809609413
3205.0000000000            2.3802421093
3206.0000000000            2.3795230389
3207.0000000000            2.3788039684
3208.0000000000            2.3780846596
3209.0000000000            2.3773651123
3210.0000000000            2.3766453266
3211.0000000000            2.3759257793
3212.0000000000            2.3752057552
3213.0000000000            2.3744857311
3214.0000000000            2.3737654686
3215.0000000000            2.3730452061
3216.0000000000            2.3723247051
3217.0000000000            2.3716039658
3218.0000000000            2.3708832264
3219.0000000000            2.3701622486
3220.0000000000            2.3694412708
3221.0000000000            2.3687198162
3222.0000000000            2.3679986000
3223.0000000000            2.3672771454
3224.0000000000            2.3665552139
3225.0000000000            2.3658335209
3226.0000000000            2.3651113510
3227.0000000000            2.3643894196
3228.0000000000            2.3636672497
3229.0000000000            2.3629448414
3230.0000000000            2.3622221947
3231.0000000000            2.3614995480
3232.0000000000            2.3607766628
3233.0000000000            2.3600535393
3234.0000000000            2.3593306541
3235.0000000000            2.3586072922
3236.0000000000            2.3578839302
3237.0000000000            2.3571603298
3238.0000000000            2.3564367294
3239.0000000000            2.3557128906
3240.0000000000            2.3549890518
3241.0000000000            2.3542647362
3242.0000000000            2.3535406590
3243.0000000000            2.3528163433
3244.0000000000            2.3520917892
3245.0000000000            2.3513669968
3246.0000000000            2.3506422043
3247.0000000000            2.3499171734
3248.0000000000            2.3491921425
3249.0000000000            2.3484671116
3250.0000000000            2.3477416039
3251.0000000000            2.3470160961
3252.0000000000            2.3462905884
3253.0000000000            2.3455648422
3254.0000000000            2.3448388577
3255.0000000000            2.3441126347
3256.0000000000            2.3433866501
3257.0000000000            2.3426604271
3258.0000000000            2.3419339657
3259.0000000000            2.3412075043
3260.0000000000            2.3404805660
3261.0000000000            2.3397538662
3262.0000000000            2.3390266895
3263.0000000000            2.3382995129
3264.0000000000            2.3375723362
3265.0000000000            2.3368449211
3266.0000000000            2.3361175060
3267.0000000000            2.3353900909
3268.0000000000            2.3346621990
3269.0000000000            2.3339340687
3270.0000000000            2.3332061768
3271.0000000000            2.3324780464
3272.0000000000            2.3317496777
3273.0000000000            2.3310213089
3274.0000000000            2.3302927017
3275.0000000000            2.3295640945
3276.0000000000            2.3288352489
3277.0000000000            2.3281061649
3278.0000000000            2.3273773193
3279.0000000000            2.3266479969
3280.0000000000            2.3259186745
3281.0000000000            2.3251893520
3282.0000000000            2.3244597912
3283.0000000000            2.3237297535
3284.0000000000            2.3229999542
3285.0000000000            2.3222701550
3286.0000000000            2.3215398788
3287.0000000000            2.3208098412
3288.0000000000            2.3200795650
3289.0000000000            2.3193490505
3290.0000000000            2.3186182976
3291.0000000000            2.3178877831
3292.0000000000            2.3171570301
3293.0000000000            2.3164258003
3294.0000000000            2.3156948090
3295.0000000000            2.3149635792
3296.0000000000            2.3142323494
3297.0000000000            2.3135008812
3298.0000000000            2.3127691746
3299.0000000000            2.3120374680
3300.0000000000            2.3113057613
3301.0000000000            2.3105735779
3302.0000000000            2.3098416328
3303.0000000000            2.3091094494
3304.0000000000            2.3083770275
3305.0000000000            2.3076448441
3306.0000000000            2.3069121838
3307.0000000000            2.3061795235
3308.0000000000            2.3054468632
3309.0000000000            2.3047137260
3310.0000000000            2.3039808273
3311.0000000000            2.3032474518
3312.0000000000            2.3025143147
3313.0000000000            2.3017809391
3314.0000000000            2.3010475636
3315.0000000000            2.3003139496
3316.0000000000            2.2995800972
3317.0000000000            2.2988462448
3318.0000000000            2.2981121540
3319.0000000000            2.2973780632
3320.0000000000            2.2966439724
3321.0000000000            2.2959096432
3322.0000000000            2.2951753139
3323.0000000000            2.2944407463
3324.0000000000            2.2937059402
3325.0000000000            2.2929711342
3326.0000000000            2.2922365665
3327.0000000000            2.2915012836
3328.0000000000            2.2907662392
3329.0000000000            2.2900309563
3330.0000000000            2.2892956734
3331.0000000000            2.2885601521
3332.0000000000            2.2878246307
3333.0000000000            2.2870888710
3334.0000000000            2.2863533497
3335.0000000000            2.2856173515
3336.0000000000            2.2848811150
3337.0000000000            2.2841451168
3338.0000000000            2.2834091187
3339.0000000000            2.2826726437
3340.0000000000            2.2819361687
3341.0000000000            2.2811996937
3342.0000000000            2.2804629803
3343.0000000000            2.2797262669
3344.0000000000            2.2789893150
3345.0000000000            2.2782523632
3346.0000000000            2.2775151730
3347.0000000000            2.2767779827
3348.0000000000            2.2760405540
3349.0000000000            2.2753033638
3350.0000000000            2.2745656967
3351.0000000000            2.2738282681
3352.0000000000            2.2730906010
3353.0000000000            2.2723524570
3354.0000000000            2.2716145515
3355.0000000000            2.2708764076
3356.0000000000            2.2701382637
3357.0000000000            2.2694001198
3358.0000000000            2.2686619759
3359.0000000000            2.2679233551
3360.0000000000            2.2671847343
3361.0000000000            2.2664461136
3362.0000000000            2.2657072544
3363.0000000000            2.2649683952
3364.0000000000            2.2642295361
3365.0000000000            2.2634902000
3366.0000000000            2.2627511024
3367.0000000000            2.2620120049
3368.0000000000            2.2612726688
3369.0000000000            2.2605330944
3370.0000000000            2.2597935200
3371.0000000000            2.2590537071
3372.0000000000            2.2583138943
3373.0000000000            2.2575740814
3374.0000000000            2.2568340302
3375.0000000000            2.2560942173
3376.0000000000            2.2553539276
3377.0000000000            2.2546136379
3378.0000000000            2.2538733482
3379.0000000000            2.2531325817
3380.0000000000            2.2523920536
3381.0000000000            2.2516515255
3382.0000000000            2.2509107590
3383.0000000000            2.2501699924
3384.0000000000            2.2494289875
3385.0000000000            2.2486877441
3386.0000000000            2.2479469776
3387.0000000000            2.2472054958
3388.0000000000            2.2464642525
3389.0000000000            2.2457227707
3390.0000000000            2.2449812889
3391.0000000000            2.2442395687
3392.0000000000            2.2434980869
3393.0000000000            2.2427561283
3394.0000000000            2.2420141697
3395.0000000000            2.2412722111
3396.0000000000            2.2405302525
3397.0000000000            2.2397880554
3398.0000000000            2.2390458584
3399.0000000000            2.2383034229
3400.0000000000            2.2375612259
3401.0000000000            2.2368185520
3402.0000000000            2.2360758781
3403.0000000000            2.2353332043
3404.0000000000            2.2345902920
3405.0000000000            2.2338476181
3406.0000000000            2.2331044674
3407.0000000000            2.2323615551
3408.0000000000            2.2316184044
3409.0000000000            2.2308752537
3410.0000000000            2.2301318645
3411.0000000000            2.2293884754
3412.0000000000            2.2286450863
3413.0000000000            2.2279014587
3414.0000000000            2.2271578312
3415.0000000000            2.2264139652
3416.0000000000            2.2256700993
3417.0000000000            2.2249262333
3418.0000000000            2.2241821289
3419.0000000000            2.2234380245
3420.0000000000            2.2226939201
3421.0000000000            2.2219498158
3422.0000000000            2.2212052345
3423.0000000000            2.2204608917
3424.0000000000            2.2197163105
3425.0000000000            2.2189719677
3426.0000000000            2.2182271481
3427.0000000000            2.2174823284
3428.0000000000            2.2167375088
3429.0000000000            2.2159926891
3430.0000000000            2.2152476311
3431.0000000000            2.2145025730
3432.0000000000            2.2137572765
3433.0000000000            2.2130119801
3434.0000000000            2.2122669220
3435.0000000000            2.2115213871
3436.0000000000            2.2107758522
3437.0000000000            2.2100303173
3438.0000000000            2.2092847824
3439.0000000000            2.2085390091
3440.0000000000            2.2077932358
3441.0000000000            2.2070472240
3442.0000000000            2.2063014507
3443.0000000000            2.2055554390
3444.0000000000            2.2048091888
3445.0000000000            2.2040631771
3446.0000000000            2.2033169270
3447.0000000000            2.2025704384
3448.0000000000            2.2018239498
3449.0000000000            2.2010774612
3450.0000000000            2.2003312111
3451.0000000000            2.1995844841
3452.0000000000            2.1988377571
3453.0000000000            2.1980910301
3454.0000000000            2.1973440647
3455.0000000000            2.1965970993
3456.0000000000            2.1958503723
3457.0000000000            2.1951031685
3458.0000000000            2.1943559647
3459.0000000000            2.1936087608
3460.0000000000            2.1928615570
3461.0000000000            2.1921143532
3462.0000000000            2.1913666725
3463.0000000000            2.1906192303
3464.0000000000            2.1898717880
3465.0000000000            2.1891241074
3466.0000000000            2.1883764267
3467.0000000000            2.1876285076
3468.0000000000            2.1868805885
3469.0000000000            2.1861329079
3470.0000000000            2.1853849888
3471.0000000000            2.1846368313
3472.0000000000            2.1838886738
3473.0000000000            2.1831405163
3474.0000000000            2.1823923588
3475.0000000000            2.1816439629
3476.0000000000            2.1808955669
3477.0000000000            2.1801471710
3478.0000000000            2.1793985367
3479.0000000000            2.1786499023
3480.0000000000            2.1779015064
3481.0000000000            2.1771526337
3482.0000000000            2.1764039993
3483.0000000000            2.1756551266
3484.0000000000            2.1749062538
3485.0000000000            2.1741571426
3486.0000000000            2.1734082699
3487.0000000000            2.1726591587
3488.0000000000            2.1719100475
3489.0000000000            2.1711606979
3490.0000000000            2.1704113483
3491.0000000000            2.1696622372
3492.0000000000            2.1689128876
3493.0000000000            2.1681632996
3494.0000000000            2.1674137115
3495.0000000000            2.1666641235
3496.0000000000            2.1659145355
3497.0000000000            2.1651649475
3498.0000000000            2.1644151211
3499.0000000000            2.1636652946
3500.0000000000            2.1629154682
3501.0000000000            2.1621656418
3502.0000000000            2.1614155769
3503.0000000000            2.1606652737
3504.0000000000            2.1599152088
3505.0000000000            2.1591651440
3506.0000000000            2.1584148407
3507.0000000000            2.1576645374
3508.0000000000            2.1569144726
3509.0000000000            2.1561641693
3510.0000000000            2.1554136276
3511.0000000000            2.1546630859
3512.0000000000            2.1539123058
3513.0000000000            2.1531620026
3514.0000000000            2.1524112225
3515.0000000000            2.1516604424
3516.0000000000            2.1509096622
3517.0000000000            2.1501588821
3518.0000000000            2.1494081020
3519.0000000000            2.1486570835
3520.0000000000            2.1479060650
3521.0000000000            2.1471552849
3522.0000000000            2.1464040279
3523.0000000000            2.1456527710
3524.0000000000            2.1449017525
3525.0000000000            2.1441504955
3526.0000000000            2.1433990002
3527.0000000000            2.1426477432
3528.0000000000            2.1418964863
3529.0000000000            2.1411449909
3530.0000000000            2.1403934956
3531.0000000000            2.1396420002
3532.0000000000            2.1388902664
3533.0000000000            2.1381387711
3534.0000000000            2.1373870373
3535.0000000000            2.1366353035
3536.0000000000            2.1358835697
3537.0000000000            2.1351318359
3538.0000000000            2.1343798637
3539.0000000000            2.1336278915
3540.0000000000            2.1328759193
3541.0000000000            2.1321239471
3542.0000000000            2.1313717365
3543.0000000000            2.1306197643
3544.0000000000            2.1298675537
3545.0000000000            2.1291155815
3546.0000000000            2.1283631325
3547.0000000000            2.1276109219
3548.0000000000            2.1268584728
3549.0000000000            2.1261062622
3550.0000000000            2.1253538132
3551.0000000000            2.1246013641
3552.0000000000            2.1238489151
3553.0000000000            2.1230964661
3554.0000000000            2.1223437786
3555.0000000000            2.1215910912
3556.0000000000            2.1208384037
3557.0000000000            2.1200857162
3558.0000000000            2.1193330288
3559.0000000000            2.1185803413
3560.0000000000            2.1178276539
3561.0000000000            2.1170747280
3562.0000000000            2.1163218021
3563.0000000000            2.1155688763
3564.0000000000            2.1148159504
3565.0000000000            2.1140627861
3566.0000000000            2.1133098602
3567.0000000000            2.1125566959
3568.0000000000            2.1118035316
3569.0000000000            2.1110506058
3570.0000000000            2.1102972031
3571.0000000000            2.1095440388
3572.0000000000            2.1087906361
3573.0000000000            2.1080374718
3574.0000000000            2.1072840691
3575.0000000000            2.1065306664
3576.0000000000            2.1057772636
3577.0000000000            2.1050238609
3578.0000000000            2.1042704582
3579.0000000000            2.1035168171
3580.0000000000            2.1027631760
3581.0000000000            2.1020095348
3582.0000000000            2.1012558937
3583.0000000000            2.1005022526
3584.0000000000            2.0997483730
3585.0000000000            2.0989942551
3586.0000000000            2.0982401371
3587.0000000000            2.0974860191
3588.0000000000            2.0967311859
3589.0000000000            2.0959761143
3590.0000000000            2.0952205658
3591.0000000000            2.0944640636
3592.0000000000            2.0937061310
3593.0000000000            2.0929465294
3594.0000000000            2.0921847820
3595.0000000000            2.0914194584
3596.0000000000            2.0906496048
3597.0000000000            2.0898735523
3598.0000000000            2.0890889168
3599.0000000000            2.0882923603
3600.0000000000            2.0874803066
3601.0000000000            2.0866477489
3602.0000000000            2.0857872963
3603.0000000000            2.0848910809
3604.0000000000            2.0839478970
3605.0000000000            2.0829436779
3606.0000000000            2.0818612576
3607.0000000000            2.0806796551
3608.0000000000            2.0793719292
3609.0000000000            2.0779063702
3610.0000000000            2.0762441158
3611.0000000000            2.0743389130
3612.0000000000            2.0721354485
3613.0000000000            2.0695688725
3614.0000000000            2.0665643215
3615.0000000000            2.0630342960
3616.0000000000            2.0588798523
3617.0000000000            2.0539886951
3618.0000000000            2.0482354164
3619.0000000000            2.0414814949
3620.0000000000            2.0335750580
3621.0000000000            2.0243530273
3622.0000000000            2.0136404037
3623.0000000000            2.0012538433
3624.0000000000            1.9870039225
3625.0000000000            1.9706964493
3626.0000000000            1.9521387815
3627.0000000000            1.9311414957
3628.0000000000            1.9075242281
3629.0000000000            1.8811204433
3630.0000000000            1.8517820835
3631.0000000000            1.8193855286
3632.0000000000            1.7838364840
3633.0000000000            1.7450745106
3634.0000000000            1.7030783892
3635.0000000000            1.6578686237
3636.0000000000            1.6095114946
3637.0000000000            1.5581204891
3638.0000000000            1.5038567781
3639.0000000000            1.4469295740
3640.0000000000            1.3875932693
3641.0000000000            1.3261457682
3642.0000000000            1.2629225254
3643.0000000000            1.1982924938
3644.0000000000            1.1326506138
3645.0000000000            1.0664113760
3646.0000000000            1.0000000000
3647.0000000000            0.9338449836
3648.0000000000            0.8683692813
3649.0000000000            0.8039826155
3650.0000000000            0.7410731912
3651.0000000000            0.6800014377
3652.0000000000            0.6210933328
3653.0000000000            0.5646356344
3654.0000000000            0.5108720660
3655.0000000000            0.4600006342
3656.0000000000            0.4121722877
3657.0000000000            0.3674910963
3658.0000000000            0.3260150552
3659.0000000000            0.2877583802
3660.0000000000            0.2526946664
3661.0000000000            0.2207605690
3662.0000000000            0.1918603927
3663.0000000000            0.1658707261
3664.0000000000            0.1426455826
3665.0000000000            0.1220212728
3666.0000000000            0.1038214564
3667.0000000000            0.0878617316
3668.0000000000            0.0739538968
3669.0000000000            0.0619098283
3670.0000000000            0.0515447818
3671.0000000000            0.0426802151
3672.0000000000            0.0351460166
3673.0000000000            0.0287822634
3674.0000000000            0.0234404150
3675.0000000000            0.0189841054
3676.0000000000            0.0152894882
3677.0000000000            0.0122452518
3678.0000000000            0.0097523453
3679.0000000000            0.0077234614
3680.0000000000            0.0060823574
3681.0000000000            0.0047630481
3682.0000000000            0.0037089188
3683.0000000000            0.0028718105
3684.0000000000            0.0022110948
3685.0000000000            0.0016927762
3686.0000000000            0.0012886352
3687.0000000000            0.0009754317
3688.0000000000            0.0007341729
3689.0000000000            0.0005494563
3690.0000000000            0.0004088840
3691.0000000000            0.0003025507
3692.0000000000            0.0002226009
3693.0000000000            0.0001628492
3694.0000000000            0.0001184606
3695.0000000000            0.0000856825
3696.0000000000            0.0000616226
3697.0000000000            0.0000440675
