1897.0000000000            2.3047182560
1898.0000000000            2.3046727180
1899.0000000000            2.3046269417
1900.0000000000            2.3045811653
1901.0000000000            2.3045351505
1902.0000000000            2.3044891357
1903.0000000000            2.3044428825
1904.0000000000            2.3043968678
1905.0000000000            2.3043501377
1906.0000000000            2.3043036461
1907.0000000000            2.3042571545
1908.0000000000            2.3042104244
1909.0000000000            2.3041636944
1910.0000000000            2.3041167259
1911.0000000000            2.3040697575
1912.0000000000            2.3040223122
1913.0000000000            2.3039751053
1914.0000000000            2.3039278984
1915.0000000000            2.3038802147
1916.0000000000            2.3038327694
1917.0000000000            2.3037848473
1918.0000000000            2.3037371635
1919.0000000000            2.3036892414
1920.0000000000            2.3036413193
1921.0000000000            2.3035929203
1922.0000000000            2.3035447598
1923.0000000000            2.3034963608
1924.0000000000            2.3034479618
1925.0000000000            2.3033993244
1926.0000000000            2.3033504486
1927.0000000000            2.3033015728
1928.0000000000            2.3032526970
1929.0000000000            2.3032035828
1930.0000000000            2.3031544685
1931.0000000000            2.3031051159
1932.0000000000            2.3030557632
1933.0000000000            2.3030064106
1934.0000000000            2.3029568195
1935.0000000000            2.3029072285
1936.0000000000            2.3028571606
1937.0000000000            2.3028073311
1938.0000000000            2.3027572632
1939.0000000000            2.3027069569
1940.0000000000            2.3026568890
1941.0000000000            2.3026065826
1942.0000000000            2.3025557995
1943.0000000000            2.3025054932
1944.0000000000            2.3024547100
1945.0000000000            2.3024036884
1946.0000000000            2.3023529053
1947.0000000000            2.3023018837
1948.0000000000            2.3022506237
1949.0000000000            2.3021991253
1950.0000000000            2.3021481037
1951.0000000000            2.3020966053
1952.0000000000            2.3020448685
1953.0000000000            2.3019931316
1954.0000000000            2.3019413948
1955.0000000000            2.3018894196
1956.0000000000            2.3018374443
1957.0000000000            2.3017852306
1958.0000000000            2.3017327785
1959.0000000000            2.3016803265
1960.0000000000            2.3016278744
1961.0000000000            2.3015754223
1962.0000000000            2.3015224934
1963.0000000000            2.3014698029
1964.0000000000            2.3014168739
1965.0000000000            2.3013637066
1966.0000000000            2.3013107777
1967.0000000000            2.3012573719
1968.0000000000            2.3012042046
1969.0000000000            2.3011505604
1970.0000000000            2.3010969162
1971.0000000000            2.3010432720
1972.0000000000            2.3009893894
1973.0000000000            2.3009355068
1974.0000000000            2.3008816242
1975.0000000000            2.3008275032
1976.0000000000            2.3007731438
1977.0000000000            2.3007187843
1978.0000000000            2.3006641865
1979.0000000000            2.3006095886
1980.0000000000            2.3005549908
1981.0000000000            2.3005001545
1982.0000000000            2.3004453182
1983.0000000000            2.3003900051
1984.0000000000            2.3003349304
1985.0000000000            2.3002796173
1986.0000000000            2.3002243042
1987.0000000000            2.3001687527
1988.0000000000            2.3001132011
1989.0000000000            2.3000576496
1990.0000000000            2.3000016212
1991.0000000000            2.2999458313
1992.0000000000            2.2998898029
1993.0000000000            2.2998337746
1994.0000000000            2.2997775078
1995.0000000000            2.2997210026
1996.0000000000            2.2996647358
1997.0000000000            2.2996079922
1998.0000000000            2.2995512486
1999.0000000000            2.2994945049
2000.0000000000            2.2994375229
2001.0000000000            2.2993807793
2002.0000000000            2.2993235588
2003.0000000000            2.2992663383
2004.0000000000            2.2992088795
2005.0000000000            2.2991514206
2006.0000000000            2.2990939617
2007.0000000000            2.2990360260
2008.0000000000            2.2989783287
2009.0000000000            2.2989203930
2010.0000000000            2.2988624573
2011.0000000000            2.2988042831
2012.0000000000            2.2987461090
2013.0000000000            2.2986876965
2014.0000000000            2.2986292839
2015.0000000000            2.2985708714
2016.0000000000            2.2985119820
2017.0000000000            2.2984533310
2018.0000000000            2.2983942032
2019.0000000000            2.2983355522
2020.0000000000            2.2982761860
2021.0000000000            2.2982170582
2022.0000000000            2.2981579304
2023.0000000000            2.2980983257
2024.0000000000            2.2980387211
2025.0000000000            2.2979791164
2026.0000000000            2.2979192734
2027.0000000000            2.2978594303
2028.0000000000            2.2977993488
2029.0000000000            2.2977392673
2030.0000000000            2.2976789474
2031.0000000000            2.2976188660
2032.0000000000            2.2975583076
2033.0000000000            2.2974977493
2034.0000000000            2.2974369526
2035.0000000000            2.2973763943
2036.0000000000            2.2973155975
2037.0000000000            2.2972545624
2038.0000000000            2.2971932888
2039.0000000000            2.2971322536
2040.0000000000            2.2970707417
2041.0000000000            2.2970094681
2042.0000000000            2.2969479561
2043.0000000000            2.2968864441
2044.0000000000            2.2968246937
2045.0000000000            2.2967627048
2046.0000000000            2.2967009544
2047.0000000000            2.2966387272
2048.0000000000            2.2965764999
2049.0000000000            2.2965140343
2050.0000000000            2.2964515686
2051.0000000000            2.2963893414
2052.0000000000            2.2963266373
2053.0000000000            2.2962639332
2054.0000000000            2.2962012291
2055.0000000000            2.2961382866
2056.0000000000            2.2960748672
2057.0000000000            2.2960119247
2058.0000000000            2.2959485054
2059.0000000000            2.2958853245
2060.0000000000            2.2958219051
2061.0000000000            2.2957580090
2062.0000000000            2.2956943512
2063.0000000000            2.2956306934
2064.0000000000            2.2955665588
2065.0000000000            2.2955026627
2066.0000000000            2.2954382896
2067.0000000000            2.2953741550
2068.0000000000            2.2953097820
2069.0000000000            2.2952451706
2070.0000000000            2.2951807976
2071.0000000000            2.2951159477
2072.0000000000            2.2950510979
2073.0000000000            2.2949860096
2074.0000000000            2.2949211597
2075.0000000000            2.2948560715
2076.0000000000            2.2947907448
2077.0000000000            2.2947254181
2078.0000000000            2.2946598530
2079.0000000000            2.2945942879
2080.0000000000            2.2945287228
2081.0000000000            2.2944629192
2082.0000000000            2.2943966389
2083.0000000000            2.2943308353
2084.0000000000            2.2942647934
2085.0000000000            2.2941985130
2086.0000000000            2.2941319942
2087.0000000000            2.2940657139
2088.0000000000            2.2939991951
2089.0000000000            2.2939321995
2090.0000000000            2.2938656807
2091.0000000000            2.2937986851
2092.0000000000            2.2937316895
2093.0000000000            2.2936644554
2094.0000000000            2.2935974598
2095.0000000000            2.2935299873
2096.0000000000            2.2934625149
2097.0000000000            2.2933948040
2098.0000000000            2.2933273315
2099.0000000000            2.2932596207
2100.0000000000            2.2931916714
2101.0000000000            2.2931237221
2102.0000000000            2.2930555344
2103.0000000000            2.2929873466
2104.0000000000            2.2929189205
2105.0000000000            2.2928504944
2106.0000000000            2.2927820683
2107.0000000000            2.2927134037
2108.0000000000            2.2926445007
2109.0000000000            2.2925758362
2110.0000000000            2.2925069332
2111.0000000000            2.2924377918
2112.0000000000            2.2923684120
2113.0000000000            2.2922992706
2114.0000000000            2.2922296524
2115.0000000000            2.2921602726
2116.0000000000            2.2920908928
2117.0000000000            2.2920210361
2118.0000000000            2.2919509411
2119.0000000000            2.2918810844
2120.0000000000            2.2918109894
2121.0000000000            2.2917408943
2122.0000000000            2.2916705608
2123.0000000000            2.2916002274
2124.0000000000            2.2915296555
2125.0000000000            2.2914590836
2126.0000000000            2.2913882732
2127.0000000000            2.2913174629
2128.0000000000            2.2912464142
2129.0000000000            2.2911753654
2130.0000000000            2.2911043167
2131.0000000000            2.2910330296
2132.0000000000            2.2909617424
2133.0000000000            2.2908902168
2134.0000000000            2.2908184528
2135.0000000000            2.2907469273
2136.0000000000            2.2906751633
2137.0000000000            2.2906029224
2138.0000000000            2.2905311584
2139.0000000000            2.2904589176
2140.0000000000            2.2903866768
2141.0000000000            2.2903144360
2142.0000000000            2.2902417183
2143.0000000000            2.2901694775
2144.0000000000            2.2900965214
2145.0000000000            2.2900238037
2146.0000000000            2.2899508476
2147.0000000000            2.2898778915
2148.0000000000            2.2898046970
2149.0000000000            2.2897315025
2150.0000000000            2.2896580696
2151.0000000000            2.2895846367
2152.0000000000            2.2895109653
2153.0000000000            2.2894372940
2154.0000000000            2.2893636227
2155.0000000000            2.2892897129
2156.0000000000            2.2892158031
2157.0000000000            2.2891416550
2158.0000000000            2.2890675068
2159.0000000000            2.2889928818
2160.0000000000            2.2889184952
2161.0000000000            2.2888441086
2162.0000000000            2.2887694836
2163.0000000000            2.2886946201
2164.0000000000            2.2886199951
2165.0000000000            2.2885446548
2166.0000000000            2.2884697914
2167.0000000000            2.2883944511
2168.0000000000            2.2883193493
2169.0000000000            2.2882437706
2170.0000000000            2.2881681919
2171.0000000000            2.2880928516
2172.0000000000            2.2880170345
2173.0000000000            2.2879409790
2174.0000000000            2.2878649235
2175.0000000000            2.2877888680
2176.0000000000            2.2877128124
2177.0000000000            2.2876367569
2178.0000000000            2.2875599861
2179.0000000000            2.2874834538
2180.0000000000            2.2874069214
2181.0000000000            2.2873301506
2182.0000000000            2.2872533798
2183.0000000000            2.2871766090
2184.0000000000            2.2870995998
2185.0000000000            2.2870221138
2186.0000000000            2.2869451046
2187.0000000000            2.2868676186
2188.0000000000            2.2867901325
2189.0000000000            2.2867126465
2190.0000000000            2.2866346836
2191.0000000000            2.2865569592
2192.0000000000            2.2864789963
2193.0000000000            2.2864010334
2194.0000000000            2.2863228321
2195.0000000000            2.2862448692
2196.0000000000            2.2861664295
2197.0000000000            2.2860877514
2198.0000000000            2.2860090733
2199.0000000000            2.2859303951
2200.0000000000            2.2858519554
2201.0000000000            2.2857730389
2202.0000000000            2.2856938839
2203.0000000000            2.2856147289
2204.0000000000            2.2855355740
2205.0000000000            2.2854561806
2206.0000000000            2.2853765488
2207.0000000000            2.2852969170
2208.0000000000            2.2852172852
2209.0000000000            2.2851376534
2210.0000000000            2.2850577831
2211.0000000000            2.2849776745
2212.0000000000            2.2848975658
2213.0000000000            2.2848172188
2214.0000000000            2.2847371101
2215.0000000000            2.2846567631
2216.0000000000            2.2845761776
2217.0000000000            2.2844955921
2218.0000000000            2.2844147682
2219.0000000000            2.2843337059
2220.0000000000            2.2842528820
2221.0000000000            2.2841718197
2222.0000000000            2.2840905190
2223.0000000000            2.2840092182
2224.0000000000            2.2839279175
2225.0000000000            2.2838463783
2226.0000000000            2.2837648392
2227.0000000000            2.2836830616
2228.0000000000            2.2836010456
2229.0000000000            2.2835192680
2230.0000000000            2.2834372520
2231.0000000000            2.2833549976
2232.0000000000            2.2832727432
2233.0000000000            2.2831902504
2234.0000000000            2.2831077576
2235.0000000000            2.2830252647
2236.0000000000            2.2829425335
2237.0000000000            2.2828595638
2238.0000000000            2.2827765942
2239.0000000000            2.2826936245
2240.0000000000            2.2826104164
2241.0000000000            2.2825272083
2242.0000000000            2.2824437618
2243.0000000000            2.2823603153
2244.0000000000            2.2822768688
2245.0000000000            2.2821929455
2246.0000000000            2.2821092606
2247.0000000000            2.2820250988
2248.0000000000            2.2819414139
2249.0000000000            2.2818572521
2250.0000000000            2.2817728519
2251.0000000000            2.2816884518
2252.0000000000            2.2816040516
2253.0000000000            2.2815194130
2254.0000000000            2.2814347744
2255.0000000000            2.2813501358
2256.0000000000            2.2812652588
2257.0000000000            2.2811801434
2258.0000000000            2.2810950279
2259.0000000000            2.2810096741
2260.0000000000            2.2809243202
2261.0000000000            2.2808389664
2262.0000000000            2.2807533741
2263.0000000000            2.2806677818
2264.0000000000            2.2805821896
2265.0000000000            2.2804961205
2266.0000000000            2.2804102898
2267.0000000000            2.2803239822
2268.0000000000            2.2802379131
2269.0000000000            2.2801516056
2270.0000000000            2.2800650597
2271.0000000000            2.2799787521
2272.0000000000            2.2798919678
2273.0000000000            2.2798051834
2274.0000000000            2.2797183990
2275.0000000000            2.2796313763
2276.0000000000            2.2795441151
2277.0000000000            2.2794573307
2278.0000000000            2.2793695927
2279.0000000000            2.2792823315
2280.0000000000            2.2791948318
2281.0000000000            2.2791073322
2282.0000000000            2.2790195942
2283.0000000000            2.2789316177
2284.0000000000            2.2788438797
2285.0000000000            2.2787559032
2286.0000000000            2.2786674500
2287.0000000000            2.2785792351
2288.0000000000            2.2784907818
2289.0000000000            2.2784023285
2290.0000000000            2.2783138752
2291.0000000000            2.2782251835
2292.0000000000            2.2781364918
2293.0000000000            2.2780473232
2294.0000000000            2.2779581547
2295.0000000000            2.2778692245
2296.0000000000            2.2777798176
2297.0000000000            2.2776904106
2298.0000000000            2.2776010036
2299.0000000000            2.2775115967
2300.0000000000            2.2774219513
2301.0000000000            2.2773320675
2302.0000000000            2.2772421837
2303.0000000000            2.2771520615
2304.0000000000            2.2770619392
2305.0000000000            2.2769718170
2306.0000000000            2.2768814564
2307.0000000000            2.2767910957
2308.0000000000            2.2767002583
2309.0000000000            2.2766096592
2310.0000000000            2.2765188217
2311.0000000000            2.2764279842
2312.0000000000            2.2763369083
2313.0000000000            2.2762458324
2314.0000000000            2.2761545181
2315.0000000000            2.2760634422
2316.0000000000            2.2759721279
2317.0000000000            2.2758803368
2318.0000000000            2.2757885456
2319.0000000000            2.2756969929
2320.0000000000            2.2756049633
2321.0000000000            2.2755129337
2322.0000000000            2.2754211426
2323.0000000000            2.2753288746
2324.0000000000            2.2752366066
2325.0000000000            2.2751441002
2326.0000000000            2.2750515938
2327.0000000000            2.2749588490
2328.0000000000            2.2748661041
2329.0000000000            2.2747733593
2330.0000000000            2.2746803761
2331.0000000000            2.2745873928
2332.0000000000            2.2744941711
2333.0000000000            2.2744009495
2334.0000000000            2.2743074894
2335.0000000000            2.2742140293
2336.0000000000            2.2741203308
2337.0000000000            2.2740268707
2338.0000000000            2.2739326954
2339.0000000000            2.2738389969
2340.0000000000            2.2737448215
2341.0000000000            2.2736506462
2342.0000000000            2.2735564709
2343.0000000000            2.2734620571
2344.0000000000            2.2733676434
2345.0000000000            2.2732732296
2346.0000000000            2.2731783390
2347.0000000000            2.2730834484
2348.0000000000            2.2729885578
2349.0000000000            2.2728936672
2350.0000000000            2.2727985382
2351.0000000000            2.2727031708
2352.0000000000            2.2726078033
2353.0000000000            2.2725124359
2354.0000000000            2.2724168301
2355.0000000000            2.2723212242
2356.0000000000            2.2722253799
2357.0000000000            2.2721295357
2358.0000000000            2.2720332146
2359.0000000000            2.2719373703
2360.0000000000            2.2718410492
2361.0000000000            2.2717447281
2362.0000000000            2.2716481686
2363.0000000000            2.2715518475
2364.0000000000            2.2714552879
2365.0000000000            2.2713582516
2366.0000000000            2.2712612152
2367.0000000000            2.2711644173
2368.0000000000            2.2710673809
2369.0000000000            2.2709701061
2370.0000000000            2.2708728313
2371.0000000000            2.2707753181
2372.0000000000            2.2706780434
2373.0000000000            2.2705802917
2374.0000000000            2.2704825401
2375.0000000000            2.2703845501
2376.0000000000            2.2702865601
2377.0000000000            2.2701885700
2378.0000000000            2.2700903416
2379.0000000000            2.2699921131
2380.0000000000            2.2698936462
2381.0000000000            2.2697951794
2382.0000000000            2.2696964741
2383.0000000000            2.2695977688
2384.0000000000            2.2694990635
2385.0000000000            2.2693998814
2386.0000000000            2.2693009377
2387.0000000000            2.2692019939
2388.0000000000            2.2691028118
2389.0000000000            2.2690031528
2390.0000000000            2.2689037323
2391.0000000000            2.2688040733
2392.0000000000            2.2687044144
2393.0000000000            2.2686045170
2394.0000000000            2.2685046196
2395.0000000000            2.2684047222
2396.0000000000            2.2683043480
2397.0000000000            2.2682042122
2398.0000000000            2.2681038380
2399.0000000000            2.2680034637
2400.0000000000            2.2679028511
2401.0000000000            2.2678020000
2402.0000000000            2.2677011490
2403.0000000000            2.2676002979
2404.0000000000            2.2674994469
2405.0000000000            2.2673981190
2406.0000000000            2.2672970295
2407.0000000000            2.2671957016
2408.0000000000            2.2670943737
2409.0000000000            2.2669925690
2410.0000000000            2.2668910027
2411.0000000000            2.2667891979
2412.0000000000            2.2666873932
2413.0000000000            2.2665853500
2414.0000000000            2.2664833069
2415.0000000000            2.2663810253
2416.0000000000            2.2662787437
2417.0000000000            2.2661762238
2418.0000000000            2.2660737038
2419.0000000000            2.2659709454
2420.0000000000            2.2658681870
2421.0000000000            2.2657654285
2422.0000000000            2.2656624317
2423.0000000000            2.2655591965
2424.0000000000            2.2654559612
2425.0000000000            2.2653529644
2426.0000000000            2.2652494907
2427.0000000000            2.2651460171
2428.0000000000            2.2650423050
2429.0000000000            2.2649385929
2430.0000000000            2.2648346424
2431.0000000000            2.2647306919
2432.0000000000            2.2646265030
2433.0000000000            2.2645223141
2434.0000000000            2.2644181252
2435.0000000000            2.2643136978
2436.0000000000            2.2642092705
2437.0000000000            2.2641046047
2438.0000000000            2.2639999390
2439.0000000000            2.2638950348
2440.0000000000            2.2637901306
2441.0000000000            2.2636852264
2442.0000000000            2.2635798454
2443.0000000000            2.2634744644
2444.0000000000            2.2633693218
2445.0000000000            2.2632637024
2446.0000000000            2.2631580830
2447.0000000000            2.2630524635
2448.0000000000            2.2629466057
2449.0000000000            2.2628407478
2450.0000000000            2.2627346516
2451.0000000000            2.2626285553
2452.0000000000            2.2625222206
2453.0000000000            2.2624158859
2454.0000000000            2.2623093128
2455.0000000000            2.2622027397
2456.0000000000            2.2620961666
2457.0000000000            2.2619893551
2458.0000000000            2.2618825436
2459.0000000000            2.2617754936
2460.0000000000            2.2616684437
2461.0000000000            2.2615611553
2462.0000000000            2.2614538670
2463.0000000000            2.2613463402
2464.0000000000            2.2612388134
2465.0000000000            2.2611312866
2466.0000000000            2.2610232830
2467.0000000000            2.2609155178
2468.0000000000            2.2608075142
2469.0000000000            2.2606995106
2470.0000000000            2.2605912685
2471.0000000000            2.2604827881
2472.0000000000            2.2603743076
2473.0000000000            2.2602658272
2474.0000000000            2.2601573467
2475.0000000000            2.2600483894
2476.0000000000            2.2599396706
2477.0000000000            2.2598304749
2478.0000000000            2.2597215176
2479.0000000000            2.2596123219
2480.0000000000            2.2595028877
2481.0000000000            2.2593936920
2482.0000000000            2.2592840195
2483.0000000000            2.2591745853
2484.0000000000            2.2590649128
2485.0000000000            2.2589547634
2486.0000000000            2.2588448524
2487.0000000000            2.2587349415
2488.0000000000            2.2586245537
2489.0000000000            2.2585144043
2490.0000000000            2.2584037781
2491.0000000000            2.2582933903
2492.0000000000            2.2581827641
2493.0000000000            2.2580721378
2494.0000000000            2.2579612732
2495.0000000000            2.2578504086
2496.0000000000            2.2577393055
2497.0000000000            2.2576282024
2498.0000000000            2.2575168610
2499.0000000000            2.2574055195
2500.0000000000            2.2572941780
2501.0000000000            2.2571823597
2502.0000000000            2.2570707798
2503.0000000000            2.2569589615
2504.0000000000            2.2568469048
2505.0000000000            2.2567350864
2506.0000000000            2.2566227913
2507.0000000000            2.2565107346
2508.0000000000            2.2563984394
2509.0000000000            2.2562856674
2510.0000000000            2.2561731339
2511.0000000000            2.2560606003
2512.0000000000            2.2559475899
2513.0000000000            2.2558348179
2514.0000000000            2.2557218075
2515.0000000000            2.2556085587
2516.0000000000            2.2554955482
2517.0000000000            2.2553820610
2518.0000000000            2.2552688122
2519.0000000000            2.2551550865
2520.0000000000            2.2550413609
2521.0000000000            2.2549276352
2522.0000000000            2.2548136711
2523.0000000000            2.2546997070
2524.0000000000            2.2545855045
2525.0000000000            2.2544715405
2526.0000000000            2.2543570995
2527.0000000000            2.2542426586
2528.0000000000            2.2541282177
2529.0000000000            2.2540135384
2530.0000000000            2.2538988590
2531.0000000000            2.2537839413
2532.0000000000            2.2536687851
2533.0000000000            2.2535536289
2534.0000000000            2.2534384727
2535.0000000000            2.2533233166
2536.0000000000            2.2532079220
2537.0000000000            2.2530922890
2538.0000000000            2.2529766560
2539.0000000000            2.2528607845
2540.0000000000            2.2527451515
2541.0000000000            2.2526292801
2542.0000000000            2.2525131702
2543.0000000000            2.2523968220
2544.0000000000            2.2522807121
2545.0000000000            2.2521641254
2546.0000000000            2.2520475388
2547.0000000000            2.2519311905
2548.0000000000            2.2518143654
2549.0000000000            2.2516975403
2550.0000000000            2.2515804768
2551.0000000000            2.2514634132
2552.0000000000            2.2513465881
2553.0000000000            2.2512292862
2554.0000000000            2.2511115074
2555.0000000000            2.2509944439
2556.0000000000            2.2508764267
2557.0000000000            2.2507588863
2558.0000000000            2.2506411076
2559.0000000000            2.2505230904
2560.0000000000            2.2504053116
2561.0000000000            2.2502868176
2562.0000000000            2.2501688004
2563.0000000000            2.2500505447
2564.0000000000            2.2499318123
2565.0000000000            2.2498133183
2566.0000000000            2.2496945858
2567.0000000000            2.2495758533
2568.0000000000            2.2494568825
2569.0000000000            2.2493379116
2570.0000000000            2.2492187023
2571.0000000000            2.2490994930
2572.0000000000            2.2489802837
2573.0000000000            2.2488608360
2574.0000000000            2.2487411499
2575.0000000000            2.2486214638
2576.0000000000            2.2485015392
2577.0000000000            2.2483816147
2578.0000000000            2.2482616901
2579.0000000000            2.2481415272
2580.0000000000            2.2480213642
2581.0000000000            2.2479012012
2582.0000000000            2.2477805614
2583.0000000000            2.2476601601
2584.0000000000            2.2475395203
2585.0000000000            2.2474186420
2586.0000000000            2.2472977638
2587.0000000000            2.2471768856
2588.0000000000            2.2470557690
2589.0000000000            2.2469346523
2590.0000000000            2.2468132973
2591.0000000000            2.2466917038
2592.0000000000            2.2465701103
2593.0000000000            2.2464487553
2594.0000000000            2.2463266850
2595.0000000000            2.2462050915
2596.0000000000            2.2460830212
2597.0000000000            2.2459609509
2598.0000000000            2.2458386421
2599.0000000000            2.2457165718
2600.0000000000            2.2455940247
2601.0000000000            2.2454714775
2602.0000000000            2.2453489304
2603.0000000000            2.2452261448
2604.0000000000            2.2451033592
2605.0000000000            2.2449803352
2606.0000000000            2.2448573112
2607.0000000000            2.2447342873
2608.0000000000            2.2446110249
2609.0000000000            2.2444875240
2610.0000000000            2.2443640232
2611.0000000000            2.2442405224
2612.0000000000            2.2441165447
2613.0000000000            2.2439928055
2614.0000000000            2.2438690662
2615.0000000000            2.2437448502
2616.0000000000            2.2436208725
2617.0000000000            2.2434964180
2618.0000000000            2.2433722019
2619.0000000000            2.2432475090
2620.0000000000            2.2431230545
2621.0000000000            2.2429983616
2622.0000000000            2.2428734303
2623.0000000000            2.2427484989
2624.0000000000            2.2426235676
2625.0000000000            2.2424986362
2626.0000000000            2.2423732281
2627.0000000000            2.2422478199
2628.0000000000            2.2421224117
2629.0000000000            2.2419967651
2630.0000000000            2.2418711185
2631.0000000000            2.2417454720
2632.0000000000            2.2416195869
2633.0000000000            2.2414932251
2634.0000000000            2.2413673401
2635.0000000000            2.2412409782
2636.0000000000            2.2411148548
2637.0000000000            2.2409882545
2638.0000000000            2.2408616543
2639.0000000000            2.2407348156
2640.0000000000            2.2406082153
2641.0000000000            2.2404811382
2642.0000000000            2.2403542995
2643.0000000000            2.2402272224
2644.0000000000            2.2401001453
2645.0000000000            2.2399725914
2646.0000000000            2.2398452759
2647.0000000000            2.2397177219
2648.0000000000            2.2395901680
2649.0000000000            2.2394623756
2650.0000000000            2.2393343449
2651.0000000000            2.2392063141
2652.0000000000            2.2390782833
2653.0000000000            2.2389500141
2654.0000000000            2.2388217449
2655.0000000000            2.2386934757
2656.0000000000            2.2385649681
2657.0000000000            2.2384362221
2658.0000000000            2.2383074760
2659.0000000000            2.2381787300
2660.0000000000            2.2380495071
2661.0000000000            2.2379205227
2662.0000000000            2.2377915382
2663.0000000000            2.2376623154
2664.0000000000            2.2375328541
2665.0000000000            2.2374033928
2666.0000000000            2.2372736931
2667.0000000000            2.2371439934
2668.0000000000            2.2370140553
2669.0000000000            2.2368841171
2670.0000000000            2.2367541790
2671.0000000000            2.2366240025
2672.0000000000            2.2364935875
2673.0000000000            2.2363634109
2674.0000000000            2.2362327576
2675.0000000000            2.2361021042
2676.0000000000            2.2359714508
2677.0000000000            2.2358405590
2678.0000000000            2.2357096672
2679.0000000000            2.2355785370
2680.0000000000            2.2354474068
2681.0000000000            2.2353162766
2682.0000000000            2.2351849079
2683.0000000000            2.2350535393
2684.0000000000            2.2349216938
2685.0000000000            2.2347900867
2686.0000000000            2.2346582413
2687.0000000000            2.2345263958
2688.0000000000            2.2343943119
2689.0000000000            2.2342622280
2690.0000000000            2.2341299057
2691.0000000000            2.2339975834
2692.0000000000            2.2338650227
2693.0000000000            2.2337327003
2694.0000000000            2.2335999012
2695.0000000000            2.2334671021
2696.0000000000            2.2333343029
2697.0000000000            2.2332012653
2698.0000000000            2.2330679893
2699.0000000000            2.2329347134
2700.0000000000            2.2328016758
2701.0000000000            2.2326681614
2702.0000000000            2.2325346470
2703.0000000000            2.2324008942
2704.0000000000            2.2322671413
2705.0000000000            2.2321333885
2706.0000000000            2.2319993973
2707.0000000000            2.2318649292
2708.0000000000            2.2317309380
2709.0000000000            2.2315964699
2710.0000000000            2.2314622402
2711.0000000000            2.2313277721
2712.0000000000            2.2311928272
2713.0000000000            2.2310583591
2714.0000000000            2.2309231758
2715.0000000000            2.2307884693
2716.0000000000            2.2306532860
2717.0000000000            2.2305181026
2718.0000000000            2.2303826809
2719.0000000000            2.2302474976
2720.0000000000            2.2301118374
2721.0000000000            2.2299761772
2722.0000000000            2.2298405170
2723.0000000000            2.2297046185
2724.0000000000            2.2295687199
2725.0000000000            2.2294325829
2726.0000000000            2.2292964458
2727.0000000000            2.2291600704
2728.0000000000            2.2290236950
2729.0000000000            2.2288870811
2730.0000000000            2.2287504673
2731.0000000000            2.2286138535
2732.0000000000            2.2284770012
2733.0000000000            2.2283401489
2734.0000000000            2.2282030582
2735.0000000000            2.2280657291
2736.0000000000            2.2279286385
2737.0000000000            2.2277913094
2738.0000000000            2.2276535034
2739.0000000000            2.2275161743
2740.0000000000            2.2273786068
2741.0000000000            2.2272405624
2742.0000000000            2.2271025181
2743.0000000000            2.2269647121
2744.0000000000            2.2268264294
2745.0000000000            2.2266881466
2746.0000000000            2.2265498638
2747.0000000000            2.2264113426
2748.0000000000            2.2262725830
2749.0000000000            2.2261340618
2750.0000000000            2.2259953022
2751.0000000000            2.2258563042
2752.0000000000            2.2257173061
2753.0000000000            2.2255780697
2754.0000000000            2.2254388332
2755.0000000000            2.2252995968
2756.0000000000            2.2251601219
2757.0000000000            2.2250206470
2758.0000000000            2.2248806953
2759.0000000000            2.2247409821
2760.0000000000            2.2246012688
2761.0000000000            2.2244613171
2762.0000000000            2.2243208885
2763.0000000000            2.2241809368
2764.0000000000            2.2240402699
2765.0000000000            2.2239000797
2766.0000000000            2.2237596512
2767.0000000000            2.2236187458
2768.0000000000            2.2234778404
2769.0000000000            2.2233371735
2770.0000000000            2.2231960297
2771.0000000000            2.2230548859
2772.0000000000            2.2229139805
2773.0000000000            2.2227725983
2774.0000000000            2.2226312160
2775.0000000000            2.2224895954
2776.0000000000            2.2223479748
2777.0000000000            2.2222061157
2778.0000000000            2.2220642567
2779.0000000000            2.2219221592
2780.0000000000            2.2217803001
2781.0000000000            2.2216379642
2782.0000000000            2.2214958668
2783.0000000000            2.2213532925
2784.0000000000            2.2212109566
2785.0000000000            2.2210681438
2786.0000000000            2.2209253311
2787.0000000000            2.2207827568
2788.0000000000            2.2206394672
2789.0000000000            2.2204966545
2790.0000000000            2.2203536034
2791.0000000000            2.2202100754
2792.0000000000            2.2200665474
2793.0000000000            2.2199232578
2794.0000000000            2.2197794914
2795.0000000000            2.2196359634
2796.0000000000            2.2194919586
2797.0000000000            2.2193479538
2798.0000000000            2.2192039490
2799.0000000000            2.2190597057
2800.0000000000            2.2189157009
2801.0000000000            2.2187712193
2802.0000000000            2.2186267376
2803.0000000000            2.2184822559
2804.0000000000            2.2183375359
2805.0000000000            2.2181925774
2806.0000000000            2.2180478573
2807.0000000000            2.2179024220
2808.0000000000            2.2177574635
2809.0000000000            2.2176122665
2810.0000000000            2.2174668312
2811.0000000000            2.2173211575
2812.0000000000            2.2171757221
2813.0000000000            2.2170300484
2814.0000000000            2.2168841362
2815.0000000000            2.2167384624
2816.0000000000            2.2165923119
2817.0000000000            2.2164461613
2818.0000000000            2.2163000107
2819.0000000000            2.2161536217
2820.0000000000            2.2160072327
2821.0000000000            2.2158606052
2822.0000000000            2.2157139778
2823.0000000000            2.2155671120
2824.0000000000            2.2154202461
2825.0000000000            2.2152731419
2826.0000000000            2.2151260376
2827.0000000000            2.2149789333
2828.0000000000            2.2148315907
2829.0000000000            2.2146840096
2830.0000000000            2.2145366669
2831.0000000000            2.2143888474
2832.0000000000            2.2142412663
2833.0000000000            2.2140934467
2834.0000000000            2.2139451504
2835.0000000000            2.2137970924
2836.0000000000            2.2136490345
2837.0000000000            2.2135007381
2838.0000000000            2.2133522034
2839.0000000000            2.2132039070
2840.0000000000            2.2130551338
2841.0000000000            2.2129063606
2842.0000000000            2.2127573490
2843.0000000000            2.2126085758
2844.0000000000            2.2124593258
2845.0000000000            2.2123100758
2846.0000000000            2.2121610641
2847.0000000000            2.2120115757
2848.0000000000            2.2118620872
2849.0000000000            2.2117123604
2850.0000000000            2.2115628719
2851.0000000000            2.2114129066
2852.0000000000            2.2112629414
2853.0000000000            2.2111129761
2854.0000000000            2.2109627724
2855.0000000000            2.2108125687
2856.0000000000            2.2106618881
2857.0000000000            2.2105114460
2858.0000000000            2.2103607655
2859.0000000000            2.2102100849
2860.0000000000            2.2100594044
2861.0000000000            2.2099082470
2862.0000000000            2.2097573280
2863.0000000000            2.2096061707
2864.0000000000            2.2094547749
2865.0000000000            2.2093036175
2866.0000000000            2.2091519833
2867.0000000000            2.2090005875
2868.0000000000            2.2088487148
2869.0000000000            2.2086968422
2870.0000000000            2.2085449696
2871.0000000000            2.2083928585
2872.0000000000            2.2082407475
2873.0000000000            2.2080886364
2874.0000000000            2.2079362869
2875.0000000000            2.2077836990
2876.0000000000            2.2076311111
2877.0000000000            2.2074785233
2878.0000000000            2.2073256969
2879.0000000000            2.2071728706
2880.0000000000            2.2070198059
2881.0000000000            2.2068667412
2882.0000000000            2.2067134380
2883.0000000000            2.2065598965
2884.0000000000            2.2064065933
2885.0000000000            2.2062530518
2886.0000000000            2.2060995102
2887.0000000000            2.2059454918
2888.0000000000            2.2057917118
2889.0000000000            2.2056379318
2890.0000000000            2.2054836750
2891.0000000000            2.2053296566
2892.0000000000            2.2051751614
2893.0000000000            2.2050206661
2894.0000000000            2.2048661709
2895.0000000000            2.2047114372
2896.0000000000            2.2045569420
2897.0000000000            2.2044019699
2898.0000000000            2.2042469978
2899.0000000000            2.2040917873
2900.0000000000            2.2039365768
2901.0000000000            2.2037813663
2902.0000000000            2.2036259174
2903.0000000000            2.2034702301
2904.0000000000            2.2033147812
2905.0000000000            2.2031590939
2906.0000000000            2.2030031681
2907.0000000000            2.2028472424
2908.0000000000            2.2026913166
2909.0000000000            2.2025351524
2910.0000000000            2.2023787498
2911.0000000000            2.2022223473
2912.0000000000            2.2020659447
2913.0000000000            2.2019090652
2914.0000000000            2.2017524242
2915.0000000000            2.2015957832
2916.0000000000            2.2014386654
2917.0000000000            2.2012815475
2918.0000000000            2.2011246681
2919.0000000000            2.2009673119
2920.0000000000            2.2008099556
2921.0000000000            2.2006523609
2922.0000000000            2.2004947662
2923.0000000000            2.2003369331
2924.0000000000            2.2001793385
2925.0000000000            2.2000215054
2926.0000000000            2.1998634338
2927.0000000000            2.1997053623
2928.0000000000            2.1995470524
2929.0000000000            2.1993887424
2930.0000000000            2.1992301941
2931.0000000000            2.1990716457
2932.0000000000            2.1989130974
2933.0000000000            2.1987540722
2934.0000000000            2.1985950470
2935.0000000000            2.1984362602
2936.0000000000            2.1982772350
2937.0000000000            2.1981177330
2938.0000000000            2.1979584694
2939.0000000000            2.1977989674
2940.0000000000            2.1976394653
2941.0000000000            2.1974797249
2942.0000000000            2.1973199844
2943.0000000000            2.1971600056
2944.0000000000            2.1970002651
2945.0000000000            2.1968400478
2946.0000000000            2.1966798306
2947.0000000000            2.1965196133
2948.0000000000            2.1963591576
2949.0000000000            2.1961987019
2950.0000000000            2.1960380077
2951.0000000000            2.1958770752
2952.0000000000            2.1957161427
2953.0000000000            2.1955552101
2954.0000000000            2.1953942776
2955.0000000000            2.1952331066
2956.0000000000            2.1950716972
2957.0000000000            2.1949102879
2958.0000000000            2.1947488785
2959.0000000000            2.1945872307
2960.0000000000            2.1944253445
2961.0000000000            2.1942636967
2962.0000000000            2.1941018105
2963.0000000000            2.1939396858
2964.0000000000            2.1937775612
2965.0000000000            2.1936151981
2966.0000000000            2.1934528351
2967.0000000000            2.1932902336
2968.0000000000            2.1931278706
2969.0000000000            2.1929650307
2970.0000000000            2.1928019524
2971.0000000000            2.1926393509
2972.0000000000            2.1924762726
2973.0000000000            2.1923129559
2974.0000000000            2.1921496391
2975.0000000000            2.1919865608
2976.0000000000            2.1918230057
2977.0000000000            2.1916594505
2978.0000000000            2.1914956570
2979.0000000000            2.1913318634
2980.0000000000            2.1911680698
2981.0000000000            2.1910040379
2982.0000000000            2.1908397675
2983.0000000000            2.1906754971
2984.0000000000            2.1905112267
2985.0000000000            2.1903467178
2986.0000000000            2.1901822090
2987.0000000000            2.1900174618
2988.0000000000            2.1898527145
2989.0000000000            2.1896877289
2990.0000000000            2.1895227432
2991.0000000000            2.1893577576
2992.0000000000            2.1891925335
2993.0000000000            2.1890273094
2994.0000000000            2.1888618469
2995.0000000000            2.1886963844
2996.0000000000            2.1885304451
2997.0000000000            2.1883647442
2998.0000000000            2.1881990433
2999.0000000000            2.1880331039
3000.0000000000            2.1878669262
3001.0000000000            2.1877007484
3002.0000000000            2.1875343323
3003.0000000000            2.1873679161
3004.0000000000            2.1872014999
3005.0000000000            2.1870348454
3006.0000000000            2.1868681908
3007.0000000000            2.1867012978
3008.0000000000            2.1865341663
3009.0000000000            2.1863672733
3010.0000000000            2.1861999035
3011.0000000000            2.1860327721
3012.0000000000            2.1858654022
3013.0000000000            2.1856977940
3014.0000000000            2.1855304241
3015.0000000000            2.1853625774
3016.0000000000            2.1851947308
3017.0000000000            2.1850268841
3018.0000000000            2.1848587990
3019.0000000000            2.1846904755
3020.0000000000            2.1845223904
3021.0000000000            2.1843540668
3022.0000000000            2.1841855049
3023.0000000000            2.1840169430
3024.0000000000            2.1838481426
3025.0000000000            2.1836793423
3026.0000000000            2.1835105419
3027.0000000000            2.1833415031
3028.0000000000            2.1831724644
3029.0000000000            2.1830031872
3030.0000000000            2.1828339100
3031.0000000000            2.1826643944
3032.0000000000            2.1824948788
3033.0000000000            2.1823251247
3034.0000000000            2.1821553707
3035.0000000000            2.1819853783
3036.0000000000            2.1818153858
3037.0000000000            2.1816453934
3038.0000000000            2.1814751625
3039.0000000000            2.1813046932
3040.0000000000            2.1811344624
3041.0000000000            2.1809637547
3042.0000000000            2.1807932854
3043.0000000000            2.1806223392
3044.0000000000            2.1804516315
3045.0000000000            2.1802806854
3046.0000000000            2.1801095009
3047.0000000000            2.1799383163
3048.0000000000            2.1797668934
3049.0000000000            2.1795957088
3050.0000000000            2.1794240475
3051.0000000000            2.1792523861
3052.0000000000            2.1790807247
3053.0000000000            2.1789088249
3054.0000000000            2.1787369251
3055.0000000000            2.1785647869
3056.0000000000            2.1783926487
3057.0000000000            2.1782205105
3058.0000000000            2.1780481339
3059.0000000000            2.1778755188
3060.0000000000            2.1777031422
3061.0000000000            2.1775302887
3062.0000000000            2.1773574352
3063.0000000000            2.1771845818
3064.0000000000            2.1770114899
3065.0000000000            2.1768383980
3066.0000000000            2.1766650677
3067.0000000000            2.1764917374
3068.0000000000            2.1763184071
3069.0000000000            2.1761448383
3070.0000000000            2.1759710312
3071.0000000000            2.1757972240
3072.0000000000            2.1756234169
3073.0000000000            2.1754493713
3074.0000000000            2.1752753258
3075.0000000000            2.1751010418
3076.0000000000            2.1749267578
3077.0000000000            2.1747522354
3078.0000000000            2.1745777130
3079.0000000000            2.1744029522
3080.0000000000            2.1742281914
3081.0000000000            2.1740534306
3082.0000000000            2.1738784313
3083.0000000000            2.1737034321
3084.0000000000            2.1735281944
3085.0000000000            2.1733529568
3086.0000000000            2.1731774807
3087.0000000000            2.1730020046
3088.0000000000            2.1728262901
3089.0000000000            2.1726505756
3090.0000000000            2.1724746227
3091.0000000000            2.1722986698
3092.0000000000            2.1721227169
3093.0000000000            2.1719465256
3094.0000000000            2.1717703342
3095.0000000000            2.1715939045
3096.0000000000            2.1714172363
3097.0000000000            2.1712408066
3098.0000000000            2.1710641384
3099.0000000000            2.1708872318
3100.0000000000            2.1707103252
3101.0000000000            2.1705334187
3102.0000000000            2.1703562737
3103.0000000000            2.1701788902
3104.0000000000            2.1700015068
3105.0000000000            2.1698241234
3106.0000000000            2.1696465015
3107.0000000000            2.1694688797
3108.0000000000            2.1692910194
3109.0000000000            2.1691131592
3110.0000000000            2.1689350605
3111.0000000000            2.1687569618
3112.0000000000            2.1685788631
3113.0000000000            2.1684005260
3114.0000000000            2.1682219505
3115.0000000000            2.1680433750
3116.0000000000            2.1678647995
3117.0000000000            2.1676859856
3118.0000000000            2.1675071716
3119.0000000000            2.1673281193
3120.0000000000            2.1671490669
3121.0000000000            2.1669697762
3122.0000000000            2.1667907238
3123.0000000000            2.1666111946
3124.0000000000            2.1664316654
3125.0000000000            2.1662521362
3126.0000000000            2.1660723686
3127.0000000000            2.1658926010
3128.0000000000            2.1657125950
3129.0000000000            2.1655325890
3130.0000000000            2.1653523445
3131.0000000000            2.1651721001
3132.0000000000            2.1649916172
3133.0000000000            2.1648111343
3134.0000000000            2.1646306515
3135.0000000000            2.1644499302
3136.0000000000            2.1642689705
3137.0000000000            2.1640880108
3138.0000000000            2.1639070511
3139.0000000000            2.1637260914
3140.0000000000            2.1635446548
3141.0000000000            2.1633634567
3142.0000000000            2.1631820202
3143.0000000000            2.1630003452
3144.0000000000            2.1628186703
3145.0000000000            2.1626369953
3146.0000000000            2.1624550819
3147.0000000000            2.1622729301
3148.0000000000            2.1620910168
3149.0000000000            2.1619086266
3150.0000000000            2.1617264748
3151.0000000000            2.1615440845
3152.0000000000            2.1613614559
3153.0000000000            2.1611788273
3154.0000000000            2.1609961987
3155.0000000000            2.1608133316
3156.0000000000            2.1606302261
3157.0000000000            2.1604471207
3158.0000000000            2.1602640152
3159.0000000000            2.1600806713
3160.0000000000            2.1598973274
3161.0000000000            2.1597137451
3162.0000000000            2.1595301628
3163.0000000000            2.1593465805
3164.0000000000            2.1591625214
3165.0000000000            2.1589787006
3166.0000000000            2.1587946415
3167.0000000000            2.1586103439
3168.0000000000            2.1584262848
3169.0000000000            2.1582417488
3170.0000000000            2.1580574512
3171.0000000000            2.1578729153
3172.0000000000            2.1576881409
3173.0000000000            2.1575033665
3174.0000000000            2.1573185921
3175.0000000000            2.1571333408
3176.0000000000            2.1569483280
3177.0000000000            2.1567630768
3178.0000000000            2.1565778255
3179.0000000000            2.1563923359
3180.0000000000            2.1562068462
3181.0000000000            2.1560211182
3182.0000000000            2.1558353901
3183.0000000000            2.1556496620
3184.0000000000            2.1554634571
3185.0000000000            2.1552774906
3186.0000000000            2.1550912857
3187.0000000000            2.1549050808
3188.0000000000            2.1547186375
3189.0000000000            2.1545321941
3190.0000000000            2.1543455124
3191.0000000000            2.1541588306
3192.0000000000            2.1539719105
3193.0000000000            2.1537849903
3194.0000000000            2.1535978317
3195.0000000000            2.1534106731
3196.0000000000            2.1532235146
3197.0000000000            2.1530361176
3198.0000000000            2.1528487206
3199.0000000000            2.1526610851
3200.0000000000            2.1524734497
3201.0000000000            2.1522855759
3202.0000000000            2.1520977020
3203.0000000000            2.1519095898
3204.0000000000            2.1517214775
3205.0000000000            2.1515333652
3206.0000000000            2.1513450146
3207.0000000000            2.1511564255
3208.0000000000            2.1509680748
3209.0000000000            2.1507794857
3210.0000000000            2.1505904198
3211.0000000000            2.1504018307
3212.0000000000            2.1502127647
3213.0000000000            2.1500236988
3214.0000000000            2.1498343945
3215.0000000000            2.1496453285
3216.0000000000            2.1494557858
3217.0000000000            2.1492662430
3218.0000000000            2.1490767002
3219.0000000000            2.1488869190
3220.0000000000            2.1486971378
3221.0000000000            2.1485071182
3222.0000000000            2.1483170986
3223.0000000000            2.1481268406
3224.0000000000            2.1479368210
3225.0000000000            2.1477463245
3226.0000000000            2.1475558281
3227.0000000000            2.1473653316
3228.0000000000            2.1471745968
3229.0000000000            2.1469838619
3230.0000000000            2.1467928886
3231.0000000000            2.1466019154
3232.0000000000            2.1464107037
3233.0000000000            2.1462194920
3234.0000000000            2.1460282803
3235.0000000000            2.1458368301
3236.0000000000            2.1456451416
3237.0000000000            2.1454536915
3238.0000000000            2.1452617645
3239.0000000000            2.1450700760
3240.0000000000            2.1448779106
3241.0000000000            2.1446859837
3242.0000000000            2.1444935799
3243.0000000000            2.1443014145
3244.0000000000            2.1441090107
3245.0000000000            2.1439166069
3246.0000000000            2.1437239647
3247.0000000000            2.1435313225
3248.0000000000            2.1433384418
3249.0000000000            2.1431453228
3250.0000000000            2.1429524422
3251.0000000000            2.1427593231
3252.0000000000            2.1425659657
3253.0000000000            2.1423726082
3254.0000000000            2.1421792507
3255.0000000000            2.1419856548
3256.0000000000            2.1417920589
3257.0000000000            2.1415982246
3258.0000000000            2.1414043903
3259.0000000000            2.1412103176
3260.0000000000            2.1410162449
3261.0000000000            2.1408221722
3262.0000000000            2.1406276226
3263.0000000000            2.1404333115
3264.0000000000            2.1402387619
3265.0000000000            2.1400442123
3266.0000000000            2.1398494244
3267.0000000000            2.1396546364
3268.0000000000            2.1394596100
3269.0000000000            2.1392645836
3270.0000000000            2.1390693188
3271.0000000000            2.1388740540
3272.0000000000            2.1386787891
3273.0000000000            2.1384832859
3274.0000000000            2.1382877827
3275.0000000000            2.1380920410
3276.0000000000            2.1378962994
3277.0000000000            2.1377003193
3278.0000000000            2.1375041008
3279.0000000000            2.1373081207
3280.0000000000            2.1371119022
3281.0000000000            2.1369154453
3282.0000000000            2.1367192268
3283.0000000000            2.1365225315
3284.0000000000            2.1363258362
3285.0000000000            2.1361291409
3286.0000000000            2.1359324455
3287.0000000000            2.1357352734
3288.0000000000            2.1355383396
3289.0000000000            2.1353411674
3290.0000000000            2.1351437569
3291.0000000000            2.1349463463
3292.0000000000            2.1347489357
3293.0000000000            2.1345512867
3294.0000000000            2.1343536377
3295.0000000000            2.1341557503
3296.0000000000            2.1339578629
3297.0000000000            2.1337599754
3298.0000000000            2.1335616112
3299.0000000000            2.1333634853
3300.0000000000            2.1331651211
3301.0000000000            2.1329665184
3302.0000000000            2.1327681541
3303.0000000000            2.1325693130
3304.0000000000            2.1323704720
3305.0000000000            2.1321718693
3306.0000000000            2.1319727898
3307.0000000000            2.1317737103
3308.0000000000            2.1315743923
3309.0000000000            2.1313750744
3310.0000000000            2.1311757565
3311.0000000000            2.1309762001
3312.0000000000            2.1307766438
3313.0000000000            2.1305768490
3314.0000000000            2.1303770542
3315.0000000000            2.1301770210
3316.0000000000            2.1299769878
3317.0000000000            2.1297769547
3318.0000000000            2.1295766830
3319.0000000000            2.1293761730
3320.0000000000            2.1291759014
3321.0000000000            2.1289751530
3322.0000000000            2.1287746429
3323.0000000000            2.1285738945
3324.0000000000            2.1283729076
3325.0000000000            2.1281719208
3326.0000000000            2.1279706955
3327.0000000000            2.1277697086
3328.0000000000            2.1275682449
3329.0000000000            2.1273670197
3330.0000000000            2.1271653175
3331.0000000000            2.1269636154
3332.0000000000            2.1267619133
3333.0000000000            2.1265599728
3334.0000000000            2.1263580322
3335.0000000000            2.1261560917
3336.0000000000            2.1259539127
3337.0000000000            2.1257517338
3338.0000000000            2.1255493164
3339.0000000000            2.1253468990
3340.0000000000            2.1251442432
3341.0000000000            2.1249415874
3342.0000000000            2.1247389317
3343.0000000000            2.1245357990
3344.0000000000            2.1243329048
3345.0000000000            2.1241297722
3346.0000000000            2.1239266396
3347.0000000000            2.1237232685
3348.0000000000            2.1235198975
3349.0000000000            2.1233162880
3350.0000000000            2.1231126785
3351.0000000000            2.1229090691
3352.0000000000            2.1227049828
3353.0000000000            2.1225011349
3354.0000000000            2.1222972870
3355.0000000000            2.1220929623
3356.0000000000            2.1218886375
3357.0000000000            2.1216843128
3358.0000000000            2.1214799881
3359.0000000000            2.1212754250
3360.0000000000            2.1210706234
3361.0000000000            2.1208658218
3362.0000000000            2.1206607819
3363.0000000000            2.1204559803
3364.0000000000            2.1202509403
3365.0000000000            2.1200454235
3366.0000000000            2.1198403835
3367.0000000000            2.1196348667
3368.0000000000            2.1194293499
3369.0000000000            2.1192235947
3370.0000000000            2.1190178394
3371.0000000000            2.1188120842
3372.0000000000            2.1186063290
3373.0000000000            2.1184000969
3374.0000000000            2.1181941032
3375.0000000000            2.1179878712
3376.0000000000            2.1177814007
3377.0000000000            2.1175749302
3378.0000000000            2.1173684597
3379.0000000000            2.1171617508
3380.0000000000            2.1169548035
3381.0000000000            2.1167480946
3382.0000000000            2.1165409088
3383.0000000000            2.1163339615
3384.0000000000            2.1161267757
3385.0000000000            2.1159193516
3386.0000000000            2.1157119274
3387.0000000000            2.1155045033
3388.0000000000            2.1152968407
3389.0000000000            2.1150889397
3390.0000000000            2.1148812771
3391.0000000000            2.1146733761
3392.0000000000            2.1144652367
3393.0000000000            2.1142570972
3394.0000000000            2.1140489578
3395.0000000000            2.1138405800
3396.0000000000            2.1136322021
3397.0000000000            2.1134235859
3398.0000000000            2.1132147312
3399.0000000000            2.1130061150
3400.0000000000            2.1127972603
3401.0000000000            2.1125881672
3402.0000000000            2.1123790741
3403.0000000000            2.1121699810
3404.0000000000            2.1119606495
3405.0000000000            2.1117510796
3406.0000000000            2.1115417480
3407.0000000000            2.1113321781
3408.0000000000            2.1111223698
3409.0000000000            2.1109125614
3410.0000000000            2.1107027531
3411.0000000000            2.1104927063
3412.0000000000            2.1102824211
3413.0000000000            2.1100721359
3414.0000000000            2.1098618507
3415.0000000000            2.1096515656
3416.0000000000            2.1094408035
3417.0000000000            2.1092302799
3418.0000000000            2.1090195179
3419.0000000000            2.1088087559
3420.0000000000            2.1085975170
3421.0000000000            2.1083867550
3422.0000000000            2.1081755161
3423.0000000000            2.1079640388
3424.0000000000            2.1077528000
3425.0000000000            2.1075413227
3426.0000000000            2.1073296070
3427.0000000000            2.1071178913
3428.0000000000            2.1069061756
3429.0000000000            2.1066944599
3430.0000000000            2.1064822674
3431.0000000000            2.1062703133
3432.0000000000            2.1060578823
3433.0000000000            2.1058456898
3434.0000000000            2.1056332588
3435.0000000000            2.1054205894
3436.0000000000            2.1052079201
3437.0000000000            2.1049954891
3438.0000000000            2.1047825813
3439.0000000000            2.1045694351
3440.0000000000            2.1043565273
3441.0000000000            2.1041433811
3442.0000000000            2.1039302349
3443.0000000000            2.1037168503
3444.0000000000            2.1035032272
3445.0000000000            2.1032898426
3446.0000000000            2.1030759811
3447.0000000000            2.1028623581
3448.0000000000            2.1026484966
3449.0000000000            2.1024343967
3450.0000000000            2.1022202969
3451.0000000000            2.1020061970
3452.0000000000            2.1017918587
3453.0000000000            2.1015775204
3454.0000000000            2.1013629436
3455.0000000000            2.1011483669
3456.0000000000            2.1009337902
3457.0000000000            2.1007189751
3458.0000000000            2.1005039215
3459.0000000000            2.1002891064
3460.0000000000            2.1000738144
3461.0000000000            2.0998585224
3462.0000000000            2.0996432304
3463.0000000000            2.0994279385
3464.0000000000            2.0992124081
3465.0000000000            2.0989966393
3466.0000000000            2.0987811089
3467.0000000000            2.0985651016
3468.0000000000            2.0983490944
3469.0000000000            2.0981330872
3470.0000000000            2.0979168415
3471.0000000000            2.0977008343
3472.0000000000            2.0974843502
3473.0000000000            2.0972678661
3474.0000000000            2.0970513821
3475.0000000000            2.0968346596
3476.0000000000            2.0966179371
3477.0000000000            2.0964009762
3478.0000000000            2.0961840153
3479.0000000000            2.0959668159
3480.0000000000            2.0957498550
3481.0000000000            2.0955324173
3482.0000000000            2.0953152180
3483.0000000000            2.0950975418
3484.0000000000            2.0948801041
3485.0000000000            2.0946621895
3486.0000000000            2.0944445133
3487.0000000000            2.0942265987
3488.0000000000            2.0940086842
3489.0000000000            2.0937905312
3490.0000000000            2.0935723782
3491.0000000000            2.0933539867
3492.0000000000            2.0931355953
3493.0000000000            2.0929169655
3494.0000000000            2.0926983356
3495.0000000000            2.0924797058
3496.0000000000            2.0922608376
3497.0000000000            2.0920419693
3498.0000000000            2.0918228626
3499.0000000000            2.0916037560
3500.0000000000            2.0913844109
3501.0000000000            2.0911650658
3502.0000000000            2.0909457207
3503.0000000000            2.0907261372
3504.0000000000            2.0905065536
3505.0000000000            2.0902867317
3506.0000000000            2.0900669098
3507.0000000000            2.0898468494
3508.0000000000            2.0896267891
3509.0000000000            2.0894067287
3510.0000000000            2.0891864300
3511.0000000000            2.0889661312
3512.0000000000            2.0887455940
3513.0000000000            2.0885250568
3514.0000000000            2.0883042812
3515.0000000000            2.0880835056
3516.0000000000            2.0878624916
3517.0000000000            2.0876414776
3518.0000000000            2.0874204636
3519.0000000000            2.0871992111
3520.0000000000            2.0869779587
3521.0000000000            2.0867567062
3522.0000000000            2.0865352154
3523.0000000000            2.0863134861
3524.0000000000            2.0860919952
3525.0000000000            2.0858700275
3526.0000000000            2.0856482983
3527.0000000000            2.0854260921
3528.0000000000            2.0852041245
3529.0000000000            2.0849816799
3530.0000000000            2.0847594738
3531.0000000000            2.0845370293
3532.0000000000            2.0843145847
3533.0000000000            2.0840919018
3534.0000000000            2.0838692188
3535.0000000000            2.0836465359
3536.0000000000            2.0834233761
3537.0000000000            2.0832004547
3538.0000000000            2.0829772949
3539.0000000000            2.0827541351
3540.0000000000            2.0825307369
3541.0000000000            2.0823073387
3542.0000000000            2.0820837021
3543.0000000000            2.0818600655
3544.0000000000            2.0816364288
3545.0000000000            2.0814125538
3546.0000000000            2.0811886787
3547.0000000000            2.0809645653
3548.0000000000            2.0807404518
3549.0000000000            2.0805160999
3550.0000000000            2.0802917480
3551.0000000000            2.0800673962
3552.0000000000            2.0798428059
3553.0000000000            2.0796182156
3554.0000000000            2.0793933868
3555.0000000000            2.0791683197
3556.0000000000            2.0789434910
3557.0000000000            2.0787184238
3558.0000000000            2.0784931183
3559.0000000000            2.0782680511
3560.0000000000            2.0780425072
3561.0000000000            2.0778172016
3562.0000000000            2.0775916576
3563.0000000000            2.0773658752
3564.0000000000            2.0771400928
3565.0000000000            2.0769140720
3566.0000000000            2.0766882896
3567.0000000000            2.0764622688
3568.0000000000            2.0762360096
3569.0000000000            2.0760097504
3570.0000000000            2.0757832527
3571.0000000000            2.0755567551
3572.0000000000            2.0753302574
3573.0000000000            2.0751035213
3574.0000000000            2.0748767853
3575.0000000000            2.0746498108
3576.0000000000            2.0744228363
3577.0000000000            2.0741956234
3578.0000000000            2.0739686489
3579.0000000000            2.0737411976
3580.0000000000            2.0735137463
3581.0000000000            2.0732862949
3582.0000000000            2.0730586052
3583.0000000000            2.0728309155
3584.0000000000            2.0726027489
3585.0000000000            2.0723748207
3586.0000000000            2.0721461773
3587.0000000000            2.0719177723
3588.0000000000            2.0716886520
3589.0000000000            2.0714590549
3590.0000000000            2.0712287426
3591.0000000000            2.0709974766
3592.0000000000            2.0707650185
3593.0000000000            2.0705308914
3594.0000000000            2.0702941418
3595.0000000000            2.0700538158
3596.0000000000            2.0698091984
3597.0000000000            2.0695576668
3598.0000000000            2.0692977905
3599.0000000000            2.0690262318
3600.0000000000            2.0687386990
3601.0000000000            2.0684304237
3602.0000000000            2.0680942535
3603.0000000000            2.0677220821
3604.0000000000            2.0673024654
3605.0000000000            2.0668218136
3606.0000000000            2.0662627220
3607.0000000000            2.0656037331
3608.0000000000            2.0648183823
3609.0000000000            2.0638744831
3610.0000000000            2.0627331734
3611.0000000000            2.0613477230
3612.0000000000            2.0596628189
3613.0000000000            2.0576138496
3614.0000000000            2.0551247597
3615.0000000000            2.0521085262
3616.0000000000            2.0484652519
3617.0000000000            2.0440826416
3618.0000000000            2.0388343334
3619.0000000000            2.0325813293
3620.0000000000            2.0251715183
3621.0000000000            2.0164403915
3622.0000000000            2.0062127113
3623.0000000000            1.9943041801
3624.0000000000            1.9805240631
3625.0000000000            1.9646778107
3626.0000000000            1.9465713501
3627.0000000000            1.9260141850
3628.0000000000            1.9028251171
3629.0000000000            1.8768361807
3630.0000000000            1.8478983641
3631.0000000000            1.8158872128
3632.0000000000            1.7807070017
3633.0000000000            1.7422965765
3634.0000000000            1.7006337643
3635.0000000000            1.6557382345
3636.0000000000            1.6076759100
3637.0000000000            1.5565593243
3638.0000000000            1.5025496483
3639.0000000000            1.4458554983
3640.0000000000            1.3867321014
3641.0000000000            1.3254764080
3642.0000000000            1.2624250650
3643.0000000000            1.1979471445
3644.0000000000            1.1324383020
3645.0000000000            1.0663138628
3646.0000000000            1.0000000000
3647.0000000000            0.9339264035
3648.0000000000            0.8685170412
3649.0000000000            0.8041828871
3650.0000000000            0.7413136363
3651.0000000000            0.6802707314
3652.0000000000            0.6213817000
3653.0000000000            0.5649344325
3654.0000000000            0.5111739635
3655.0000000000            0.4602995515
3656.0000000000            0.4124632776
3657.0000000000            0.3677701950
3658.0000000000            0.3262792528
3659.0000000000            0.2880055606
3660.0000000000            0.2529234588
3661.0000000000            0.2209702283
3662.0000000000            0.1920507103
3663.0000000000            0.1660419554
3664.0000000000            0.1427983344
3665.0000000000            0.1221564412
3666.0000000000            0.1039401367
3667.0000000000            0.0879651308
3668.0000000000            0.0740433186
3669.0000000000            0.0619865991
3670.0000000000            0.0516102314
3671.0000000000            0.0427356176
3672.0000000000            0.0351926014
3673.0000000000            0.0288211610
3674.0000000000            0.0234726835
3675.0000000000            0.0190106984
3676.0000000000            0.0153112598
3677.0000000000            0.0122629618
3678.0000000000            0.0097666588
3679.0000000000            0.0077349567
3680.0000000000            0.0060915314
3681.0000000000            0.0047703232
3682.0000000000            0.0037146523
3683.0000000000            0.0028763011
3684.0000000000            0.0022145901
3685.0000000000            0.0016954802
3686.0000000000            0.0012907143
3687.0000000000            0.0009770205
3688.0000000000            0.0007353797
3689.0000000000            0.0005503673
3690.0000000000            0.0004095677
3691.0000000000            0.0003030607
3692.0000000000            0.0002229790
3693.0000000000            0.0001631278
3694.0000000000            0.0001186648
3695.0000000000            0.0000858312
3696.0000000000            0.0000617303
3697.0000000000            0.0000441449
