1897.0000000000            2.1234261990
1898.0000000000            2.1234312057
1899.0000000000            2.1234359741
1900.0000000000            2.1234407425
1901.0000000000            2.1234457493
1902.0000000000            2.1234502792
1903.0000000000            2.1234548092
1904.0000000000            2.1234595776
1905.0000000000            2.1234641075
1906.0000000000            2.1234683990
1907.0000000000            2.1234729290
1908.0000000000            2.1234772205
1909.0000000000            2.1234815121
1910.0000000000            2.1234858036
1911.0000000000            2.1234900951
1912.0000000000            2.1234941483
1913.0000000000            2.1234982014
1914.0000000000            2.1235020161
1915.0000000000            2.1235060692
1916.0000000000            2.1235101223
1917.0000000000            2.1235139370
1918.0000000000            2.1235177517
1919.0000000000            2.1235215664
1920.0000000000            2.1235251427
1921.0000000000            2.1235287189
1922.0000000000            2.1235322952
1923.0000000000            2.1235358715
1924.0000000000            2.1235394478
1925.0000000000            2.1235427856
1926.0000000000            2.1235461235
1927.0000000000            2.1235496998
1928.0000000000            2.1235527992
1929.0000000000            2.1235558987
1930.0000000000            2.1235592365
1931.0000000000            2.1235623360
1932.0000000000            2.1235651970
1933.0000000000            2.1235682964
1934.0000000000            2.1235713959
1935.0000000000            2.1235742569
1936.0000000000            2.1235771179
1937.0000000000            2.1235797405
1938.0000000000            2.1235826015
1939.0000000000            2.1235852242
1940.0000000000            2.1235878468
1941.0000000000            2.1235904694
1942.0000000000            2.1235928535
1943.0000000000            2.1235952377
1944.0000000000            2.1235976219
1945.0000000000            2.1236002445
1946.0000000000            2.1236023903
1947.0000000000            2.1236045361
1948.0000000000            2.1236066818
1949.0000000000            2.1236088276
1950.0000000000            2.1236109734
1951.0000000000            2.1236131191
1952.0000000000            2.1236150265
1953.0000000000            2.1236171722
1954.0000000000            2.1236188412
1955.0000000000            2.1236207485
1956.0000000000            2.1236224174
1957.0000000000            2.1236240864
1958.0000000000            2.1236257553
1959.0000000000            2.1236274242
1960.0000000000            2.1236290932
1961.0000000000            2.1236305237
1962.0000000000            2.1236319542
1963.0000000000            2.1236333847
1964.0000000000            2.1236345768
1965.0000000000            2.1236360073
1966.0000000000            2.1236371994
1967.0000000000            2.1236383915
1968.0000000000            2.1236395836
1969.0000000000            2.1236405373
1970.0000000000            2.1236417294
1971.0000000000            2.1236424446
1972.0000000000            2.1236433983
1973.0000000000            2.1236443520
1974.0000000000            2.1236453056
1975.0000000000            2.1236460209
1976.0000000000            2.1236467361
1977.0000000000            2.1236474514
1978.0000000000            2.1236479282
1979.0000000000            2.1236484051
1980.0000000000            2.1236488819
1981.0000000000            2.1236493587
1982.0000000000            2.1236498356
1983.0000000000            2.1236500740
1984.0000000000            2.1236503124
1985.0000000000            2.1236505508
1986.0000000000            2.1236507893
1987.0000000000            2.1236507893
1988.0000000000            2.1236510277
1989.0000000000            2.1236510277
1990.0000000000            2.1236510277
1991.0000000000            2.1236507893
1992.0000000000            2.1236507893
1993.0000000000            2.1236505508
1994.0000000000            2.1236503124
1995.0000000000            2.1236500740
1996.0000000000            2.1236498356
1997.0000000000            2.1236493587
1998.0000000000            2.1236488819
1999.0000000000            2.1236484051
2000.0000000000            2.1236479282
2001.0000000000            2.1236474514
2002.0000000000            2.1236467361
2003.0000000000            2.1236460209
2004.0000000000            2.1236453056
2005.0000000000            2.1236445904
2006.0000000000            2.1236436367
2007.0000000000            2.1236426830
2008.0000000000            2.1236417294
2009.0000000000            2.1236407757
2010.0000000000            2.1236395836
2011.0000000000            2.1236383915
2012.0000000000            2.1236374378
2013.0000000000            2.1236360073
2014.0000000000            2.1236348152
2015.0000000000            2.1236333847
2016.0000000000            2.1236321926
2017.0000000000            2.1236307621
2018.0000000000            2.1236290932
2019.0000000000            2.1236276627
2020.0000000000            2.1236262321
2021.0000000000            2.1236245632
2022.0000000000            2.1236226559
2023.0000000000            2.1236212254
2024.0000000000            2.1236193180
2025.0000000000            2.1236174107
2026.0000000000            2.1236157417
2027.0000000000            2.1236135960
2028.0000000000            2.1236116886
2029.0000000000            2.1236095428
2030.0000000000            2.1236073971
2031.0000000000            2.1236052513
2032.0000000000            2.1236031055
2033.0000000000            2.1236009598
2034.0000000000            2.1235988140
2035.0000000000            2.1235961914
2036.0000000000            2.1235940456
2037.0000000000            2.1235914230
2038.0000000000            2.1235890388
2039.0000000000            2.1235864162
2040.0000000000            2.1235837936
2041.0000000000            2.1235811710
2042.0000000000            2.1235785484
2043.0000000000            2.1235756874
2044.0000000000            2.1235728264
2045.0000000000            2.1235699654
2046.0000000000            2.1235671043
2047.0000000000            2.1235642433
2048.0000000000            2.1235611439
2049.0000000000            2.1235580444
2050.0000000000            2.1235549450
2051.0000000000            2.1235518456
2052.0000000000            2.1235485077
2053.0000000000            2.1235454082
2054.0000000000            2.1235420704
2055.0000000000            2.1235387325
2056.0000000000            2.1235351562
2057.0000000000            2.1235318184
2058.0000000000            2.1235282421
2059.0000000000            2.1235246658
2060.0000000000            2.1235210896
2061.0000000000            2.1235172749
2062.0000000000            2.1235139370
2063.0000000000            2.1235098839
2064.0000000000            2.1235060692
2065.0000000000            2.1235022545
2066.0000000000            2.1234984398
2067.0000000000            2.1234943867
2068.0000000000            2.1234903336
2069.0000000000            2.1234865189
2070.0000000000            2.1234822273
2071.0000000000            2.1234779358
2072.0000000000            2.1234738827
2073.0000000000            2.1234695911
2074.0000000000            2.1234652996
2075.0000000000            2.1234610081
2076.0000000000            2.1234564781
2077.0000000000            2.1234519482
2078.0000000000            2.1234474182
2079.0000000000            2.1234428883
2080.0000000000            2.1234383583
2081.0000000000            2.1234335899
2082.0000000000            2.1234288216
2083.0000000000            2.1234240532
2084.0000000000            2.1234192848
2085.0000000000            2.1234145164
2086.0000000000            2.1234095097
2087.0000000000            2.1234045029
2088.0000000000            2.1233994961
2089.0000000000            2.1233944893
2090.0000000000            2.1233894825
2091.0000000000            2.1233839989
2092.0000000000            2.1233789921
2093.0000000000            2.1233737469
2094.0000000000            2.1233685017
2095.0000000000            2.1233627796
2096.0000000000            2.1233575344
2097.0000000000            2.1233520508
2098.0000000000            2.1233465672
2099.0000000000            2.1233410835
2100.0000000000            2.1233353615
2101.0000000000            2.1233298779
2102.0000000000            2.1233239174
2103.0000000000            2.1233181953
2104.0000000000            2.1233122349
2105.0000000000            2.1233065128
2106.0000000000            2.1233005524
2107.0000000000            2.1232945919
2108.0000000000            2.1232886314
2109.0000000000            2.1232826710
2110.0000000000            2.1232764721
2111.0000000000            2.1232702732
2112.0000000000            2.1232640743
2113.0000000000            2.1232578754
2114.0000000000            2.1232514381
2115.0000000000            2.1232452393
2116.0000000000            2.1232388020
2117.0000000000            2.1232321262
2118.0000000000            2.1232259274
2119.0000000000            2.1232192516
2120.0000000000            2.1232125759
2121.0000000000            2.1232061386
2122.0000000000            2.1231992245
2123.0000000000            2.1231925488
2124.0000000000            2.1231858730
2125.0000000000            2.1231787205
2126.0000000000            2.1231718063
2127.0000000000            2.1231648922
2128.0000000000            2.1231579781
2129.0000000000            2.1231508255
2130.0000000000            2.1231439114
2131.0000000000            2.1231367588
2132.0000000000            2.1231296062
2133.0000000000            2.1231222153
2134.0000000000            2.1231148243
2135.0000000000            2.1231076717
2136.0000000000            2.1231000423
2137.0000000000            2.1230928898
2138.0000000000            2.1230852604
2139.0000000000            2.1230776310
2140.0000000000            2.1230702400
2141.0000000000            2.1230626106
2142.0000000000            2.1230549812
2143.0000000000            2.1230471134
2144.0000000000            2.1230392456
2145.0000000000            2.1230313778
2146.0000000000            2.1230235100
2147.0000000000            2.1230158806
2148.0000000000            2.1230077744
2149.0000000000            2.1229996681
2150.0000000000            2.1229915619
2151.0000000000            2.1229834557
2152.0000000000            2.1229753494
2153.0000000000            2.1229670048
2154.0000000000            2.1229588985
2155.0000000000            2.1229505539
2156.0000000000            2.1229419708
2157.0000000000            2.1229336262
2158.0000000000            2.1229252815
2159.0000000000            2.1229166985
2160.0000000000            2.1229083538
2161.0000000000            2.1228995323
2162.0000000000            2.1228909492
2163.0000000000            2.1228823662
2164.0000000000            2.1228733063
2165.0000000000            2.1228647232
2166.0000000000            2.1228556633
2167.0000000000            2.1228468418
2168.0000000000            2.1228380203
2169.0000000000            2.1228289604
2170.0000000000            2.1228199005
2171.0000000000            2.1228106022
2172.0000000000            2.1228015423
2173.0000000000            2.1227924824
2174.0000000000            2.1227834225
2175.0000000000            2.1227738857
2176.0000000000            2.1227645874
2177.0000000000            2.1227552891
2178.0000000000            2.1227457523
2179.0000000000            2.1227362156
2180.0000000000            2.1227266788
2181.0000000000            2.1227173805
2182.0000000000            2.1227076054
2183.0000000000            2.1226978302
2184.0000000000            2.1226882935
2185.0000000000            2.1226785183
2186.0000000000            2.1226685047
2187.0000000000            2.1226587296
2188.0000000000            2.1226487160
2189.0000000000            2.1226387024
2190.0000000000            2.1226286888
2191.0000000000            2.1226189137
2192.0000000000            2.1226086617
2193.0000000000            2.1225986481
2194.0000000000            2.1225881577
2195.0000000000            2.1225781441
2196.0000000000            2.1225676537
2197.0000000000            2.1225574017
2198.0000000000            2.1225469112
2199.0000000000            2.1225366592
2200.0000000000            2.1225261688
2201.0000000000            2.1225156784
2202.0000000000            2.1225049496
2203.0000000000            2.1224942207
2204.0000000000            2.1224834919
2205.0000000000            2.1224727631
2206.0000000000            2.1224620342
2207.0000000000            2.1224513054
2208.0000000000            2.1224405766
2209.0000000000            2.1224293709
2210.0000000000            2.1224186420
2211.0000000000            2.1224074364
2212.0000000000            2.1223962307
2213.0000000000            2.1223852634
2214.0000000000            2.1223740578
2215.0000000000            2.1223628521
2216.0000000000            2.1223516464
2217.0000000000            2.1223404408
2218.0000000000            2.1223289967
2219.0000000000            2.1223175526
2220.0000000000            2.1223061085
2221.0000000000            2.1222946644
2222.0000000000            2.1222832203
2223.0000000000            2.1222715378
2224.0000000000            2.1222598553
2225.0000000000            2.1222481728
2226.0000000000            2.1222364902
2227.0000000000            2.1222248077
2228.0000000000            2.1222128868
2229.0000000000            2.1222009659
2230.0000000000            2.1221890450
2231.0000000000            2.1221771240
2232.0000000000            2.1221652031
2233.0000000000            2.1221530437
2234.0000000000            2.1221408844
2235.0000000000            2.1221287251
2236.0000000000            2.1221165657
2237.0000000000            2.1221041679
2238.0000000000            2.1220920086
2239.0000000000            2.1220796108
2240.0000000000            2.1220672131
2241.0000000000            2.1220548153
2242.0000000000            2.1220421791
2243.0000000000            2.1220295429
2244.0000000000            2.1220171452
2245.0000000000            2.1220045090
2246.0000000000            2.1219918728
2247.0000000000            2.1219789982
2248.0000000000            2.1219663620
2249.0000000000            2.1219534874
2250.0000000000            2.1219406128
2251.0000000000            2.1219277382
2252.0000000000            2.1219148636
2253.0000000000            2.1219017506
2254.0000000000            2.1218886375
2255.0000000000            2.1218755245
2256.0000000000            2.1218624115
2257.0000000000            2.1218490601
2258.0000000000            2.1218359470
2259.0000000000            2.1218225956
2260.0000000000            2.1218092442
2261.0000000000            2.1217958927
2262.0000000000            2.1217825413
2263.0000000000            2.1217689514
2264.0000000000            2.1217556000
2265.0000000000            2.1217420101
2266.0000000000            2.1217281818
2267.0000000000            2.1217145920
2268.0000000000            2.1217007637
2269.0000000000            2.1216871738
2270.0000000000            2.1216733456
2271.0000000000            2.1216592789
2272.0000000000            2.1216454506
2273.0000000000            2.1216316223
2274.0000000000            2.1216175556
2275.0000000000            2.1216034889
2276.0000000000            2.1215894222
2277.0000000000            2.1215751171
2278.0000000000            2.1215610504
2279.0000000000            2.1215469837
2280.0000000000            2.1215324402
2281.0000000000            2.1215181351
2282.0000000000            2.1215038300
2283.0000000000            2.1214892864
2284.0000000000            2.1214749813
2285.0000000000            2.1214604378
2286.0000000000            2.1214458942
2287.0000000000            2.1214311123
2288.0000000000            2.1214165688
2289.0000000000            2.1214017868
2290.0000000000            2.1213870049
2291.0000000000            2.1213722229
2292.0000000000            2.1213574409
2293.0000000000            2.1213426590
2294.0000000000            2.1213276386
2295.0000000000            2.1213126183
2296.0000000000            2.1212975979
2297.0000000000            2.1212825775
2298.0000000000            2.1212673187
2299.0000000000            2.1212522984
2300.0000000000            2.1212370396
2301.0000000000            2.1212217808
2302.0000000000            2.1212062836
2303.0000000000            2.1211910248
2304.0000000000            2.1211755276
2305.0000000000            2.1211602688
2306.0000000000            2.1211445332
2307.0000000000            2.1211290359
2308.0000000000            2.1211135387
2309.0000000000            2.1210980415
2310.0000000000            2.1210820675
2311.0000000000            2.1210665703
2312.0000000000            2.1210505962
2313.0000000000            2.1210348606
2314.0000000000            2.1210188866
2315.0000000000            2.1210031509
2316.0000000000            2.1209871769
2317.0000000000            2.1209709644
2318.0000000000            2.1209549904
2319.0000000000            2.1209390163
2320.0000000000            2.1209228039
2321.0000000000            2.1209065914
2322.0000000000            2.1208903790
2323.0000000000            2.1208739281
2324.0000000000            2.1208577156
2325.0000000000            2.1208412647
2326.0000000000            2.1208248138
2327.0000000000            2.1208083630
2328.0000000000            2.1207919121
2329.0000000000            2.1207752228
2330.0000000000            2.1207587719
2331.0000000000            2.1207420826
2332.0000000000            2.1207253933
2333.0000000000            2.1207084656
2334.0000000000            2.1206917763
2335.0000000000            2.1206748486
2336.0000000000            2.1206581593
2337.0000000000            2.1206409931
2338.0000000000            2.1206240654
2339.0000000000            2.1206071377
2340.0000000000            2.1205899715
2341.0000000000            2.1205728054
2342.0000000000            2.1205558777
2343.0000000000            2.1205384731
2344.0000000000            2.1205213070
2345.0000000000            2.1205039024
2346.0000000000            2.1204864979
2347.0000000000            2.1204690933
2348.0000000000            2.1204516888
2349.0000000000            2.1204342842
2350.0000000000            2.1204166412
2351.0000000000            2.1203992367
2352.0000000000            2.1203815937
2353.0000000000            2.1203637123
2354.0000000000            2.1203460693
2355.0000000000            2.1203281879
2356.0000000000            2.1203105450
2357.0000000000            2.1202924252
2358.0000000000            2.1202747822
2359.0000000000            2.1202566624
2360.0000000000            2.1202387810
2361.0000000000            2.1202206612
2362.0000000000            2.1202025414
2363.0000000000            2.1201844215
2364.0000000000            2.1201660633
2365.0000000000            2.1201479435
2366.0000000000            2.1201295853
2367.0000000000            2.1201112270
2368.0000000000            2.1200928688
2369.0000000000            2.1200747490
2370.0000000000            2.1200561523
2371.0000000000            2.1200375557
2372.0000000000            2.1200191975
2373.0000000000            2.1200003624
2374.0000000000            2.1199817657
2375.0000000000            2.1199629307
2376.0000000000            2.1199443340
2377.0000000000            2.1199254990
2378.0000000000            2.1199066639
2379.0000000000            2.1198878288
2380.0000000000            2.1198687553
2381.0000000000            2.1198499203
2382.0000000000            2.1198308468
2383.0000000000            2.1198120117
2384.0000000000            2.1197926998
2385.0000000000            2.1197736263
2386.0000000000            2.1197543144
2387.0000000000            2.1197352409
2388.0000000000            2.1197156906
2389.0000000000            2.1196966171
2390.0000000000            2.1196770668
2391.0000000000            2.1196575165
2392.0000000000            2.1196382046
2393.0000000000            2.1196186543
2394.0000000000            2.1195991039
2395.0000000000            2.1195793152
2396.0000000000            2.1195597649
2397.0000000000            2.1195399761
2398.0000000000            2.1195204258
2399.0000000000            2.1195006371
2400.0000000000            2.1194806099
2401.0000000000            2.1194608212
2402.0000000000            2.1194410324
2403.0000000000            2.1194207668
2404.0000000000            2.1194009781
2405.0000000000            2.1193807125
2406.0000000000            2.1193606853
2407.0000000000            2.1193406582
2408.0000000000            2.1193201542
2409.0000000000            2.1193001270
2410.0000000000            2.1192796230
2411.0000000000            2.1192593575
2412.0000000000            2.1192390919
2413.0000000000            2.1192185879
2414.0000000000            2.1191980839
2415.0000000000            2.1191775799
2416.0000000000            2.1191570759
2417.0000000000            2.1191363335
2418.0000000000            2.1191158295
2419.0000000000            2.1190950871
2420.0000000000            2.1190743446
2421.0000000000            2.1190533638
2422.0000000000            2.1190326214
2423.0000000000            2.1190118790
2424.0000000000            2.1189906597
2425.0000000000            2.1189696789
2426.0000000000            2.1189486980
2427.0000000000            2.1189274788
2428.0000000000            2.1189064980
2429.0000000000            2.1188852787
2430.0000000000            2.1188642979
2431.0000000000            2.1188428402
2432.0000000000            2.1188213825
2433.0000000000            2.1188001633
2434.0000000000            2.1187787056
2435.0000000000            2.1187574863
2436.0000000000            2.1187357903
2437.0000000000            2.1187143326
2438.0000000000            2.1186928749
2439.0000000000            2.1186711788
2440.0000000000            2.1186494827
2441.0000000000            2.1186277866
2442.0000000000            2.1186058521
2443.0000000000            2.1185841560
2444.0000000000            2.1185622215
2445.0000000000            2.1185405254
2446.0000000000            2.1185185909
2447.0000000000            2.1184964180
2448.0000000000            2.1184744835
2449.0000000000            2.1184523106
2450.0000000000            2.1184301376
2451.0000000000            2.1184082031
2452.0000000000            2.1183860302
2453.0000000000            2.1183636189
2454.0000000000            2.1183412075
2455.0000000000            2.1183190346
2456.0000000000            2.1182966232
2457.0000000000            2.1182742119
2458.0000000000            2.1182518005
2459.0000000000            2.1182291508
2460.0000000000            2.1182065010
2461.0000000000            2.1181838512
2462.0000000000            2.1181612015
2463.0000000000            2.1181385517
2464.0000000000            2.1181156635
2465.0000000000            2.1180930138
2466.0000000000            2.1180701256
2467.0000000000            2.1180472374
2468.0000000000            2.1180241108
2469.0000000000            2.1180012226
2470.0000000000            2.1179783344
2471.0000000000            2.1179552078
2472.0000000000            2.1179320812
2473.0000000000            2.1179089546
2474.0000000000            2.1178858280
2475.0000000000            2.1178624630
2476.0000000000            2.1178390980
2477.0000000000            2.1178157330
2478.0000000000            2.1177923679
2479.0000000000            2.1177690029
2480.0000000000            2.1177453995
2481.0000000000            2.1177217960
2482.0000000000            2.1176981926
2483.0000000000            2.1176745892
2484.0000000000            2.1176509857
2485.0000000000            2.1176273823
2486.0000000000            2.1176035404
2487.0000000000            2.1175796986
2488.0000000000            2.1175558567
2489.0000000000            2.1175320148
2490.0000000000            2.1175079346
2491.0000000000            2.1174840927
2492.0000000000            2.1174600124
2493.0000000000            2.1174359322
2494.0000000000            2.1174118519
2495.0000000000            2.1173877716
2496.0000000000            2.1173634529
2497.0000000000            2.1173393726
2498.0000000000            2.1173148155
2499.0000000000            2.1172907352
2500.0000000000            2.1172661781
2501.0000000000            2.1172416210
2502.0000000000            2.1172173023
2503.0000000000            2.1171927452
2504.0000000000            2.1171681881
2505.0000000000            2.1171436310
2506.0000000000            2.1171188354
2507.0000000000            2.1170940399
2508.0000000000            2.1170694828
2509.0000000000            2.1170446873
2510.0000000000            2.1170196533
2511.0000000000            2.1169948578
2512.0000000000            2.1169698238
2513.0000000000            2.1169450283
2514.0000000000            2.1169199944
2515.0000000000            2.1168949604
2516.0000000000            2.1168699265
2517.0000000000            2.1168446541
2518.0000000000            2.1168193817
2519.0000000000            2.1167941093
2520.0000000000            2.1167688370
2521.0000000000            2.1167435646
2522.0000000000            2.1167182922
2523.0000000000            2.1166927814
2524.0000000000            2.1166672707
2525.0000000000            2.1166417599
2526.0000000000            2.1166162491
2527.0000000000            2.1165904999
2528.0000000000            2.1165649891
2529.0000000000            2.1165392399
2530.0000000000            2.1165134907
2531.0000000000            2.1164877415
2532.0000000000            2.1164619923
2533.0000000000            2.1164360046
2534.0000000000            2.1164100170
2535.0000000000            2.1163840294
2536.0000000000            2.1163580418
2537.0000000000            2.1163320541
2538.0000000000            2.1163060665
2539.0000000000            2.1162798405
2540.0000000000            2.1162533760
2541.0000000000            2.1162273884
2542.0000000000            2.1162009239
2543.0000000000            2.1161746979
2544.0000000000            2.1161482334
2545.0000000000            2.1161220074
2546.0000000000            2.1160953045
2547.0000000000            2.1160688400
2548.0000000000            2.1160423756
2549.0000000000            2.1160159111
2550.0000000000            2.1159892082
2551.0000000000            2.1159625053
2552.0000000000            2.1159358025
2553.0000000000            2.1159088612
2554.0000000000            2.1158821583
2555.0000000000            2.1158552170
2556.0000000000            2.1158282757
2557.0000000000            2.1158013344
2558.0000000000            2.1157741547
2559.0000000000            2.1157472134
2560.0000000000            2.1157200336
2561.0000000000            2.1156930923
2562.0000000000            2.1156659126
2563.0000000000            2.1156387329
2564.0000000000            2.1156113148
2565.0000000000            2.1155838966
2566.0000000000            2.1155567169
2567.0000000000            2.1155292988
2568.0000000000            2.1155016422
2569.0000000000            2.1154742241
2570.0000000000            2.1154468060
2571.0000000000            2.1154191494
2572.0000000000            2.1153914928
2573.0000000000            2.1153638363
2574.0000000000            2.1153361797
2575.0000000000            2.1153085232
2576.0000000000            2.1152803898
2577.0000000000            2.1152527332
2578.0000000000            2.1152248383
2579.0000000000            2.1151967049
2580.0000000000            2.1151688099
2581.0000000000            2.1151406765
2582.0000000000            2.1151127815
2583.0000000000            2.1150846481
2584.0000000000            2.1150562763
2585.0000000000            2.1150281429
2586.0000000000            2.1150000095
2587.0000000000            2.1149716377
2588.0000000000            2.1149432659
2589.0000000000            2.1149148941
2590.0000000000            2.1148862839
2591.0000000000            2.1148579121
2592.0000000000            2.1148293018
2593.0000000000            2.1148009300
2594.0000000000            2.1147723198
2595.0000000000            2.1147437096
2596.0000000000            2.1147148609
2597.0000000000            2.1146860123
2598.0000000000            2.1146574020
2599.0000000000            2.1146285534
2600.0000000000            2.1145997047
2601.0000000000            2.1145706177
2602.0000000000            2.1145415306
2603.0000000000            2.1145126820
2604.0000000000            2.1144835949
2605.0000000000            2.1144545078
2606.0000000000            2.1144254208
2607.0000000000            2.1143960953
2608.0000000000            2.1143667698
2609.0000000000            2.1143376827
2610.0000000000            2.1143081188
2611.0000000000            2.1142787933
2612.0000000000            2.1142494678
2613.0000000000            2.1142199039
2614.0000000000            2.1141903400
2615.0000000000            2.1141607761
2616.0000000000            2.1141312122
2617.0000000000            2.1141016483
2618.0000000000            2.1140718460
2619.0000000000            2.1140420437
2620.0000000000            2.1140124798
2621.0000000000            2.1139826775
2622.0000000000            2.1139526367
2623.0000000000            2.1139228344
2624.0000000000            2.1138927937
2625.0000000000            2.1138627529
2626.0000000000            2.1138327122
2627.0000000000            2.1138026714
2628.0000000000            2.1137723923
2629.0000000000            2.1137423515
2630.0000000000            2.1137120724
2631.0000000000            2.1136817932
2632.0000000000            2.1136515141
2633.0000000000            2.1136212349
2634.0000000000            2.1135907173
2635.0000000000            2.1135601997
2636.0000000000            2.1135299206
2637.0000000000            2.1134991646
2638.0000000000            2.1134686470
2639.0000000000            2.1134378910
2640.0000000000            2.1134073734
2641.0000000000            2.1133766174
2642.0000000000            2.1133458614
2643.0000000000            2.1133148670
2644.0000000000            2.1132841110
2645.0000000000            2.1132531166
2646.0000000000            2.1132221222
2647.0000000000            2.1131913662
2648.0000000000            2.1131603718
2649.0000000000            2.1131291389
2650.0000000000            2.1130979061
2651.0000000000            2.1130669117
2652.0000000000            2.1130356789
2653.0000000000            2.1130044460
2654.0000000000            2.1129732132
2655.0000000000            2.1129417419
2656.0000000000            2.1129102707
2657.0000000000            2.1128787994
2658.0000000000            2.1128475666
2659.0000000000            2.1128160954
2660.0000000000            2.1127843857
2661.0000000000            2.1127529144
2662.0000000000            2.1127212048
2663.0000000000            2.1126894951
2664.0000000000            2.1126575470
2665.0000000000            2.1126258373
2666.0000000000            2.1125941277
2667.0000000000            2.1125621796
2668.0000000000            2.1125302315
2669.0000000000            2.1124982834
2670.0000000000            2.1124663353
2671.0000000000            2.1124341488
2672.0000000000            2.1124019623
2673.0000000000            2.1123700142
2674.0000000000            2.1123378277
2675.0000000000            2.1123054028
2676.0000000000            2.1122732162
2677.0000000000            2.1122407913
2678.0000000000            2.1122086048
2679.0000000000            2.1121761799
2680.0000000000            2.1121435165
2681.0000000000            2.1121110916
2682.0000000000            2.1120786667
2683.0000000000            2.1120460033
2684.0000000000            2.1120133400
2685.0000000000            2.1119806767
2686.0000000000            2.1119480133
2687.0000000000            2.1119151115
2688.0000000000            2.1118822098
2689.0000000000            2.1118493080
2690.0000000000            2.1118166447
2691.0000000000            2.1117835045
2692.0000000000            2.1117506027
2693.0000000000            2.1117174625
2694.0000000000            2.1116845608
2695.0000000000            2.1116511822
2696.0000000000            2.1116180420
2697.0000000000            2.1115846634
2698.0000000000            2.1115515232
2699.0000000000            2.1115181446
2700.0000000000            2.1114850044
2701.0000000000            2.1114513874
2702.0000000000            2.1114180088
2703.0000000000            2.1113846302
2704.0000000000            2.1113510132
2705.0000000000            2.1113173962
2706.0000000000            2.1112837791
2707.0000000000            2.1112501621
2708.0000000000            2.1112165451
2709.0000000000            2.1111826897
2710.0000000000            2.1111488342
2711.0000000000            2.1111149788
2712.0000000000            2.1110811234
2713.0000000000            2.1110472679
2714.0000000000            2.1110131741
2715.0000000000            2.1109793186
2716.0000000000            2.1109452248
2717.0000000000            2.1109111309
2718.0000000000            2.1108767986
2719.0000000000            2.1108427048
2720.0000000000            2.1108086109
2721.0000000000            2.1107740402
2722.0000000000            2.1107397079
2723.0000000000            2.1107053757
2724.0000000000            2.1106710434
2725.0000000000            2.1106364727
2726.0000000000            2.1106021404
2727.0000000000            2.1105675697
2728.0000000000            2.1105327606
2729.0000000000            2.1104981899
2730.0000000000            2.1104636192
2731.0000000000            2.1104288101
2732.0000000000            2.1103940010
2733.0000000000            2.1103591919
2734.0000000000            2.1103243828
2735.0000000000            2.1102893353
2736.0000000000            2.1102542877
2737.0000000000            2.1102194786
2738.0000000000            2.1101844311
2739.0000000000            2.1101493835
2740.0000000000            2.1101140976
2741.0000000000            2.1100790501
2742.0000000000            2.1100437641
2743.0000000000            2.1100084782
2744.0000000000            2.1099731922
2745.0000000000            2.1099376678
2746.0000000000            2.1099023819
2747.0000000000            2.1098668575
2748.0000000000            2.1098313332
2749.0000000000            2.1097958088
2750.0000000000            2.1097602844
2751.0000000000            2.1097247601
2752.0000000000            2.1096889973
2753.0000000000            2.1096532345
2754.0000000000            2.1096174717
2755.0000000000            2.1095817089
2756.0000000000            2.1095459461
2757.0000000000            2.1095099449
2758.0000000000            2.1094739437
2759.0000000000            2.1094379425
2760.0000000000            2.1094021797
2761.0000000000            2.1093659401
2762.0000000000            2.1093299389
2763.0000000000            2.1092936993
2764.0000000000            2.1092574596
2765.0000000000            2.1092212200
2766.0000000000            2.1091849804
2767.0000000000            2.1091487408
2768.0000000000            2.1091120243
2769.0000000000            2.1090757847
2770.0000000000            2.1090393066
2771.0000000000            2.1090028286
2772.0000000000            2.1089661121
2773.0000000000            2.1089296341
2774.0000000000            2.1088929176
2775.0000000000            2.1088564396
2776.0000000000            2.1088194847
2777.0000000000            2.1087827682
2778.0000000000            2.1087460518
2779.0000000000            2.1087090969
2780.0000000000            2.1086721420
2781.0000000000            2.1086351871
2782.0000000000            2.1085982323
2783.0000000000            2.1085610390
2784.0000000000            2.1085240841
2785.0000000000            2.1084868908
2786.0000000000            2.1084496975
2787.0000000000            2.1084125042
2788.0000000000            2.1083753109
2789.0000000000            2.1083378792
2790.0000000000            2.1083004475
2791.0000000000            2.1082630157
2792.0000000000            2.1082255840
2793.0000000000            2.1081881523
2794.0000000000            2.1081504822
2795.0000000000            2.1081130505
2796.0000000000            2.1080753803
2797.0000000000            2.1080377102
2798.0000000000            2.1080000401
2799.0000000000            2.1079621315
2800.0000000000            2.1079244614
2801.0000000000            2.1078865528
2802.0000000000            2.1078486443
2803.0000000000            2.1078107357
2804.0000000000            2.1077725887
2805.0000000000            2.1077346802
2806.0000000000            2.1076967716
2807.0000000000            2.1076586246
2808.0000000000            2.1076202393
2809.0000000000            2.1075820923
2810.0000000000            2.1075439453
2811.0000000000            2.1075055599
2812.0000000000            2.1074671745
2813.0000000000            2.1074290276
2814.0000000000            2.1073904037
2815.0000000000            2.1073520184
2816.0000000000            2.1073133945
2817.0000000000            2.1072750092
2818.0000000000            2.1072363853
2819.0000000000            2.1071977615
2820.0000000000            2.1071588993
2821.0000000000            2.1071202755
2822.0000000000            2.1070814133
2823.0000000000            2.1070425510
2824.0000000000            2.1070036888
2825.0000000000            2.1069648266
2826.0000000000            2.1069259644
2827.0000000000            2.1068866253
2828.0000000000            2.1068477631
2829.0000000000            2.1068086624
2830.0000000000            2.1067693233
2831.0000000000            2.1067302227
2832.0000000000            2.1066911221
2833.0000000000            2.1066517830
2834.0000000000            2.1066124439
2835.0000000000            2.1065731049
2836.0000000000            2.1065337658
2837.0000000000            2.1064941883
2838.0000000000            2.1064546108
2839.0000000000            2.1064152718
2840.0000000000            2.1063756943
2841.0000000000            2.1063361168
2842.0000000000            2.1062963009
2843.0000000000            2.1062567234
2844.0000000000            2.1062169075
2845.0000000000            2.1061770916
2846.0000000000            2.1061372757
2847.0000000000            2.1060972214
2848.0000000000            2.1060574055
2849.0000000000            2.1060173512
2850.0000000000            2.1059772968
2851.0000000000            2.1059372425
2852.0000000000            2.1058969498
2853.0000000000            2.1058568954
2854.0000000000            2.1058168411
2855.0000000000            2.1057765484
2856.0000000000            2.1057360172
2857.0000000000            2.1056959629
2858.0000000000            2.1056554317
2859.0000000000            2.1056151390
2860.0000000000            2.1055746078
2861.0000000000            2.1055340767
2862.0000000000            2.1054935455
2863.0000000000            2.1054530144
2864.0000000000            2.1054122448
2865.0000000000            2.1053714752
2866.0000000000            2.1053307056
2867.0000000000            2.1052899361
2868.0000000000            2.1052491665
2869.0000000000            2.1052083969
2870.0000000000            2.1051673889
2871.0000000000            2.1051263809
2872.0000000000            2.1050853729
2873.0000000000            2.1050443649
2874.0000000000            2.1050033569
2875.0000000000            2.1049621105
2876.0000000000            2.1049208641
2877.0000000000            2.1048796177
2878.0000000000            2.1048383713
2879.0000000000            2.1047968864
2880.0000000000            2.1047556400
2881.0000000000            2.1047141552
2882.0000000000            2.1046729088
2883.0000000000            2.1046311855
2884.0000000000            2.1045897007
2885.0000000000            2.1045482159
2886.0000000000            2.1045064926
2887.0000000000            2.1044647694
2888.0000000000            2.1044232845
2889.0000000000            2.1043813229
2890.0000000000            2.1043395996
2891.0000000000            2.1042976379
2892.0000000000            2.1042559147
2893.0000000000            2.1042139530
2894.0000000000            2.1041717529
2895.0000000000            2.1041297913
2896.0000000000            2.1040878296
2897.0000000000            2.1040456295
2898.0000000000            2.1040034294
2899.0000000000            2.1039612293
2900.0000000000            2.1039190292
2901.0000000000            2.1038768291
2902.0000000000            2.1038343906
2903.0000000000            2.1037919521
2904.0000000000            2.1037495136
2905.0000000000            2.1037070751
2906.0000000000            2.1036646366
2907.0000000000            2.1036219597
2908.0000000000            2.1035795212
2909.0000000000            2.1035366058
2910.0000000000            2.1034939289
2911.0000000000            2.1034512520
2912.0000000000            2.1034085751
2913.0000000000            2.1033656597
2914.0000000000            2.1033227444
2915.0000000000            2.1032798290
2916.0000000000            2.1032369137
2917.0000000000            2.1031939983
2918.0000000000            2.1031508446
2919.0000000000            2.1031076908
2920.0000000000            2.1030647755
2921.0000000000            2.1030213833
2922.0000000000            2.1029782295
2923.0000000000            2.1029348373
2924.0000000000            2.1028916836
2925.0000000000            2.1028482914
2926.0000000000            2.1028046608
2927.0000000000            2.1027612686
2928.0000000000            2.1027178764
2929.0000000000            2.1026742458
2930.0000000000            2.1026306152
2931.0000000000            2.1025869846
2932.0000000000            2.1025433540
2933.0000000000            2.1024997234
2934.0000000000            2.1024558544
2935.0000000000            2.1024119854
2936.0000000000            2.1023681164
2937.0000000000            2.1023242474
2938.0000000000            2.1022803783
2939.0000000000            2.1022365093
2940.0000000000            2.1021921635
2941.0000000000            2.1021482944
2942.0000000000            2.1021041870
2943.0000000000            2.1020600796
2944.0000000000            2.1020157337
2945.0000000000            2.1019716263
2946.0000000000            2.1019272804
2947.0000000000            2.1018829346
2948.0000000000            2.1018383503
2949.0000000000            2.1017940044
2950.0000000000            2.1017496586
2951.0000000000            2.1017050743
2952.0000000000            2.1016604900
2953.0000000000            2.1016159058
2954.0000000000            2.1015713215
2955.0000000000            2.1015262604
2956.0000000000            2.1014816761
2957.0000000000            2.1014368534
2958.0000000000            2.1013920307
2959.0000000000            2.1013472080
2960.0000000000            2.1013021469
2961.0000000000            2.1012573242
2962.0000000000            2.1012122631
2963.0000000000            2.1011672020
2964.0000000000            2.1011221409
2965.0000000000            2.1010768414
2966.0000000000            2.1010317802
2967.0000000000            2.1009864807
2968.0000000000            2.1009411812
2969.0000000000            2.1008958817
2970.0000000000            2.1008505821
2971.0000000000            2.1008050442
2972.0000000000            2.1007597446
2973.0000000000            2.1007142067
2974.0000000000            2.1006686687
2975.0000000000            2.1006228924
2976.0000000000            2.1005773544
2977.0000000000            2.1005315781
2978.0000000000            2.1004860401
2979.0000000000            2.1004402637
2980.0000000000            2.1003944874
2981.0000000000            2.1003484726
2982.0000000000            2.1003026962
2983.0000000000            2.1002566814
2984.0000000000            2.1002106667
2985.0000000000            2.1001646519
2986.0000000000            2.1001186371
2987.0000000000            2.1000723839
2988.0000000000            2.1000261307
2989.0000000000            2.0999801159
2990.0000000000            2.0999338627
2991.0000000000            2.0998873711
2992.0000000000            2.0998411179
2993.0000000000            2.0997946262
2994.0000000000            2.0997483730
2995.0000000000            2.0997018814
2996.0000000000            2.0996551514
2997.0000000000            2.0996086597
2998.0000000000            2.0995621681
2999.0000000000            2.0995151997
3000.0000000000            2.0994687080
3001.0000000000            2.0994217396
3002.0000000000            2.0993750095
3003.0000000000            2.0993282795
3004.0000000000            2.0992813110
3005.0000000000            2.0992343426
3006.0000000000            2.0991873741
3007.0000000000            2.0991404057
3008.0000000000            2.0990934372
3009.0000000000            2.0990462303
3010.0000000000            2.0989990234
3011.0000000000            2.0989518166
3012.0000000000            2.0989048481
3013.0000000000            2.0988574028
3014.0000000000            2.0988099575
3015.0000000000            2.0987627506
3016.0000000000            2.0987150669
3017.0000000000            2.0986678600
3018.0000000000            2.0986201763
3019.0000000000            2.0985727310
3020.0000000000            2.0985250473
3021.0000000000            2.0984776020
3022.0000000000            2.0984299183
3023.0000000000            2.0983819962
3024.0000000000            2.0983343124
3025.0000000000            2.0982863903
3026.0000000000            2.0982387066
3027.0000000000            2.0981905460
3028.0000000000            2.0981426239
3029.0000000000            2.0980947018
3030.0000000000            2.0980465412
3031.0000000000            2.0979986191
3032.0000000000            2.0979504585
3033.0000000000            2.0979022980
3034.0000000000            2.0978538990
3035.0000000000            2.0978057384
3036.0000000000            2.0977575779
3037.0000000000            2.0977091789
3038.0000000000            2.0976607800
3039.0000000000            2.0976121426
3040.0000000000            2.0975637436
3041.0000000000            2.0975153446
3042.0000000000            2.0974667072
3043.0000000000            2.0974180698
3044.0000000000            2.0973691940
3045.0000000000            2.0973205566
3046.0000000000            2.0972716808
3047.0000000000            2.0972230434
3048.0000000000            2.0971741676
3049.0000000000            2.0971252918
3050.0000000000            2.0970761776
3051.0000000000            2.0970273018
3052.0000000000            2.0969784260
3053.0000000000            2.0969293118
3054.0000000000            2.0968801975
3055.0000000000            2.0968310833
3056.0000000000            2.0967817307
3057.0000000000            2.0967326164
3058.0000000000            2.0966832638
3059.0000000000            2.0966336727
3060.0000000000            2.0965845585
3061.0000000000            2.0965349674
3062.0000000000            2.0964853764
3063.0000000000            2.0964360237
3064.0000000000            2.0963864326
3065.0000000000            2.0963368416
3066.0000000000            2.0962872505
3067.0000000000            2.0962374210
3068.0000000000            2.0961875916
3069.0000000000            2.0961380005
3070.0000000000            2.0960881710
3071.0000000000            2.0960383415
3072.0000000000            2.0959882736
3073.0000000000            2.0959382057
3074.0000000000            2.0958883762
3075.0000000000            2.0958383083
3076.0000000000            2.0957882404
3077.0000000000            2.0957381725
3078.0000000000            2.0956878662
3079.0000000000            2.0956375599
3080.0000000000            2.0955872536
3081.0000000000            2.0955371857
3082.0000000000            2.0954866409
3083.0000000000            2.0954360962
3084.0000000000            2.0953857899
3085.0000000000            2.0953352451
3086.0000000000            2.0952847004
3087.0000000000            2.0952341557
3088.0000000000            2.0951836109
3089.0000000000            2.0951328278
3090.0000000000            2.0950820446
3091.0000000000            2.0950314999
3092.0000000000            2.0949804783
3093.0000000000            2.0949294567
3094.0000000000            2.0948786736
3095.0000000000            2.0948276520
3096.0000000000            2.0947768688
3097.0000000000            2.0947258472
3098.0000000000            2.0946745872
3099.0000000000            2.0946235657
3100.0000000000            2.0945723057
3101.0000000000            2.0945212841
3102.0000000000            2.0944700241
3103.0000000000            2.0944185257
3104.0000000000            2.0943672657
3105.0000000000            2.0943157673
3106.0000000000            2.0942642689
3107.0000000000            2.0942130089
3108.0000000000            2.0941612720
3109.0000000000            2.0941097736
3110.0000000000            2.0940582752
3111.0000000000            2.0940065384
3112.0000000000            2.0939548016
3113.0000000000            2.0939030647
3114.0000000000            2.0938513279
3115.0000000000            2.0937993526
3116.0000000000            2.0937473774
3117.0000000000            2.0936954021
3118.0000000000            2.0936434269
3119.0000000000            2.0935914516
3120.0000000000            2.0935394764
3121.0000000000            2.0934875011
3122.0000000000            2.0934352875
3123.0000000000            2.0933828354
3124.0000000000            2.0933308601
3125.0000000000            2.0932784081
3126.0000000000            2.0932261944
3127.0000000000            2.0931737423
3128.0000000000            2.0931212902
3129.0000000000            2.0930688381
3130.0000000000            2.0930161476
3131.0000000000            2.0929636955
3132.0000000000            2.0929112434
3133.0000000000            2.0928585529
3134.0000000000            2.0928058624
3135.0000000000            2.0927531719
3136.0000000000            2.0927002430
3137.0000000000            2.0926473141
3138.0000000000            2.0925946236
3139.0000000000            2.0925416946
3140.0000000000            2.0924885273
3141.0000000000            2.0924355984
3142.0000000000            2.0923824310
3143.0000000000            2.0923295021
3144.0000000000            2.0922763348
3145.0000000000            2.0922231674
3146.0000000000            2.0921700001
3147.0000000000            2.0921165943
3148.0000000000            2.0920634270
3149.0000000000            2.0920100212
3150.0000000000            2.0919566154
3151.0000000000            2.0919032097
3152.0000000000            2.0918495655
3153.0000000000            2.0917959213
3154.0000000000            2.0917425156
3155.0000000000            2.0916888714
3156.0000000000            2.0916349888
3157.0000000000            2.0915813446
3158.0000000000            2.0915274620
3159.0000000000            2.0914738178
3160.0000000000            2.0914199352
3161.0000000000            2.0913660526
3162.0000000000            2.0913119316
3163.0000000000            2.0912580490
3164.0000000000            2.0912039280
3165.0000000000            2.0911500454
3166.0000000000            2.0910956860
3167.0000000000            2.0910415649
3168.0000000000            2.0909874439
3169.0000000000            2.0909333229
3170.0000000000            2.0908787251
3171.0000000000            2.0908243656
3172.0000000000            2.0907702446
3173.0000000000            2.0907156467
3174.0000000000            2.0906612873
3175.0000000000            2.0906066895
3176.0000000000            2.0905520916
3177.0000000000            2.0904974937
3178.0000000000            2.0904428959
3179.0000000000            2.0903880596
3180.0000000000            2.0903334618
3181.0000000000            2.0902786255
3182.0000000000            2.0902237892
3183.0000000000            2.0901687145
3184.0000000000            2.0901138783
3185.0000000000            2.0900588036
3186.0000000000            2.0900039673
3187.0000000000            2.0899486542
3188.0000000000            2.0898935795
3189.0000000000            2.0898385048
3190.0000000000            2.0897831917
3191.0000000000            2.0897278786
3192.0000000000            2.0896725655
3193.0000000000            2.0896174908
3194.0000000000            2.0895619392
3195.0000000000            2.0895066261
3196.0000000000            2.0894510746
3197.0000000000            2.0893955231
3198.0000000000            2.0893399715
3199.0000000000            2.0892844200
3200.0000000000            2.0892286301
3201.0000000000            2.0891728401
3202.0000000000            2.0891172886
3203.0000000000            2.0890612602
3204.0000000000            2.0890057087
3205.0000000000            2.0889496803
3206.0000000000            2.0888938904
3207.0000000000            2.0888378620
3208.0000000000            2.0887815952
3209.0000000000            2.0887255669
3210.0000000000            2.0886695385
3211.0000000000            2.0886135101
3212.0000000000            2.0885572433
3213.0000000000            2.0885009766
3214.0000000000            2.0884447098
3215.0000000000            2.0883882046
3216.0000000000            2.0883321762
3217.0000000000            2.0882756710
3218.0000000000            2.0882191658
3219.0000000000            2.0881626606
3220.0000000000            2.0881059170
3221.0000000000            2.0880494118
3222.0000000000            2.0879926682
3223.0000000000            2.0879361629
3224.0000000000            2.0878794193
3225.0000000000            2.0878226757
3226.0000000000            2.0877659321
3227.0000000000            2.0877089500
3228.0000000000            2.0876519680
3229.0000000000            2.0875949860
3230.0000000000            2.0875380039
3231.0000000000            2.0874810219
3232.0000000000            2.0874238014
3233.0000000000            2.0873668194
3234.0000000000            2.0873095989
3235.0000000000            2.0872523785
3236.0000000000            2.0871949196
3237.0000000000            2.0871376991
3238.0000000000            2.0870802402
3239.0000000000            2.0870230198
3240.0000000000            2.0869655609
3241.0000000000            2.0869081020
3242.0000000000            2.0868504047
3243.0000000000            2.0867929459
3244.0000000000            2.0867352486
3245.0000000000            2.0866775513
3246.0000000000            2.0866198540
3247.0000000000            2.0865619183
3248.0000000000            2.0865042210
3249.0000000000            2.0864462852
3250.0000000000            2.0863883495
3251.0000000000            2.0863306522
3252.0000000000            2.0862724781
3253.0000000000            2.0862145424
3254.0000000000            2.0861563683
3255.0000000000            2.0860981941
3256.0000000000            2.0860400200
3257.0000000000            2.0859818459
3258.0000000000            2.0859236717
3259.0000000000            2.0858652592
3260.0000000000            2.0858068466
3261.0000000000            2.0857484341
3262.0000000000            2.0856900215
3263.0000000000            2.0856316090
3264.0000000000            2.0855729580
3265.0000000000            2.0855145454
3266.0000000000            2.0854558945
3267.0000000000            2.0853972435
3268.0000000000            2.0853383541
3269.0000000000            2.0852797031
3270.0000000000            2.0852208138
3271.0000000000            2.0851619244
3272.0000000000            2.0851030350
3273.0000000000            2.0850441456
3274.0000000000            2.0849852562
3275.0000000000            2.0849261284
3276.0000000000            2.0848670006
3277.0000000000            2.0848078728
3278.0000000000            2.0847487450
3279.0000000000            2.0846896172
3280.0000000000            2.0846302509
3281.0000000000            2.0845711231
3282.0000000000            2.0845117569
3283.0000000000            2.0844523907
3284.0000000000            2.0843927860
3285.0000000000            2.0843334198
3286.0000000000            2.0842738152
3287.0000000000            2.0842142105
3288.0000000000            2.0841546059
3289.0000000000            2.0840950012
3290.0000000000            2.0840351582
3291.0000000000            2.0839755535
3292.0000000000            2.0839157104
3293.0000000000            2.0838558674
3294.0000000000            2.0837960243
3295.0000000000            2.0837359428
3296.0000000000            2.0836760998
3297.0000000000            2.0836160183
3298.0000000000            2.0835561752
3299.0000000000            2.0834958553
3300.0000000000            2.0834357738
3301.0000000000            2.0833754539
3302.0000000000            2.0833151340
3303.0000000000            2.0832548141
3304.0000000000            2.0831944942
3305.0000000000            2.0831341743
3306.0000000000            2.0830738544
3307.0000000000            2.0830132961
3308.0000000000            2.0829527378
3309.0000000000            2.0828921795
3310.0000000000            2.0828316212
3311.0000000000            2.0827708244
3312.0000000000            2.0827102661
3313.0000000000            2.0826494694
3314.0000000000            2.0825886726
3315.0000000000            2.0825278759
3316.0000000000            2.0824670792
3317.0000000000            2.0824060440
3318.0000000000            2.0823450089
3319.0000000000            2.0822839737
3320.0000000000            2.0822229385
3321.0000000000            2.0821619034
3322.0000000000            2.0821006298
3323.0000000000            2.0820393562
3324.0000000000            2.0819783211
3325.0000000000            2.0819170475
3326.0000000000            2.0818557739
3327.0000000000            2.0817942619
3328.0000000000            2.0817329884
3329.0000000000            2.0816714764
3330.0000000000            2.0816099644
3331.0000000000            2.0815484524
3332.0000000000            2.0814867020
3333.0000000000            2.0814249516
3334.0000000000            2.0813634396
3335.0000000000            2.0813016891
3336.0000000000            2.0812399387
3337.0000000000            2.0811781883
3338.0000000000            2.0811161995
3339.0000000000            2.0810542107
3340.0000000000            2.0809922218
3341.0000000000            2.0809302330
3342.0000000000            2.0808682442
3343.0000000000            2.0808060169
3344.0000000000            2.0807440281
3345.0000000000            2.0806818008
3346.0000000000            2.0806195736
3347.0000000000            2.0805573463
3348.0000000000            2.0804948807
3349.0000000000            2.0804324150
3350.0000000000            2.0803701878
3351.0000000000            2.0803077221
3352.0000000000            2.0802452564
3353.0000000000            2.0801825523
3354.0000000000            2.0801200867
3355.0000000000            2.0800573826
3356.0000000000            2.0799946785
3357.0000000000            2.0799319744
3358.0000000000            2.0798690319
3359.0000000000            2.0798063278
3360.0000000000            2.0797433853
3361.0000000000            2.0796806812
3362.0000000000            2.0796175003
3363.0000000000            2.0795545578
3364.0000000000            2.0794916153
3365.0000000000            2.0794284344
3366.0000000000            2.0793652534
3367.0000000000            2.0793020725
3368.0000000000            2.0792388916
3369.0000000000            2.0791754723
3370.0000000000            2.0791122913
3371.0000000000            2.0790488720
3372.0000000000            2.0789854527
3373.0000000000            2.0789220333
3374.0000000000            2.0788586140
3375.0000000000            2.0787949562
3376.0000000000            2.0787312984
3377.0000000000            2.0786676407
3378.0000000000            2.0786039829
3379.0000000000            2.0785403252
3380.0000000000            2.0784766674
3381.0000000000            2.0784127712
3382.0000000000            2.0783488750
3383.0000000000            2.0782847404
3384.0000000000            2.0782208443
3385.0000000000            2.0781569481
3386.0000000000            2.0780928135
3387.0000000000            2.0780286789
3388.0000000000            2.0779645443
3389.0000000000            2.0779004097
3390.0000000000            2.0778362751
3391.0000000000            2.0777721405
3392.0000000000            2.0777075291
3393.0000000000            2.0776433945
3394.0000000000            2.0775787830
3395.0000000000            2.0775144100
3396.0000000000            2.0774497986
3397.0000000000            2.0773854256
3398.0000000000            2.0773208141
3399.0000000000            2.0772562027
3400.0000000000            2.0771913528
3401.0000000000            2.0771265030
3402.0000000000            2.0770618916
3403.0000000000            2.0769970417
3404.0000000000            2.0769321918
3405.0000000000            2.0768673420
3406.0000000000            2.0768022537
3407.0000000000            2.0767374039
3408.0000000000            2.0766723156
3409.0000000000            2.0766072273
3410.0000000000            2.0765421391
3411.0000000000            2.0764768124
3412.0000000000            2.0764117241
3413.0000000000            2.0763463974
3414.0000000000            2.0762810707
3415.0000000000            2.0762157440
3416.0000000000            2.0761501789
3417.0000000000            2.0760848522
3418.0000000000            2.0760195255
3419.0000000000            2.0759537220
3420.0000000000            2.0758881569
3421.0000000000            2.0758225918
3422.0000000000            2.0757567883
3423.0000000000            2.0756912231
3424.0000000000            2.0756254196
3425.0000000000            2.0755596161
3426.0000000000            2.0754938126
3427.0000000000            2.0754277706
3428.0000000000            2.0753619671
3429.0000000000            2.0752959251
3430.0000000000            2.0752298832
3431.0000000000            2.0751638412
3432.0000000000            2.0750975609
3433.0000000000            2.0750312805
3434.0000000000            2.0749650002
3435.0000000000            2.0748989582
3436.0000000000            2.0748324394
3437.0000000000            2.0747661591
3438.0000000000            2.0746996403
3439.0000000000            2.0746333599
3440.0000000000            2.0745668411
3441.0000000000            2.0745003223
3442.0000000000            2.0744335651
3443.0000000000            2.0743670464
3444.0000000000            2.0743002892
3445.0000000000            2.0742337704
3446.0000000000            2.0741667747
3447.0000000000            2.0741000175
3448.0000000000            2.0740330219
3449.0000000000            2.0739662647
3450.0000000000            2.0738992691
3451.0000000000            2.0738322735
3452.0000000000            2.0737652779
3453.0000000000            2.0736980438
3454.0000000000            2.0736310482
3455.0000000000            2.0735638142
3456.0000000000            2.0734965801
3457.0000000000            2.0734293461
3458.0000000000            2.0733621120
3459.0000000000            2.0732946396
3460.0000000000            2.0732271671
3461.0000000000            2.0731596947
3462.0000000000            2.0730922222
3463.0000000000            2.0730247498
3464.0000000000            2.0729570389
3465.0000000000            2.0728893280
3466.0000000000            2.0728218555
3467.0000000000            2.0727541447
3468.0000000000            2.0726861954
3469.0000000000            2.0726184845
3470.0000000000            2.0725507736
3471.0000000000            2.0724825859
3472.0000000000            2.0724146366
3473.0000000000            2.0723466873
3474.0000000000            2.0722787380
3475.0000000000            2.0722107887
3476.0000000000            2.0721426010
3477.0000000000            2.0720744133
3478.0000000000            2.0720059872
3479.0000000000            2.0719377995
3480.0000000000            2.0718693733
3481.0000000000            2.0718011856
3482.0000000000            2.0717327595
3483.0000000000            2.0716640949
3484.0000000000            2.0715956688
3485.0000000000            2.0715272427
3486.0000000000            2.0714585781
3487.0000000000            2.0713899136
3488.0000000000            2.0713212490
3489.0000000000            2.0712525845
3490.0000000000            2.0711836815
3491.0000000000            2.0711147785
3492.0000000000            2.0710461140
3493.0000000000            2.0709772110
3494.0000000000            2.0709083080
3495.0000000000            2.0708391666
3496.0000000000            2.0707700253
3497.0000000000            2.0707011223
3498.0000000000            2.0706319809
3499.0000000000            2.0705628395
3500.0000000000            2.0704934597
3501.0000000000            2.0704243183
3502.0000000000            2.0703547001
3503.0000000000            2.0702855587
3504.0000000000            2.0702161789
3505.0000000000            2.0701467991
3506.0000000000            2.0700771809
3507.0000000000            2.0700075626
3508.0000000000            2.0699379444
3509.0000000000            2.0698683262
3510.0000000000            2.0697987080
3511.0000000000            2.0697288513
3512.0000000000            2.0696592331
3513.0000000000            2.0695893764
3514.0000000000            2.0695195198
3515.0000000000            2.0694494247
3516.0000000000            2.0693795681
3517.0000000000            2.0693094730
3518.0000000000            2.0692396164
3519.0000000000            2.0691695213
3520.0000000000            2.0690994263
3521.0000000000            2.0690290928
3522.0000000000            2.0689589977
3523.0000000000            2.0688886642
3524.0000000000            2.0688183308
3525.0000000000            2.0687479973
3526.0000000000            2.0686774254
3527.0000000000            2.0686070919
3528.0000000000            2.0685365200
3529.0000000000            2.0684659481
3530.0000000000            2.0683953762
3531.0000000000            2.0683248043
3532.0000000000            2.0682539940
3533.0000000000            2.0681834221
3534.0000000000            2.0681126118
3535.0000000000            2.0680415630
3536.0000000000            2.0679707527
3537.0000000000            2.0678999424
3538.0000000000            2.0678288937
3539.0000000000            2.0677578449
3540.0000000000            2.0676867962
3541.0000000000            2.0676157475
3542.0000000000            2.0675446987
3543.0000000000            2.0674734116
3544.0000000000            2.0674021244
3545.0000000000            2.0673308372
3546.0000000000            2.0672595501
3547.0000000000            2.0671882629
3548.0000000000            2.0671167374
3549.0000000000            2.0670452118
3550.0000000000            2.0669739246
3551.0000000000            2.0669021606
3552.0000000000            2.0668306351
3553.0000000000            2.0667588711
3554.0000000000            2.0666873455
3555.0000000000            2.0666155815
3556.0000000000            2.0665438175
3557.0000000000            2.0664718151
3558.0000000000            2.0664000511
3559.0000000000            2.0663280487
3560.0000000000            2.0662560463
3561.0000000000            2.0661840439
3562.0000000000            2.0661120415
3563.0000000000            2.0660400391
3564.0000000000            2.0659677982
3565.0000000000            2.0658955574
3566.0000000000            2.0658233166
3567.0000000000            2.0657510757
3568.0000000000            2.0656785965
3569.0000000000            2.0656063557
3570.0000000000            2.0655338764
3571.0000000000            2.0654613972
3572.0000000000            2.0653889179
3573.0000000000            2.0653164387
3574.0000000000            2.0652437210
3575.0000000000            2.0651710033
3576.0000000000            2.0650982857
3577.0000000000            2.0650255680
3578.0000000000            2.0649528503
3579.0000000000            2.0648798943
3580.0000000000            2.0648069382
3581.0000000000            2.0647339821
3582.0000000000            2.0646610260
3583.0000000000            2.0645878315
3584.0000000000            2.0645146370
3585.0000000000            2.0644414425
3586.0000000000            2.0643677711
3587.0000000000            2.0642940998
3588.0000000000            2.0642199516
3589.0000000000            2.0641453266
3590.0000000000            2.0640702248
3591.0000000000            2.0639941692
3592.0000000000            2.0639169216
3593.0000000000            2.0638377666
3594.0000000000            2.0637562275
3595.0000000000            2.0636715889
3596.0000000000            2.0635819435
3597.0000000000            2.0634860992
3598.0000000000            2.0633814335
3599.0000000000            2.0632655621
3600.0000000000            2.0631334782
3601.0000000000            2.0629808903
3602.0000000000            2.0628004074
3603.0000000000            2.0625836849
3604.0000000000            2.0623199940
3605.0000000000            2.0619947910
3606.0000000000            2.0615913868
3607.0000000000            2.0610878468
3608.0000000000            2.0604579449
3609.0000000000            2.0596694946
3610.0000000000            2.0586833954
3611.0000000000            2.0574529171
3612.0000000000            2.0559227467
3613.0000000000            2.0540282726
3614.0000000000            2.0516932011
3615.0000000000            2.0488302708
3616.0000000000            2.0453395844
3617.0000000000            2.0411088467
3618.0000000000            2.0360116959
3619.0000000000            2.0299088955
3620.0000000000            2.0226476192
3621.0000000000            2.0140635967
3622.0000000000            2.0039811134
3623.0000000000            1.9922157526
3624.0000000000            1.9785764217
3625.0000000000            1.9628685713
3626.0000000000            1.9448974133
3627.0000000000            1.9244724512
3628.0000000000            1.9014117718
3629.0000000000            1.8755474091
3630.0000000000            1.8467301130
3631.0000000000            1.8148345947
3632.0000000000            1.7797651291
3633.0000000000            1.7414605618
3634.0000000000            1.6998978853
3635.0000000000            1.6550970078
3636.0000000000            1.6071232557
3637.0000000000            1.5560891628
3638.0000000000            1.5021559000
3639.0000000000            1.4455322027
3640.0000000000            1.3864725828
3641.0000000000            1.3252748251
3642.0000000000            1.2622752190
3643.0000000000            1.1978429556
3644.0000000000            1.1323744059
3645.0000000000            1.0662844181
3646.0000000000            1.0000000000
3647.0000000000            0.9339509010
3648.0000000000            0.8685616255
3649.0000000000            0.8042433858
3650.0000000000            0.7413861156
3651.0000000000            0.6803519726
3652.0000000000            0.6214686036
3653.0000000000            0.5650244951
3654.0000000000            0.5112650394
3655.0000000000            0.4603897035
3656.0000000000            0.4125510454
3657.0000000000            0.3678543866
3658.0000000000            0.3263589740
3659.0000000000            0.2880801558
3660.0000000000            0.2529924810
3661.0000000000            0.2210334688
3662.0000000000            0.1921081394
3663.0000000000            0.1660936326
3664.0000000000            0.1428444237
3665.0000000000            0.1221972331
3666.0000000000            0.1039759368
3667.0000000000            0.0879963264
3668.0000000000            0.0740702972
3669.0000000000            0.0620097667
3670.0000000000            0.0516299829
3671.0000000000            0.0427523367
3672.0000000000            0.0352066569
3673.0000000000            0.0288329050
3674.0000000000            0.0234824251
3675.0000000000            0.0190187264
3676.0000000000            0.0153178321
3677.0000000000            0.0122683076
3678.0000000000            0.0097709792
3679.0000000000            0.0077384263
3680.0000000000            0.0060943007
3681.0000000000            0.0047725192
3682.0000000000            0.0037163834
3683.0000000000            0.0028776566
3684.0000000000            0.0022156455
3685.0000000000            0.0016962965
3686.0000000000            0.0012913421
3687.0000000000            0.0009775001
3688.0000000000            0.0007357441
3689.0000000000            0.0005506425
3690.0000000000            0.0004097741
3691.0000000000            0.0003032147
3692.0000000000            0.0002230932
3693.0000000000            0.0001632120
3694.0000000000            0.0001187264
3695.0000000000            0.0000858761
3696.0000000000            0.0000617628
3697.0000000000            0.0000441683
