1897.0000000000            2.7894120216
1898.0000000000            2.7892053127
1899.0000000000            2.7889983654
1900.0000000000            2.7887911797
1901.0000000000            2.7885837555
1902.0000000000            2.7883756161
1903.0000000000            2.7881677151
1904.0000000000            2.7879593372
1905.0000000000            2.7877509594
1906.0000000000            2.7875418663
1907.0000000000            2.7873327732
1908.0000000000            2.7871232033
1909.0000000000            2.7869136333
1910.0000000000            2.7867035866
1911.0000000000            2.7864933014
1912.0000000000            2.7862827778
1913.0000000000            2.7860720158
1914.0000000000            2.7858610153
1915.0000000000            2.7856495380
1916.0000000000            2.7854380608
1917.0000000000            2.7852261066
1918.0000000000            2.7850139141
1919.0000000000            2.7848012447
1920.0000000000            2.7845885754
1921.0000000000            2.7843759060
1922.0000000000            2.7841625214
1923.0000000000            2.7839488983
1924.0000000000            2.7837350368
1925.0000000000            2.7835209370
1926.0000000000            2.7833065987
1927.0000000000            2.7830920219
1928.0000000000            2.7828772068
1929.0000000000            2.7826616764
1930.0000000000            2.7824463844
1931.0000000000            2.7822306156
1932.0000000000            2.7820146084
1933.0000000000            2.7817986012
1934.0000000000            2.7815818787
1935.0000000000            2.7813649178
1936.0000000000            2.7811479568
1937.0000000000            2.7809305191
1938.0000000000            2.7807128429
1939.0000000000            2.7804949284
1940.0000000000            2.7802767754
1941.0000000000            2.7800581455
1942.0000000000            2.7798395157
1943.0000000000            2.7796204090
1944.0000000000            2.7794010639
1945.0000000000            2.7791817188
1946.0000000000            2.7789618969
1947.0000000000            2.7787415981
1948.0000000000            2.7785210609
1949.0000000000            2.7783007622
1950.0000000000            2.7780797482
1951.0000000000            2.7778584957
1952.0000000000            2.7776370049
1953.0000000000            2.7774152756
1954.0000000000            2.7771930695
1955.0000000000            2.7769708633
1956.0000000000            2.7767481804
1957.0000000000            2.7765254974
1958.0000000000            2.7763023376
1959.0000000000            2.7760789394
1960.0000000000            2.7758553028
1961.0000000000            2.7756311893
1962.0000000000            2.7754070759
1963.0000000000            2.7751824856
1964.0000000000            2.7749578953
1965.0000000000            2.7747325897
1966.0000000000            2.7745075226
1967.0000000000            2.7742819786
1968.0000000000            2.7740559578
1969.0000000000            2.7738299370
1970.0000000000            2.7736034393
1971.0000000000            2.7733769417
1972.0000000000            2.7731497288
1973.0000000000            2.7729225159
1974.0000000000            2.7726953030
1975.0000000000            2.7724673748
1976.0000000000            2.7722392082
1977.0000000000            2.7720110416
1978.0000000000            2.7717823982
1979.0000000000            2.7715535164
1980.0000000000            2.7713243961
1981.0000000000            2.7710947990
1982.0000000000            2.7708654404
1983.0000000000            2.7706353664
1984.0000000000            2.7704052925
1985.0000000000            2.7701747417
1986.0000000000            2.7699439526
1987.0000000000            2.7697129250
1988.0000000000            2.7694816589
1989.0000000000            2.7692499161
1990.0000000000            2.7690179348
1991.0000000000            2.7687859535
1992.0000000000            2.7685534954
1993.0000000000            2.7683207989
1994.0000000000            2.7680878639
1995.0000000000            2.7678546906
1996.0000000000            2.7676212788
1997.0000000000            2.7673871517
1998.0000000000            2.7671532631
1999.0000000000            2.7669188976
2000.0000000000            2.7666842937
2001.0000000000            2.7664494514
2002.0000000000            2.7662143707
2003.0000000000            2.7659788132
2004.0000000000            2.7657430172
2005.0000000000            2.7655072212
2006.0000000000            2.7652709484
2007.0000000000            2.7650344372
2008.0000000000            2.7647979259
2009.0000000000            2.7645606995
2010.0000000000            2.7643234730
2011.0000000000            2.7640857697
2012.0000000000            2.7638478279
2013.0000000000            2.7636096478
2014.0000000000            2.7633712292
2015.0000000000            2.7631325722
2016.0000000000            2.7628936768
2017.0000000000            2.7626543045
2018.0000000000            2.7624149323
2019.0000000000            2.7621750832
2020.0000000000            2.7619352341
2021.0000000000            2.7616949081
2022.0000000000            2.7614543438
2023.0000000000            2.7612133026
2024.0000000000            2.7609722614
2025.0000000000            2.7607309818
2026.0000000000            2.7604889870
2027.0000000000            2.7602472305
2028.0000000000            2.7600049973
2029.0000000000            2.7597625256
2030.0000000000            2.7595198154
2031.0000000000            2.7592766285
2032.0000000000            2.7590332031
2033.0000000000            2.7587897778
2034.0000000000            2.7585458755
2035.0000000000            2.7583017349
2036.0000000000            2.7580573559
2037.0000000000            2.7578125000
2038.0000000000            2.7575676441
2039.0000000000            2.7573225498
2040.0000000000            2.7570769787
2041.0000000000            2.7568311691
2042.0000000000            2.7565851212
2043.0000000000            2.7563388348
2044.0000000000            2.7560923100
2045.0000000000            2.7558453083
2046.0000000000            2.7555983067
2047.0000000000            2.7553508282
2048.0000000000            2.7551031113
2049.0000000000            2.7548551559
2050.0000000000            2.7546072006
2051.0000000000            2.7543587685
2052.0000000000            2.7541096210
2053.0000000000            2.7538607121
2054.0000000000            2.7536115646
2055.0000000000            2.7533619404
2056.0000000000            2.7531120777
2057.0000000000            2.7528619766
2058.0000000000            2.7526116371
2059.0000000000            2.7523608208
2060.0000000000            2.7521100044
2061.0000000000            2.7518587112
2062.0000000000            2.7516074181
2063.0000000000            2.7513556480
2064.0000000000            2.7511034012
2065.0000000000            2.7508513927
2066.0000000000            2.7505986691
2067.0000000000            2.7503457069
2068.0000000000            2.7500929832
2069.0000000000            2.7498395443
2070.0000000000            2.7495858669
2071.0000000000            2.7493317127
2072.0000000000            2.7490775585
2073.0000000000            2.7488231659
2074.0000000000            2.7485682964
2075.0000000000            2.7483134270
2076.0000000000            2.7480580807
2077.0000000000            2.7478024960
2078.0000000000            2.7475466728
2079.0000000000            2.7472906113
2080.0000000000            2.7470343113
2081.0000000000            2.7467777729
2082.0000000000            2.7465209961
2083.0000000000            2.7462635040
2084.0000000000            2.7460062504
2085.0000000000            2.7457485199
2086.0000000000            2.7454905510
2087.0000000000            2.7452321053
2088.0000000000            2.7449736595
2089.0000000000            2.7447147369
2090.0000000000            2.7444558144
2091.0000000000            2.7441964149
2092.0000000000            2.7439367771
2093.0000000000            2.7436769009
2094.0000000000            2.7434167862
2095.0000000000            2.7431564331
2096.0000000000            2.7428956032
2097.0000000000            2.7426347733
2098.0000000000            2.7423734665
2099.0000000000            2.7421119213
2100.0000000000            2.7418501377
2101.0000000000            2.7415881157
2102.0000000000            2.7413258553
2103.0000000000            2.7410631180
2104.0000000000            2.7408003807
2105.0000000000            2.7405371666
2106.0000000000            2.7402737141
2107.0000000000            2.7400100231
2108.0000000000            2.7397460938
2109.0000000000            2.7394819260
2110.0000000000            2.7392175198
2111.0000000000            2.7389528751
2112.0000000000            2.7386875153
2113.0000000000            2.7384223938
2114.0000000000            2.7381567955
2115.0000000000            2.7378909588
2116.0000000000            2.7376246452
2117.0000000000            2.7373585701
2118.0000000000            2.7370917797
2119.0000000000            2.7368247509
2120.0000000000            2.7365577221
2121.0000000000            2.7362902164
2122.0000000000            2.7360224724
2123.0000000000            2.7357544899
2124.0000000000            2.7354860306
2125.0000000000            2.7352175713
2126.0000000000            2.7349486351
2127.0000000000            2.7346794605
2128.0000000000            2.7344102859
2129.0000000000            2.7341406345
2130.0000000000            2.7338707447
2131.0000000000            2.7336006165
2132.0000000000            2.7333302498
2133.0000000000            2.7330596447
2134.0000000000            2.7327885628
2135.0000000000            2.7325172424
2136.0000000000            2.7322456837
2137.0000000000            2.7319738865
2138.0000000000            2.7317018509
2139.0000000000            2.7314295769
2140.0000000000            2.7311570644
2141.0000000000            2.7308843136
2142.0000000000            2.7306108475
2143.0000000000            2.7303376198
2144.0000000000            2.7300639153
2145.0000000000            2.7297899723
2146.0000000000            2.7295155525
2147.0000000000            2.7292411327
2148.0000000000            2.7289664745
2149.0000000000            2.7286913395
2150.0000000000            2.7284162045
2151.0000000000            2.7281403542
2152.0000000000            2.7278647423
2153.0000000000            2.7275884151
2154.0000000000            2.7273123264
2155.0000000000            2.7270355225
2156.0000000000            2.7267584801
2157.0000000000            2.7264814377
2158.0000000000            2.7262039185
2159.0000000000            2.7259261608
2160.0000000000            2.7256484032
2161.0000000000            2.7253701687
2162.0000000000            2.7250914574
2163.0000000000            2.7248127460
2164.0000000000            2.7245335579
2165.0000000000            2.7242541313
2166.0000000000            2.7239747047
2167.0000000000            2.7236948013
2168.0000000000            2.7234146595
2169.0000000000            2.7231342793
2170.0000000000            2.7228534222
2171.0000000000            2.7225725651
2172.0000000000            2.7222914696
2173.0000000000            2.7220098972
2174.0000000000            2.7217280865
2175.0000000000            2.7214460373
2176.0000000000            2.7211637497
2177.0000000000            2.7208812237
2178.0000000000            2.7205982208
2179.0000000000            2.7203152180
2180.0000000000            2.7200317383
2181.0000000000            2.7197482586
2182.0000000000            2.7194643021
2183.0000000000            2.7191801071
2184.0000000000            2.7188956738
2185.0000000000            2.7186110020
2186.0000000000            2.7183258533
2187.0000000000            2.7180409431
2188.0000000000            2.7177553177
2189.0000000000            2.7174694538
2190.0000000000            2.7171833515
2191.0000000000            2.7168972492
2192.0000000000            2.7166104317
2193.0000000000            2.7163236141
2194.0000000000            2.7160363197
2195.0000000000            2.7157490253
2196.0000000000            2.7154612541
2197.0000000000            2.7151734829
2198.0000000000            2.7148852348
2199.0000000000            2.7145967484
2200.0000000000            2.7143080235
2201.0000000000            2.7140190601
2202.0000000000            2.7137298584
2203.0000000000            2.7134401798
2204.0000000000            2.7131505013
2205.0000000000            2.7128601074
2206.0000000000            2.7125699520
2207.0000000000            2.7122793198
2208.0000000000            2.7119882107
2209.0000000000            2.7116971016
2210.0000000000            2.7114059925
2211.0000000000            2.7111139297
2212.0000000000            2.7108221054
2213.0000000000            2.7105298042
2214.0000000000            2.7102375031
2215.0000000000            2.7099444866
2216.0000000000            2.7096517086
2217.0000000000            2.7093582153
2218.0000000000            2.7090647221
2219.0000000000            2.7087709904
2220.0000000000            2.7084767818
2221.0000000000            2.7081823349
2222.0000000000            2.7078876495
2223.0000000000            2.7075929642
2224.0000000000            2.7072978020
2225.0000000000            2.7070024014
2226.0000000000            2.7067065239
2227.0000000000            2.7064106464
2228.0000000000            2.7061142921
2229.0000000000            2.7058176994
2230.0000000000            2.7055211067
2231.0000000000            2.7052240372
2232.0000000000            2.7049267292
2233.0000000000            2.7046291828
2234.0000000000            2.7043311596
2235.0000000000            2.7040331364
2236.0000000000            2.7037348747
2237.0000000000            2.7034361362
2238.0000000000            2.7031371593
2239.0000000000            2.7028379440
2240.0000000000            2.7025387287
2241.0000000000            2.7022387981
2242.0000000000            2.7019388676
2243.0000000000            2.7016384602
2244.0000000000            2.7013380527
2245.0000000000            2.7010371685
2246.0000000000            2.7007362843
2247.0000000000            2.7004349232
2248.0000000000            2.7001335621
2249.0000000000            2.6998314857
2250.0000000000            2.6995294094
2251.0000000000            2.6992268562
2252.0000000000            2.6989243031
2253.0000000000            2.6986215115
2254.0000000000            2.6983182430
2255.0000000000            2.6980147362
2256.0000000000            2.6977109909
2257.0000000000            2.6974070072
2258.0000000000            2.6971027851
2259.0000000000            2.6967983246
2260.0000000000            2.6964933872
2261.0000000000            2.6961884499
2262.0000000000            2.6958830357
2263.0000000000            2.6955776215
2264.0000000000            2.6952717304
2265.0000000000            2.6949656010
2266.0000000000            2.6946592331
2267.0000000000            2.6943526268
2268.0000000000            2.6940457821
2269.0000000000            2.6937386990
2270.0000000000            2.6934309006
2271.0000000000            2.6931233406
2272.0000000000            2.6928155422
2273.0000000000            2.6925070286
2274.0000000000            2.6921987534
2275.0000000000            2.6918897629
2276.0000000000            2.6915810108
2277.0000000000            2.6912715435
2278.0000000000            2.6909620762
2279.0000000000            2.6906521320
2280.0000000000            2.6903419495
2281.0000000000            2.6900317669
2282.0000000000            2.6897211075
2283.0000000000            2.6894102097
2284.0000000000            2.6890988350
2285.0000000000            2.6887874603
2286.0000000000            2.6884760857
2287.0000000000            2.6881639957
2288.0000000000            2.6878516674
2289.0000000000            2.6875393391
2290.0000000000            2.6872265339
2291.0000000000            2.6869134903
2292.0000000000            2.6866002083
2293.0000000000            2.6862866879
2294.0000000000            2.6859729290
2295.0000000000            2.6856586933
2296.0000000000            2.6853442192
2297.0000000000            2.6850297451
2298.0000000000            2.6847150326
2299.0000000000            2.6843998432
2300.0000000000            2.6840844154
2301.0000000000            2.6837687492
2302.0000000000            2.6834526062
2303.0000000000            2.6831364632
2304.0000000000            2.6828203201
2305.0000000000            2.6825034618
2306.0000000000            2.6821866035
2307.0000000000            2.6818690300
2308.0000000000            2.6815516949
2309.0000000000            2.6812338829
2310.0000000000            2.6809158325
2311.0000000000            2.6805975437
2312.0000000000            2.6802790165
2313.0000000000            2.6799600124
2314.0000000000            2.6796412468
2315.0000000000            2.6793217659
2316.0000000000            2.6790020466
2317.0000000000            2.6786820889
2318.0000000000            2.6783618927
2319.0000000000            2.6780414581
2320.0000000000            2.6777207851
2321.0000000000            2.6773998737
2322.0000000000            2.6770787239
2323.0000000000            2.6767570972
2324.0000000000            2.6764354706
2325.0000000000            2.6761136055
2326.0000000000            2.6757912636
2327.0000000000            2.6754686832
2328.0000000000            2.6751461029
2329.0000000000            2.6748228073
2330.0000000000            2.6744995117
2331.0000000000            2.6741759777
2332.0000000000            2.6738519669
2333.0000000000            2.6735279560
2334.0000000000            2.6732037067
2335.0000000000            2.6728789806
2336.0000000000            2.6725542545
2337.0000000000            2.6722288132
2338.0000000000            2.6719036102
2339.0000000000            2.6715779305
2340.0000000000            2.6712520123
2341.0000000000            2.6709256172
2342.0000000000            2.6705992222
2343.0000000000            2.6702725887
2344.0000000000            2.6699454784
2345.0000000000            2.6696181297
2346.0000000000            2.6692905426
2347.0000000000            2.6689629555
2348.0000000000            2.6686348915
2349.0000000000            2.6683065891
2350.0000000000            2.6679780483
2351.0000000000            2.6676490307
2352.0000000000            2.6673200130
2353.0000000000            2.6669907570
2354.0000000000            2.6666610241
2355.0000000000            2.6663310528
2356.0000000000            2.6660010815
2357.0000000000            2.6656706333
2358.0000000000            2.6653399467
2359.0000000000            2.6650087833
2360.0000000000            2.6646776199
2361.0000000000            2.6643462181
2362.0000000000            2.6640145779
2363.0000000000            2.6636824608
2364.0000000000            2.6633503437
2365.0000000000            2.6630177498
2366.0000000000            2.6626849174
2367.0000000000            2.6623520851
2368.0000000000            2.6620187759
2369.0000000000            2.6616852283
2370.0000000000            2.6613514423
2371.0000000000            2.6610171795
2372.0000000000            2.6606829166
2373.0000000000            2.6603481770
2374.0000000000            2.6600136757
2375.0000000000            2.6596784592
2376.0000000000            2.6593430042
2377.0000000000            2.6590073109
2378.0000000000            2.6586716175
2379.0000000000            2.6583354473
2380.0000000000            2.6579988003
2381.0000000000            2.6576621532
2382.0000000000            2.6573252678
2383.0000000000            2.6569879055
2384.0000000000            2.6566505432
2385.0000000000            2.6563127041
2386.0000000000            2.6559748650
2387.0000000000            2.6556365490
2388.0000000000            2.6552979946
2389.0000000000            2.6549594402
2390.0000000000            2.6546204090
2391.0000000000            2.6542809010
2392.0000000000            2.6539413929
2393.0000000000            2.6536016464
2394.0000000000            2.6532614231
2395.0000000000            2.6529211998
2396.0000000000            2.6525804996
2397.0000000000            2.6522395611
2398.0000000000            2.6518986225
2399.0000000000            2.6515569687
2400.0000000000            2.6512155533
2401.0000000000            2.6508734226
2402.0000000000            2.6505315304
2403.0000000000            2.6501889229
2404.0000000000            2.6498465538
2405.0000000000            2.6495034695
2406.0000000000            2.6491601467
2407.0000000000            2.6488168240
2408.0000000000            2.6484730244
2409.0000000000            2.6481289864
2410.0000000000            2.6477847099
2411.0000000000            2.6474401951
2412.0000000000            2.6470956802
2413.0000000000            2.6467506886
2414.0000000000            2.6464054585
2415.0000000000            2.6460597515
2416.0000000000            2.6457140446
2417.0000000000            2.6453680992
2418.0000000000            2.6450216770
2419.0000000000            2.6446752548
2420.0000000000            2.6443281174
2421.0000000000            2.6439812183
2422.0000000000            2.6436338425
2423.0000000000            2.6432862282
2424.0000000000            2.6429383755
2425.0000000000            2.6425902843
2426.0000000000            2.6422419548
2427.0000000000            2.6418933868
2428.0000000000            2.6415443420
2429.0000000000            2.6411952972
2430.0000000000            2.6408457756
2431.0000000000            2.6404960155
2432.0000000000            2.6401460171
2433.0000000000            2.6397960186
2434.0000000000            2.6394455433
2435.0000000000            2.6390948296
2436.0000000000            2.6387438774
2437.0000000000            2.6383926868
2438.0000000000            2.6380412579
2439.0000000000            2.6376893520
2440.0000000000            2.6373374462
2441.0000000000            2.6369853020
2442.0000000000            2.6366326809
2443.0000000000            2.6362800598
2444.0000000000            2.6359269619
2445.0000000000            2.6355736256
2446.0000000000            2.6352200508
2447.0000000000            2.6348662376
2448.0000000000            2.6345121861
2449.0000000000            2.6341578960
2450.0000000000            2.6338033676
2451.0000000000            2.6334486008
2452.0000000000            2.6330935955
2453.0000000000            2.6327381134
2454.0000000000            2.6323826313
2455.0000000000            2.6320266724
2456.0000000000            2.6316707134
2457.0000000000            2.6313142776
2458.0000000000            2.6309576035
2459.0000000000            2.6306006908
2460.0000000000            2.6302437782
2461.0000000000            2.6298861504
2462.0000000000            2.6295285225
2463.0000000000            2.6291706562
2464.0000000000            2.6288125515
2465.0000000000            2.6284539700
2466.0000000000            2.6280956268
2467.0000000000            2.6277365685
2468.0000000000            2.6273775101
2469.0000000000            2.6270179749
2470.0000000000            2.6266582012
2471.0000000000            2.6262984276
2472.0000000000            2.6259381771
2473.0000000000            2.6255776882
2474.0000000000            2.6252169609
2475.0000000000            2.6248559952
2476.0000000000            2.6244945526
2477.0000000000            2.6241333485
2478.0000000000            2.6237716675
2479.0000000000            2.6234095097
2480.0000000000            2.6230473518
2481.0000000000            2.6226849556
2482.0000000000            2.6223220825
2483.0000000000            2.6219589710
2484.0000000000            2.6215956211
2485.0000000000            2.6212322712
2486.0000000000            2.6208684444
2487.0000000000            2.6205043793
2488.0000000000            2.6201403141
2489.0000000000            2.6197755337
2490.0000000000            2.6194107533
2491.0000000000            2.6190457344
2492.0000000000            2.6186804771
2493.0000000000            2.6183149815
2494.0000000000            2.6179490089
2495.0000000000            2.6175830364
2496.0000000000            2.6172165871
2497.0000000000            2.6168501377
2498.0000000000            2.6164832115
2499.0000000000            2.6161162853
2500.0000000000            2.6157488823
2501.0000000000            2.6153812408
2502.0000000000            2.6150133610
2503.0000000000            2.6146452427
2504.0000000000            2.6142768860
2505.0000000000            2.6139082909
2506.0000000000            2.6135394573
2507.0000000000            2.6131703854
2508.0000000000            2.6128008366
2509.0000000000            2.6124312878
2510.0000000000            2.6120615005
2511.0000000000            2.6116912365
2512.0000000000            2.6113209724
2513.0000000000            2.6109502316
2514.0000000000            2.6105792522
2515.0000000000            2.6102082729
2516.0000000000            2.6098368168
2517.0000000000            2.6094653606
2518.0000000000            2.6090934277
2519.0000000000            2.6087212563
2520.0000000000            2.6083486080
2521.0000000000            2.6079761982
2522.0000000000            2.6076033115
2523.0000000000            2.6072301865
2524.0000000000            2.6068565845
2525.0000000000            2.6064829826
2526.0000000000            2.6061089039
2527.0000000000            2.6057348251
2528.0000000000            2.6053602695
2529.0000000000            2.6049857140
2530.0000000000            2.6046106815
2531.0000000000            2.6042356491
2532.0000000000            2.6038601398
2533.0000000000            2.6034846306
2534.0000000000            2.6031086445
2535.0000000000            2.6027324200
2536.0000000000            2.6023561954
2537.0000000000            2.6019794941
2538.0000000000            2.6016023159
2539.0000000000            2.6012251377
2540.0000000000            2.6008477211
2541.0000000000            2.6004700661
2542.0000000000            2.6000921726
2543.0000000000            2.5997140408
2544.0000000000            2.5993356705
2545.0000000000            2.5989568233
2546.0000000000            2.5985779762
2547.0000000000            2.5981988907
2548.0000000000            2.5978190899
2549.0000000000            2.5974395275
2550.0000000000            2.5970594883
2551.0000000000            2.5966794491
2552.0000000000            2.5962989330
2553.0000000000            2.5959184170
2554.0000000000            2.5955371857
2555.0000000000            2.5951559544
2556.0000000000            2.5947747231
2557.0000000000            2.5943927765
2558.0000000000            2.5940110683
2559.0000000000            2.5936288834
2560.0000000000            2.5932462215
2561.0000000000            2.5928637981
2562.0000000000            2.5924806595
2563.0000000000            2.5920975208
2564.0000000000            2.5917141438
2565.0000000000            2.5913302898
2566.0000000000            2.5909464359
2567.0000000000            2.5905621052
2568.0000000000            2.5901777744
2569.0000000000            2.5897932053
2570.0000000000            2.5894081593
2571.0000000000            2.5890228748
2572.0000000000            2.5886373520
2573.0000000000            2.5882515907
2574.0000000000            2.5878660679
2575.0000000000            2.5874798298
2576.0000000000            2.5870933533
2577.0000000000            2.5867066383
2578.0000000000            2.5863196850
2579.0000000000            2.5859324932
2580.0000000000            2.5855450630
2581.0000000000            2.5851573944
2582.0000000000            2.5847692490
2583.0000000000            2.5843811035
2584.0000000000            2.5839927197
2585.0000000000            2.5836040974
2586.0000000000            2.5832152367
2587.0000000000            2.5828258991
2588.0000000000            2.5824365616
2589.0000000000            2.5820469856
2590.0000000000            2.5816569328
2591.0000000000            2.5812668800
2592.0000000000            2.5808765888
2593.0000000000            2.5804858208
2594.0000000000            2.5800950527
2595.0000000000            2.5797038078
2596.0000000000            2.5793125629
2597.0000000000            2.5789208412
2598.0000000000            2.5785288811
2599.0000000000            2.5781369209
2600.0000000000            2.5777444839
2601.0000000000            2.5773520470
2602.0000000000            2.5769591331
2603.0000000000            2.5765659809
2604.0000000000            2.5761725903
2605.0000000000            2.5757789612
2606.0000000000            2.5753850937
2607.0000000000            2.5749909878
2608.0000000000            2.5745966434
2609.0000000000            2.5742020607
2610.0000000000            2.5738072395
2611.0000000000            2.5734121799
2612.0000000000            2.5730168819
2613.0000000000            2.5726213455
2614.0000000000            2.5722255707
2615.0000000000            2.5718293190
2616.0000000000            2.5714330673
2617.0000000000            2.5710363388
2618.0000000000            2.5706396103
2619.0000000000            2.5702426434
2620.0000000000            2.5698454380
2621.0000000000            2.5694477558
2622.0000000000            2.5690500736
2623.0000000000            2.5686521530
2624.0000000000            2.5682537556
2625.0000000000            2.5678553581
2626.0000000000            2.5674564838
2627.0000000000            2.5670573711
2628.0000000000            2.5666582584
2629.0000000000            2.5662586689
2630.0000000000            2.5658590794
2631.0000000000            2.5654590130
2632.0000000000            2.5650587082
2633.0000000000            2.5646584034
2634.0000000000            2.5642576218
2635.0000000000            2.5638566017
2636.0000000000            2.5634555817
2637.0000000000            2.5630540848
2638.0000000000            2.5626523495
2639.0000000000            2.5622503757
2640.0000000000            2.5618481636
2641.0000000000            2.5614459515
2642.0000000000            2.5610432625
2643.0000000000            2.5606403351
2644.0000000000            2.5602371693
2645.0000000000            2.5598337650
2646.0000000000            2.5594303608
2647.0000000000            2.5590264797
2648.0000000000            2.5586223602
2649.0000000000            2.5582180023
2650.0000000000            2.5578131676
2651.0000000000            2.5574083328
2652.0000000000            2.5570032597
2653.0000000000            2.5565981865
2654.0000000000            2.5561926365
2655.0000000000            2.5557866096
2656.0000000000            2.5553805828
2657.0000000000            2.5549743176
2658.0000000000            2.5545678139
2659.0000000000            2.5541610718
2660.0000000000            2.5537538528
2661.0000000000            2.5533468723
2662.0000000000            2.5529391766
2663.0000000000            2.5525314808
2664.0000000000            2.5521235466
2665.0000000000            2.5517153740
2666.0000000000            2.5513067245
2667.0000000000            2.5508980751
2668.0000000000            2.5504891872
2669.0000000000            2.5500800610
2670.0000000000            2.5496704578
2671.0000000000            2.5492610931
2672.0000000000            2.5488510132
2673.0000000000            2.5484409332
2674.0000000000            2.5480303764
2675.0000000000            2.5476198196
2676.0000000000            2.5472090244
2677.0000000000            2.5467977524
2678.0000000000            2.5463864803
2679.0000000000            2.5459749699
2680.0000000000            2.5455629826
2681.0000000000            2.5451509953
2682.0000000000            2.5447387695
2683.0000000000            2.5443260670
2684.0000000000            2.5439133644
2685.0000000000            2.5435004234
2686.0000000000            2.5430872440
2687.0000000000            2.5426738262
2688.0000000000            2.5422599316
2689.0000000000            2.5418460369
2690.0000000000            2.5414319038
2691.0000000000            2.5410172939
2692.0000000000            2.5406026840
2693.0000000000            2.5401878357
2694.0000000000            2.5397725105
2695.0000000000            2.5393571854
2696.0000000000            2.5389413834
2697.0000000000            2.5385255814
2698.0000000000            2.5381093025
2699.0000000000            2.5376930237
2700.0000000000            2.5372765064
2701.0000000000            2.5368595123
2702.0000000000            2.5364425182
2703.0000000000            2.5360252857
2704.0000000000            2.5356075764
2705.0000000000            2.5351898670
2706.0000000000            2.5347719193
2707.0000000000            2.5343534946
2708.0000000000            2.5339350700
2709.0000000000            2.5335161686
2710.0000000000            2.5330972672
2711.0000000000            2.5326781273
2712.0000000000            2.5322587490
2713.0000000000            2.5318391323
2714.0000000000            2.5314192772
2715.0000000000            2.5309991837
2716.0000000000            2.5305783749
2717.0000000000            2.5301578045
2718.0000000000            2.5297369957
2719.0000000000            2.5293159485
2720.0000000000            2.5288946629
2721.0000000000            2.5284731388
2722.0000000000            2.5280511379
2723.0000000000            2.5276291370
2724.0000000000            2.5272068977
2725.0000000000            2.5267844200
2726.0000000000            2.5263617039
2727.0000000000            2.5259387493
2728.0000000000            2.5255153179
2729.0000000000            2.5250921249
2730.0000000000            2.5246684551
2731.0000000000            2.5242443085
2732.0000000000            2.5238204002
2733.0000000000            2.5233957767
2734.0000000000            2.5229711533
2735.0000000000            2.5225465298
2736.0000000000            2.5221211910
2737.0000000000            2.5216960907
2738.0000000000            2.5212705135
2739.0000000000            2.5208446980
2740.0000000000            2.5204184055
2741.0000000000            2.5199923515
2742.0000000000            2.5195658207
2743.0000000000            2.5191390514
2744.0000000000            2.5187120438
2745.0000000000            2.5182847977
2746.0000000000            2.5178573132
2747.0000000000            2.5174298286
2748.0000000000            2.5170018673
2749.0000000000            2.5165736675
2750.0000000000            2.5161452293
2751.0000000000            2.5157167912
2752.0000000000            2.5152878761
2753.0000000000            2.5148589611
2754.0000000000            2.5144295692
2755.0000000000            2.5140001774
2756.0000000000            2.5135705471
2757.0000000000            2.5131402016
2758.0000000000            2.5127100945
2759.0000000000            2.5122797489
2760.0000000000            2.5118491650
2761.0000000000            2.5114181042
2762.0000000000            2.5109870434
2763.0000000000            2.5105555058
2764.0000000000            2.5101239681
2765.0000000000            2.5096921921
2766.0000000000            2.5092599392
2767.0000000000            2.5088279247
2768.0000000000            2.5083951950
2769.0000000000            2.5079622269
2770.0000000000            2.5075294971
2771.0000000000            2.5070960522
2772.0000000000            2.5066628456
2773.0000000000            2.5062289238
2774.0000000000            2.5057950020
2775.0000000000            2.5053610802
2776.0000000000            2.5049266815
2777.0000000000            2.5044920444
2778.0000000000            2.5040571690
2779.0000000000            2.5036220551
2780.0000000000            2.5031867027
2781.0000000000            2.5027513504
2782.0000000000            2.5023155212
2783.0000000000            2.5018794537
2784.0000000000            2.5014433861
2785.0000000000            2.5010068417
2786.0000000000            2.5005702972
2787.0000000000            2.5001332760
2788.0000000000            2.4996960163
2789.0000000000            2.4992585182
2790.0000000000            2.4988210201
2791.0000000000            2.4983832836
2792.0000000000            2.4979453087
2793.0000000000            2.4975070953
2794.0000000000            2.4970684052
2795.0000000000            2.4966297150
2796.0000000000            2.4961907864
2797.0000000000            2.4957513809
2798.0000000000            2.4953122139
2799.0000000000            2.4948725700
2800.0000000000            2.4944326878
2801.0000000000            2.4939925671
2802.0000000000            2.4935522079
2803.0000000000            2.4931116104
2804.0000000000            2.4926707745
2805.0000000000            2.4922299385
2806.0000000000            2.4917886257
2807.0000000000            2.4913470745
2808.0000000000            2.4909055233
2809.0000000000            2.4904634953
2810.0000000000            2.4900212288
2811.0000000000            2.4895792007
2812.0000000000            2.4891364574
2813.0000000000            2.4886934757
2814.0000000000            2.4882504940
2815.0000000000            2.4878072739
2816.0000000000            2.4873638153
2817.0000000000            2.4869201183
2818.0000000000            2.4864761829
2819.0000000000            2.4860320091
2820.0000000000            2.4855875969
2821.0000000000            2.4851429462
2822.0000000000            2.4846980572
2823.0000000000            2.4842531681
2824.0000000000            2.4838078022
2825.0000000000            2.4833621979
2826.0000000000            2.4829163551
2827.0000000000            2.4824705124
2828.0000000000            2.4820241928
2829.0000000000            2.4815778732
2830.0000000000            2.4811313152
2831.0000000000            2.4806842804
2832.0000000000            2.4802372456
2833.0000000000            2.4797899723
2834.0000000000            2.4793422222
2835.0000000000            2.4788947105
2836.0000000000            2.4784467220
2837.0000000000            2.4779984951
2838.0000000000            2.4775500298
2839.0000000000            2.4771013260
2840.0000000000            2.4766526222
2841.0000000000            2.4762032032
2842.0000000000            2.4757537842
2843.0000000000            2.4753043652
2844.0000000000            2.4748547077
2845.0000000000            2.4744048119
2846.0000000000            2.4739544392
2847.0000000000            2.4735040665
2848.0000000000            2.4730532169
2849.0000000000            2.4726026058
2850.0000000000            2.4721512794
2851.0000000000            2.4716999531
2852.0000000000            2.4712483883
2853.0000000000            2.4707965851
2854.0000000000            2.4703445435
2855.0000000000            2.4698925018
2856.0000000000            2.4694402218
2857.0000000000            2.4689874649
2858.0000000000            2.4685347080
2859.0000000000            2.4680814743
2860.0000000000            2.4676280022
2861.0000000000            2.4671745300
2862.0000000000            2.4667208195
2863.0000000000            2.4662668705
2864.0000000000            2.4658126831
2865.0000000000            2.4653582573
2866.0000000000            2.4649035931
2867.0000000000            2.4644486904
2868.0000000000            2.4639935493
2869.0000000000            2.4635384083
2870.0000000000            2.4630825520
2871.0000000000            2.4626269341
2872.0000000000            2.4621710777
2873.0000000000            2.4617147446
2874.0000000000            2.4612584114
2875.0000000000            2.4608018398
2876.0000000000            2.4603450298
2877.0000000000            2.4598879814
2878.0000000000            2.4594306946
2879.0000000000            2.4589731693
2880.0000000000            2.4585156441
2881.0000000000            2.4580576420
2882.0000000000            2.4575994015
2883.0000000000            2.4571411610
2884.0000000000            2.4566824436
2885.0000000000            2.4562234879
2886.0000000000            2.4557647705
2887.0000000000            2.4553053379
2888.0000000000            2.4548459053
2889.0000000000            2.4543862343
2890.0000000000            2.4539263248
2891.0000000000            2.4534661770
2892.0000000000            2.4530057907
2893.0000000000            2.4525456429
2894.0000000000            2.4520847797
2895.0000000000            2.4516239166
2896.0000000000            2.4511625767
2897.0000000000            2.4507012367
2898.0000000000            2.4502394199
2899.0000000000            2.4497776031
2900.0000000000            2.4493155479
2901.0000000000            2.4488532543
2902.0000000000            2.4483909607
2903.0000000000            2.4479281902
2904.0000000000            2.4474654198
2905.0000000000            2.4470021725
2906.0000000000            2.4465386868
2907.0000000000            2.4460752010
2908.0000000000            2.4456114769
2909.0000000000            2.4451475143
2910.0000000000            2.4446833134
2911.0000000000            2.4442188740
2912.0000000000            2.4437541962
2913.0000000000            2.4432892799
2914.0000000000            2.4428243637
2915.0000000000            2.4423589706
2916.0000000000            2.4418935776
2917.0000000000            2.4414277077
2918.0000000000            2.4409620762
2919.0000000000            2.4404957294
2920.0000000000            2.4400293827
2921.0000000000            2.4395630360
2922.0000000000            2.4390962124
2923.0000000000            2.4386291504
2924.0000000000            2.4381620884
2925.0000000000            2.4376945496
2926.0000000000            2.4372270107
2927.0000000000            2.4367589951
2928.0000000000            2.4362909794
2929.0000000000            2.4358227253
2930.0000000000            2.4353544712
2931.0000000000            2.4348857403
2932.0000000000            2.4344167709
2933.0000000000            2.4339478016
2934.0000000000            2.4334783554
2935.0000000000            2.4330089092
2936.0000000000            2.4325392246
2937.0000000000            2.4320693016
2938.0000000000            2.4315989017
2939.0000000000            2.4311285019
2940.0000000000            2.4306581020
2941.0000000000            2.4301872253
2942.0000000000            2.4297163486
2943.0000000000            2.4292452335
2944.0000000000            2.4287736416
2945.0000000000            2.4283020496
2946.0000000000            2.4278302193
2947.0000000000            2.4273579121
2948.0000000000            2.4268858433
2949.0000000000            2.4264135361
2950.0000000000            2.4259405136
2951.0000000000            2.4254677296
2952.0000000000            2.4249947071
2953.0000000000            2.4245214462
2954.0000000000            2.4240477085
2955.0000000000            2.4235742092
2956.0000000000            2.4231002331
2957.0000000000            2.4226260185
2958.0000000000            2.4221515656
2959.0000000000            2.4216771126
2960.0000000000            2.4212024212
2961.0000000000            2.4207272530
2962.0000000000            2.4202520847
2963.0000000000            2.4197766781
2964.0000000000            2.4193012714
2965.0000000000            2.4188253880
2966.0000000000            2.4183492661
2967.0000000000            2.4178731441
2968.0000000000            2.4173965454
2969.0000000000            2.4169201851
2970.0000000000            2.4164433479
2971.0000000000            2.4159662724
2972.0000000000            2.4154889584
2973.0000000000            2.4150114059
2974.0000000000            2.4145338535
2975.0000000000            2.4140560627
2976.0000000000            2.4135777950
2977.0000000000            2.4130992889
2978.0000000000            2.4126210213
2979.0000000000            2.4121422768
2980.0000000000            2.4116632938
2981.0000000000            2.4111843109
2982.0000000000            2.4107050896
2983.0000000000            2.4102253914
2984.0000000000            2.4097456932
2985.0000000000            2.4092657566
2986.0000000000            2.4087858200
2987.0000000000            2.4083051682
2988.0000000000            2.4078247547
2989.0000000000            2.4073438644
2990.0000000000            2.4068629742
2991.0000000000            2.4063820839
2992.0000000000            2.4059004784
2993.0000000000            2.4054191113
2994.0000000000            2.4049372673
2995.0000000000            2.4044554234
2996.0000000000            2.4039731026
2997.0000000000            2.4034905434
2998.0000000000            2.4030082226
2999.0000000000            2.4025251865
3000.0000000000            2.4020421505
3001.0000000000            2.4015591145
3002.0000000000            2.4010758400
3003.0000000000            2.4005920887
3004.0000000000            2.4001083374
3005.0000000000            2.3996243477
3006.0000000000            2.3991401196
3007.0000000000            2.3986556530
3008.0000000000            2.3981709480
3009.0000000000            2.3976862431
3010.0000000000            2.3972012997
3011.0000000000            2.3967161179
3012.0000000000            2.3962306976
3013.0000000000            2.3957452774
3014.0000000000            2.3952593803
3015.0000000000            2.3947732449
3016.0000000000            2.3942868710
3017.0000000000            2.3938004971
3018.0000000000            2.3933138847
3019.0000000000            2.3928270340
3020.0000000000            2.3923401833
3021.0000000000            2.3918530941
3022.0000000000            2.3913655281
3023.0000000000            2.3908777237
3024.0000000000            2.3903901577
3025.0000000000            2.3899021149
3026.0000000000            2.3894140720
3027.0000000000            2.3889253139
3028.0000000000            2.3884367943
3029.0000000000            2.3879482746
3030.0000000000            2.3874590397
3031.0000000000            2.3869698048
3032.0000000000            2.3864803314
3033.0000000000            2.3859908581
3034.0000000000            2.3855009079
3035.0000000000            2.3850111961
3036.0000000000            2.3845207691
3037.0000000000            2.3840305805
3038.0000000000            2.3835399151
3039.0000000000            2.3830492496
3040.0000000000            2.3825581074
3041.0000000000            2.3820669651
3042.0000000000            2.3815755844
3043.0000000000            2.3810839653
3044.0000000000            2.3805921078
3045.0000000000            2.3801002502
3046.0000000000            2.3796081543
3047.0000000000            2.3791158199
3048.0000000000            2.3786232471
3049.0000000000            2.3781304359
3050.0000000000            2.3776373863
3051.0000000000            2.3771443367
3052.0000000000            2.3766508102
3053.0000000000            2.3761572838
3054.0000000000            2.3756637573
3055.0000000000            2.3751699924
3056.0000000000            2.3746757507
3057.0000000000            2.3741812706
3058.0000000000            2.3736867905
3059.0000000000            2.3731920719
3060.0000000000            2.3726971149
3061.0000000000            2.3722021580
3062.0000000000            2.3717069626
3063.0000000000            2.3712115288
3064.0000000000            2.3707158566
3065.0000000000            2.3702197075
3066.0000000000            2.3697237968
3067.0000000000            2.3692276478
3068.0000000000            2.3687310219
3069.0000000000            2.3682343960
3070.0000000000            2.3677375317
3071.0000000000            2.3672404289
3072.0000000000            2.3667433262
3073.0000000000            2.3662459850
3074.0000000000            2.3657481670
3075.0000000000            2.3652505875
3076.0000000000            2.3647525311
3077.0000000000            2.3642544746
3078.0000000000            2.3637559414
3079.0000000000            2.3632574081
3080.0000000000            2.3627586365
3081.0000000000            2.3622596264
3082.0000000000            2.3617606163
3083.0000000000            2.3612611294
3084.0000000000            2.3607618809
3085.0000000000            2.3602621555
3086.0000000000            2.3597621918
3087.0000000000            2.3592619896
3088.0000000000            2.3587617874
3089.0000000000            2.3582613468
3090.0000000000            2.3577606678
3091.0000000000            2.3572597504
3092.0000000000            2.3567585945
3093.0000000000            2.3562574387
3094.0000000000            2.3557562828
3095.0000000000            2.3552546501
3096.0000000000            2.3547527790
3097.0000000000            2.3542509079
3098.0000000000            2.3537485600
3099.0000000000            2.3532462120
3100.0000000000            2.3527438641
3101.0000000000            2.3522410393
3102.0000000000            2.3517382145
3103.0000000000            2.3512346745
3104.0000000000            2.3507316113
3105.0000000000            2.3502280712
3106.0000000000            2.3497245312
3107.0000000000            2.3492205143
3108.0000000000            2.3487167358
3109.0000000000            2.3482122421
3110.0000000000            2.3477077484
3111.0000000000            2.3472032547
3112.0000000000            2.3466982841
3113.0000000000            2.3461933136
3114.0000000000            2.3456883430
3115.0000000000            2.3451828957
3116.0000000000            2.3446774483
3117.0000000000            2.3441717625
3118.0000000000            2.3436658382
3119.0000000000            2.3431596756
3120.0000000000            2.3426532745
3121.0000000000            2.3421468735
3122.0000000000            2.3416402340
3123.0000000000            2.3411333561
3124.0000000000            2.3406264782
3125.0000000000            2.3401191235
3126.0000000000            2.3396117687
3127.0000000000            2.3391041756
3128.0000000000            2.3385963440
3129.0000000000            2.3380885124
3130.0000000000            2.3375804424
3131.0000000000            2.3370718956
3132.0000000000            2.3365633488
3133.0000000000            2.3360550404
3134.0000000000            2.3355460167
3135.0000000000            2.3350369930
3136.0000000000            2.3345277309
3137.0000000000            2.3340182304
3138.0000000000            2.3335087299
3139.0000000000            2.3329987526
3140.0000000000            2.3324890137
3141.0000000000            2.3319790363
3142.0000000000            2.3314685822
3143.0000000000            2.3309581280
3144.0000000000            2.3304474354
3145.0000000000            2.3299362659
3146.0000000000            2.3294253349
3147.0000000000            2.3289141655
3148.0000000000            2.3284027576
3149.0000000000            2.3278911114
3150.0000000000            2.3273794651
3151.0000000000            2.3268675804
3152.0000000000            2.3263554573
3153.0000000000            2.3258428574
3154.0000000000            2.3253304958
3155.0000000000            2.3248178959
3156.0000000000            2.3243048191
3157.0000000000            2.3237919807
3158.0000000000            2.3232786655
3159.0000000000            2.3227655888
3160.0000000000            2.3222517967
3161.0000000000            2.3217380047
3162.0000000000            2.3212239742
3163.0000000000            2.3207099438
3164.0000000000            2.3201956749
3165.0000000000            2.3196811676
3166.0000000000            2.3191664219
3167.0000000000            2.3186519146
3168.0000000000            2.3181366920
3169.0000000000            2.3176217079
3170.0000000000            2.3171062469
3171.0000000000            2.3165907860
3172.0000000000            2.3160750866
3173.0000000000            2.3155591488
3174.0000000000            2.3150432110
3175.0000000000            2.3145267963
3176.0000000000            2.3140103817
3177.0000000000            2.3134937286
3178.0000000000            2.3129770756
3179.0000000000            2.3124601841
3180.0000000000            2.3119430542
3181.0000000000            2.3114256859
3182.0000000000            2.3109083176
3183.0000000000            2.3103904724
3184.0000000000            2.3098728657
3185.0000000000            2.3093550205
3186.0000000000            2.3088366985
3187.0000000000            2.3083183765
3188.0000000000            2.3077998161
3189.0000000000            2.3072812557
3190.0000000000            2.3067622185
3191.0000000000            2.3062431812
3192.0000000000            2.3057241440
3193.0000000000            2.3052046299
3194.0000000000            2.3046848774
3195.0000000000            2.3041651249
3196.0000000000            2.3036453724
3197.0000000000            2.3031253815
3198.0000000000            2.3026051521
3199.0000000000            2.3020846844
3200.0000000000            2.3015639782
3201.0000000000            2.3010432720
3202.0000000000            2.3005223274
3203.0000000000            2.3000011444
3204.0000000000            2.2994797230
3205.0000000000            2.2989583015
3206.0000000000            2.2984368801
3207.0000000000            2.2979149818
3208.0000000000            2.2973930836
3209.0000000000            2.2968707085
3210.0000000000            2.2963485718
3211.0000000000            2.2958259583
3212.0000000000            2.2953033447
3213.0000000000            2.2947804928
3214.0000000000            2.2942574024
3215.0000000000            2.2937343121
3216.0000000000            2.2932109833
3217.0000000000            2.2926874161
3218.0000000000            2.2921638489
3219.0000000000            2.2916398048
3220.0000000000            2.2911157608
3221.0000000000            2.2905917168
3222.0000000000            2.2900674343
3223.0000000000            2.2895426750
3224.0000000000            2.2890181541
3225.0000000000            2.2884933949
3226.0000000000            2.2879681587
3227.0000000000            2.2874429226
3228.0000000000            2.2869174480
3229.0000000000            2.2863922119
3230.0000000000            2.2858664989
3231.0000000000            2.2853405476
3232.0000000000            2.2848145962
3233.0000000000            2.2842881680
3234.0000000000            2.2837619781
3235.0000000000            2.2832353115
3236.0000000000            2.2827086449
3237.0000000000            2.2821817398
3238.0000000000            2.2816545963
3239.0000000000            2.2811274529
3240.0000000000            2.2806000710
3241.0000000000            2.2800726891
3242.0000000000            2.2795448303
3243.0000000000            2.2790172100
3244.0000000000            2.2784891129
3245.0000000000            2.2779610157
3246.0000000000            2.2774324417
3247.0000000000            2.2769038677
3248.0000000000            2.2763752937
3249.0000000000            2.2758464813
3250.0000000000            2.2753171921
3251.0000000000            2.2747881413
3252.0000000000            2.2742588520
3253.0000000000            2.2737293243
3254.0000000000            2.2731995583
3255.0000000000            2.2726697922
3256.0000000000            2.2721397877
3257.0000000000            2.2716095448
3258.0000000000            2.2710793018
3259.0000000000            2.2705485821
3260.0000000000            2.2700181007
3261.0000000000            2.2694871426
3262.0000000000            2.2689561844
3263.0000000000            2.2684249878
3264.0000000000            2.2678937912
3265.0000000000            2.2673623562
3266.0000000000            2.2668306828
3267.0000000000            2.2662987709
3268.0000000000            2.2657668591
3269.0000000000            2.2652349472
3270.0000000000            2.2647025585
3271.0000000000            2.2641701698
3272.0000000000            2.2636375427
3273.0000000000            2.2631046772
3274.0000000000            2.2625718117
3275.0000000000            2.2620389462
3276.0000000000            2.2615056038
3277.0000000000            2.2609720230
3278.0000000000            2.2604384422
3279.0000000000            2.2599046230
3280.0000000000            2.2593710423
3281.0000000000            2.2588369846
3282.0000000000            2.2583026886
3283.0000000000            2.2577683926
3284.0000000000            2.2572338581
3285.0000000000            2.2566990852
3286.0000000000            2.2561643124
3287.0000000000            2.2556293011
3288.0000000000            2.2550942898
3289.0000000000            2.2545588017
3290.0000000000            2.2540235519
3291.0000000000            2.2534878254
3292.0000000000            2.2529520988
3293.0000000000            2.2524161339
3294.0000000000            2.2518801689
3295.0000000000            2.2513439655
3296.0000000000            2.2508075237
3297.0000000000            2.2502708435
3298.0000000000            2.2497341633
3299.0000000000            2.2491972446
3300.0000000000            2.2486603260
3301.0000000000            2.2481229305
3302.0000000000            2.2475857735
3303.0000000000            2.2470481396
3304.0000000000            2.2465107441
3305.0000000000            2.2459726334
3306.0000000000            2.2454347610
3307.0000000000            2.2448968887
3308.0000000000            2.2443583012
3309.0000000000            2.2438199520
3310.0000000000            2.2432813644
3311.0000000000            2.2427427769
3312.0000000000            2.2422039509
3313.0000000000            2.2416646481
3314.0000000000            2.2411255836
3315.0000000000            2.2405862808
3316.0000000000            2.2400467396
3317.0000000000            2.2395069599
3318.0000000000            2.2389671803
3319.0000000000            2.2384274006
3320.0000000000            2.2378871441
3321.0000000000            2.2373471260
3322.0000000000            2.2368066311
3323.0000000000            2.2362658978
3324.0000000000            2.2357254028
3325.0000000000            2.2351844311
3326.0000000000            2.2346432209
3327.0000000000            2.2341020107
3328.0000000000            2.2335608006
3329.0000000000            2.2330193520
3330.0000000000            2.2324776649
3331.0000000000            2.2319359779
3332.0000000000            2.2313940525
3333.0000000000            2.2308521271
3334.0000000000            2.2303097248
3335.0000000000            2.2297673225
3336.0000000000            2.2292249203
3337.0000000000            2.2286820412
3338.0000000000            2.2281394005
3339.0000000000            2.2275962830
3340.0000000000            2.2270531654
3341.0000000000            2.2265100479
3342.0000000000            2.2259664536
3343.0000000000            2.2254228592
3344.0000000000            2.2248792648
3345.0000000000            2.2243354321
3346.0000000000            2.2237913609
3347.0000000000            2.2232472897
3348.0000000000            2.2227029800
3349.0000000000            2.2221586704
3350.0000000000            2.2216141224
3351.0000000000            2.2210693359
3352.0000000000            2.2205243111
3353.0000000000            2.2199792862
3354.0000000000            2.2194342613
3355.0000000000            2.2188887596
3356.0000000000            2.2183432579
3357.0000000000            2.2177977562
3358.0000000000            2.2172520161
3359.0000000000            2.2167060375
3360.0000000000            2.2161598206
3361.0000000000            2.2156138420
3362.0000000000            2.2150676250
3363.0000000000            2.2145209312
3364.0000000000            2.2139742374
3365.0000000000            2.2134275436
3366.0000000000            2.2128806114
3367.0000000000            2.2123334408
3368.0000000000            2.2117862701
3369.0000000000            2.2112390995
3370.0000000000            2.2106914520
3371.0000000000            2.2101440430
3372.0000000000            2.2095961571
3373.0000000000            2.2090480328
3374.0000000000            2.2085001469
3375.0000000000            2.2079517841
3376.0000000000            2.2074036598
3377.0000000000            2.2068550587
3378.0000000000            2.2063062191
3379.0000000000            2.2057576180
3380.0000000000            2.2052085400
3381.0000000000            2.2046594620
3382.0000000000            2.2041103840
3383.0000000000            2.2035610676
3384.0000000000            2.2030115128
3385.0000000000            2.2024617195
3386.0000000000            2.2019121647
3387.0000000000            2.2013621330
3388.0000000000            2.2008121014
3389.0000000000            2.2002618313
3390.0000000000            2.1997115612
3391.0000000000            2.1991612911
3392.0000000000            2.1986105442
3393.0000000000            2.1980597973
3394.0000000000            2.1975088120
3395.0000000000            2.1969578266
3396.0000000000            2.1964066029
3397.0000000000            2.1958553791
3398.0000000000            2.1953039169
3399.0000000000            2.1947524548
3400.0000000000            2.1942007542
3401.0000000000            2.1936488152
3402.0000000000            2.1930968761
3403.0000000000            2.1925446987
3404.0000000000            2.1919925213
3405.0000000000            2.1914401054
3406.0000000000            2.1908874512
3407.0000000000            2.1903347969
3408.0000000000            2.1897819042
3409.0000000000            2.1892290115
3410.0000000000            2.1886758804
3411.0000000000            2.1881227493
3412.0000000000            2.1875693798
3413.0000000000            2.1870157719
3414.0000000000            2.1864621639
3415.0000000000            2.1859085560
3416.0000000000            2.1853547096
3417.0000000000            2.1848003864
3418.0000000000            2.1842463017
3419.0000000000            2.1836919785
3420.0000000000            2.1831374168
3421.0000000000            2.1825830936
3422.0000000000            2.1820282936
3423.0000000000            2.1814734936
3424.0000000000            2.1809184551
3425.0000000000            2.1803631783
3426.0000000000            2.1798081398
3427.0000000000            2.1792526245
3428.0000000000            2.1786973476
3429.0000000000            2.1781415939
3430.0000000000            2.1775858402
3431.0000000000            2.1770300865
3432.0000000000            2.1764738560
3433.0000000000            2.1759176254
3434.0000000000            2.1753613949
3435.0000000000            2.1748049259
3436.0000000000            2.1742484570
3437.0000000000            2.1736917496
3438.0000000000            2.1731348038
3439.0000000000            2.1725780964
3440.0000000000            2.1720209122
3441.0000000000            2.1714634895
3442.0000000000            2.1709063053
3443.0000000000            2.1703488827
3444.0000000000            2.1697912216
3445.0000000000            2.1692335606
3446.0000000000            2.1686756611
3447.0000000000            2.1681175232
3448.0000000000            2.1675593853
3449.0000000000            2.1670010090
3450.0000000000            2.1664428711
3451.0000000000            2.1658842564
3452.0000000000            2.1653256416
3453.0000000000            2.1647667885
3454.0000000000            2.1642079353
3455.0000000000            2.1636488438
3456.0000000000            2.1630897522
3457.0000000000            2.1625304222
3458.0000000000            2.1619710922
3459.0000000000            2.1614117622
3460.0000000000            2.1608519554
3461.0000000000            2.1602921486
3462.0000000000            2.1597323418
3463.0000000000            2.1591722965
3464.0000000000            2.1586117744
3465.0000000000            2.1580517292
3466.0000000000            2.1574912071
3467.0000000000            2.1569306850
3468.0000000000            2.1563699245
3469.0000000000            2.1558091640
3470.0000000000            2.1552484035
3471.0000000000            2.1546874046
3472.0000000000            2.1541261673
3473.0000000000            2.1535646915
3474.0000000000            2.1530034542
3475.0000000000            2.1524419785
3476.0000000000            2.1518802643
3477.0000000000            2.1513185501
3478.0000000000            2.1507563591
3479.0000000000            2.1501944065
3480.0000000000            2.1496324539
3481.0000000000            2.1490702629
3482.0000000000            2.1485075951
3483.0000000000            2.1479451656
3484.0000000000            2.1473824978
3485.0000000000            2.1468195915
3486.0000000000            2.1462569237
3487.0000000000            2.1456937790
3488.0000000000            2.1451306343
3489.0000000000            2.1445674896
3490.0000000000            2.1440038681
3491.0000000000            2.1434404850
3492.0000000000            2.1428768635
3493.0000000000            2.1423132420
3494.0000000000            2.1417491436
3495.0000000000            2.1411852837
3496.0000000000            2.1406211853
3497.0000000000            2.1400570869
3498.0000000000            2.1394925117
3499.0000000000            2.1389281750
3500.0000000000            2.1383635998
3501.0000000000            2.1377990246
3502.0000000000            2.1372342110
3503.0000000000            2.1366691589
3504.0000000000            2.1361041069
3505.0000000000            2.1355388165
3506.0000000000            2.1349735260
3507.0000000000            2.1344082355
3508.0000000000            2.1338427067
3509.0000000000            2.1332769394
3510.0000000000            2.1327114105
3511.0000000000            2.1321454048
3512.0000000000            2.1315793991
3513.0000000000            2.1310131550
3514.0000000000            2.1304471493
3515.0000000000            2.1298806667
3516.0000000000            2.1293141842
3517.0000000000            2.1287477016
3518.0000000000            2.1281809807
3519.0000000000            2.1276140213
3520.0000000000            2.1270473003
3521.0000000000            2.1264803410
3522.0000000000            2.1259131432
3523.0000000000            2.1253457069
3524.0000000000            2.1247782707
3525.0000000000            2.1242108345
3526.0000000000            2.1236431599
3527.0000000000            2.1230754852
3528.0000000000            2.1225075722
3529.0000000000            2.1219396591
3530.0000000000            2.1213715076
3531.0000000000            2.1208033562
3532.0000000000            2.1202352047
3533.0000000000            2.1196668148
3534.0000000000            2.1190981865
3535.0000000000            2.1185295582
3536.0000000000            2.1179609299
3537.0000000000            2.1173920631
3538.0000000000            2.1168231964
3539.0000000000            2.1162540913
3540.0000000000            2.1156849861
3541.0000000000            2.1151154041
3542.0000000000            2.1145460606
3543.0000000000            2.1139764786
3544.0000000000            2.1134068966
3545.0000000000            2.1128370762
3546.0000000000            2.1122670174
3547.0000000000            2.1116971970
3548.0000000000            2.1111271381
3549.0000000000            2.1105570793
3550.0000000000            2.1099865437
3551.0000000000            2.1094162464
3552.0000000000            2.1088457108
3553.0000000000            2.1082751751
3554.0000000000            2.1077044010
3555.0000000000            2.1071336269
3556.0000000000            2.1065626144
3557.0000000000            2.1059913635
3558.0000000000            2.1054203510
3559.0000000000            2.1048488617
3560.0000000000            2.1042776108
3561.0000000000            2.1037063599
3562.0000000000            2.1031346321
3563.0000000000            2.1025629044
3564.0000000000            2.1019909382
3565.0000000000            2.1014192104
3566.0000000000            2.1008470058
3567.0000000000            2.1002750397
3568.0000000000            2.0997025967
3569.0000000000            2.0991303921
3570.0000000000            2.0985579491
3571.0000000000            2.0979855061
3572.0000000000            2.0974125862
3573.0000000000            2.0968399048
3574.0000000000            2.0962669849
3575.0000000000            2.0956938267
3576.0000000000            2.0951209068
3577.0000000000            2.0945477486
3578.0000000000            2.0939745903
3579.0000000000            2.0934009552
3580.0000000000            2.0928275585
3581.0000000000            2.0922539234
3582.0000000000            2.0916800499
3583.0000000000            2.0911061764
3584.0000000000            2.0905323029
3585.0000000000            2.0899579525
3586.0000000000            2.0893833637
3587.0000000000            2.0888085365
3588.0000000000            2.0882332325
3589.0000000000            2.0876576900
3590.0000000000            2.0870811939
3591.0000000000            2.0865039825
3592.0000000000            2.0859253407
3593.0000000000            2.0853452682
3594.0000000000            2.0847623348
3595.0000000000            2.0841758251
3596.0000000000            2.0835850239
3597.0000000000            2.0829875469
3598.0000000000            2.0823817253
3599.0000000000            2.0817639828
3600.0000000000            2.0811305046
3601.0000000000            2.0804760456
3602.0000000000            2.0797941685
3603.0000000000            2.0790760517
3604.0000000000            2.0783109665
3605.0000000000            2.0774848461
3606.0000000000            2.0765802860
3607.0000000000            2.0755760670
3608.0000000000            2.0744459629
3609.0000000000            2.0731573105
3610.0000000000            2.0716719627
3611.0000000000            2.0699431896
3612.0000000000            2.0679156780
3613.0000000000            2.0655248165
3614.0000000000            2.0626947880
3615.0000000000            2.0593390465
3616.0000000000            2.0553579330
3617.0000000000            2.0506391525
3618.0000000000            2.0450570583
3619.0000000000            2.0384726524
3620.0000000000            2.0307347775
3621.0000000000            2.0216786861
3622.0000000000            2.0111300945
3623.0000000000            1.9989055395
3624.0000000000            1.9848144054
3625.0000000000            1.9686632156
3626.0000000000            1.9502580166
3627.0000000000            1.9294096231
3628.0000000000            1.9059370756
3629.0000000000            1.8796734810
3630.0000000000            1.8504704237
3631.0000000000            1.8182041645
3632.0000000000            1.7827798128
3633.0000000000            1.7441366911
3634.0000000000            1.7022531033
3635.0000000000            1.6571495533
3636.0000000000            1.6088919640
3637.0000000000            1.5575935841
3638.0000000000            1.5034157038
3639.0000000000            1.4465670586
3640.0000000000            1.3873027563
3641.0000000000            1.3259199858
3642.0000000000            1.2627547979
3643.0000000000            1.1981759071
3644.0000000000            1.1325790882
3645.0000000000            1.0663784742
3646.0000000000            1.0000000000
3647.0000000000            0.9338724613
3648.0000000000            0.8684191704
3649.0000000000            0.8040502071
3650.0000000000            0.7411543727
3651.0000000000            0.6800923347
3652.0000000000            0.6211906672
3653.0000000000            0.5647364259
3654.0000000000            0.5109739304
3655.0000000000            0.4601014256
3656.0000000000            0.4122704268
3657.0000000000            0.3675852120
3658.0000000000            0.3261041641
3659.0000000000            0.2878417373
3660.0000000000            0.2527718246
3661.0000000000            0.2208312750
3662.0000000000            0.1919245720
3663.0000000000            0.1659284830
3664.0000000000            0.1426970810
3665.0000000000            0.1220668554
3666.0000000000            0.1038614810
3667.0000000000            0.0878966004
3668.0000000000            0.0739840493
3669.0000000000            0.0619357154
3670.0000000000            0.0515668504
3671.0000000000            0.0426988937
3672.0000000000            0.0351617225
3673.0000000000            0.0287953764
3674.0000000000            0.0234512947
3675.0000000000            0.0189930703
3676.0000000000            0.0152968280
3677.0000000000            0.0122512225
3678.0000000000            0.0097571695
3679.0000000000            0.0077273366
3680.0000000000            0.0060854503
3681.0000000000            0.0047655008
3682.0000000000            0.0037108515
3683.0000000000            0.0028733243
3684.0000000000            0.0022122732
3685.0000000000            0.0016936876
3686.0000000000            0.0012893361
3687.0000000000            0.0009759673
3688.0000000000            0.0007345797
3689.0000000000            0.0005497634
3690.0000000000            0.0004091144
3691.0000000000            0.0003027226
3692.0000000000            0.0002227283
3693.0000000000            0.0001629431
3694.0000000000            0.0001185294
3695.0000000000            0.0000857326
3696.0000000000            0.0000616589
3697.0000000000            0.0000440936
