1897.0000000000            3.9697711468
1898.0000000000            3.9690210819
1899.0000000000            3.9682700634
1900.0000000000            3.9675185680
1901.0000000000            3.9667661190
1902.0000000000            3.9660131931
1903.0000000000            3.9652595520
1904.0000000000            3.9645051956
1905.0000000000            3.9637498856
1906.0000000000            3.9629940987
1907.0000000000            3.9622378349
1908.0000000000            3.9614803791
1909.0000000000            3.9607226849
1910.0000000000            3.9599640369
1911.0000000000            3.9592049122
1912.0000000000            3.9584448338
1913.0000000000            3.9576840401
1914.0000000000            3.9569227695
1915.0000000000            3.9561607838
1916.0000000000            3.9553978443
1917.0000000000            3.9546344280
1918.0000000000            3.9538702965
1919.0000000000            3.9531052113
1920.0000000000            3.9523398876
1921.0000000000            3.9515736103
1922.0000000000            3.9508066177
1923.0000000000            3.9500389099
1924.0000000000            3.9492707253
1925.0000000000            3.9485015869
1926.0000000000            3.9477317333
1927.0000000000            3.9469616413
1928.0000000000            3.9461901188
1929.0000000000            3.9454183578
1930.0000000000            3.9446461201
1931.0000000000            3.9438726902
1932.0000000000            3.9430987835
1933.0000000000            3.9423241615
1934.0000000000            3.9415490627
1935.0000000000            3.9407732487
1936.0000000000            3.9399962425
1937.0000000000            3.9392192364
1938.0000000000            3.9384412766
1939.0000000000            3.9376623631
1940.0000000000            3.9368827343
1941.0000000000            3.9361028671
1942.0000000000            3.9353218079
1943.0000000000            3.9345402718
1944.0000000000            3.9337580204
1945.0000000000            3.9329752922
1946.0000000000            3.9321918488
1947.0000000000            3.9314076900
1948.0000000000            3.9306225777
1949.0000000000            3.9298369884
1950.0000000000            3.9290506840
1951.0000000000            3.9282636642
1952.0000000000            3.9274761677
1953.0000000000            3.9266874790
1954.0000000000            3.9258987904
1955.0000000000            3.9251089096
1956.0000000000            3.9243185520
1957.0000000000            3.9235274792
1958.0000000000            3.9227356911
1959.0000000000            3.9219429493
1960.0000000000            3.9211499691
1961.0000000000            3.9203560352
1962.0000000000            3.9195616245
1963.0000000000            3.9187662601
1964.0000000000            3.9179704189
1965.0000000000            3.9171741009
1966.0000000000            3.9163765907
1967.0000000000            3.9155788422
1968.0000000000            3.9147801399
1969.0000000000            3.9139809608
1970.0000000000            3.9131808281
1971.0000000000            3.9123802185
1972.0000000000            3.9115786552
1973.0000000000            3.9107768536
1974.0000000000            3.9099740982
1975.0000000000            3.9091706276
1976.0000000000            3.9083664417
1977.0000000000            3.9075617790
1978.0000000000            3.9067564011
1979.0000000000            3.9059505463
1980.0000000000            3.9051434994
1981.0000000000            3.9043362141
1982.0000000000            3.9035279751
1983.0000000000            3.9027192593
1984.0000000000            3.9019098282
1985.0000000000            3.9010996819
1986.0000000000            3.9002888203
1987.0000000000            3.8994772434
1988.0000000000            3.8986651897
1989.0000000000            3.8978521824
1990.0000000000            3.8970386982
1991.0000000000            3.8962247372
1992.0000000000            3.8954098225
1993.0000000000            3.8945939541
1994.0000000000            3.8937778473
1995.0000000000            3.8929610252
1996.0000000000            3.8921434879
1997.0000000000            3.8913254738
1998.0000000000            3.8905062675
1999.0000000000            3.8896868229
2000.0000000000            3.8888664246
2001.0000000000            3.8880455494
2002.0000000000            3.8872239590
2003.0000000000            3.8864018917
2004.0000000000            3.8855788708
2005.0000000000            3.8847553730
2006.0000000000            3.8839309216
2007.0000000000            3.8831062317
2008.0000000000            3.8822805882
2009.0000000000            3.8814542294
2010.0000000000            3.8806273937
2011.0000000000            3.8797998428
2012.0000000000            3.8789715767
2013.0000000000            3.8781425953
2014.0000000000            3.8773131371
2015.0000000000            3.8764827251
2016.0000000000            3.8756518364
2017.0000000000            3.8748202324
2018.0000000000            3.8739879131
2019.0000000000            3.8731548786
2020.0000000000            3.8723213673
2021.0000000000            3.8714871407
2022.0000000000            3.8706524372
2023.0000000000            3.8698167801
2024.0000000000            3.8689806461
2025.0000000000            3.8681435585
2026.0000000000            3.8673062325
2027.0000000000            3.8664679527
2028.0000000000            3.8656289577
2029.0000000000            3.8647897243
2030.0000000000            3.8639495373
2031.0000000000            3.8631086349
2032.0000000000            3.8622670174
2033.0000000000            3.8614249229
2034.0000000000            3.8605821133
2035.0000000000            3.8597383499
2036.0000000000            3.8588943481
2037.0000000000            3.8580496311
2038.0000000000            3.8572039604
2039.0000000000            3.8563580513
2040.0000000000            3.8555111885
2041.0000000000            3.8546638489
2042.0000000000            3.8538157940
2043.0000000000            3.8529670238
2044.0000000000            3.8521175385
2045.0000000000            3.8512673378
2046.0000000000            3.8504166603
2047.0000000000            3.8495652676
2048.0000000000            3.8487133980
2049.0000000000            3.8478608131
2050.0000000000            3.8470075130
2051.0000000000            3.8461537361
2052.0000000000            3.8452987671
2053.0000000000            3.8444435596
2054.0000000000            3.8435878754
2055.0000000000            3.8427312374
2056.0000000000            3.8418741226
2057.0000000000            3.8410160542
2058.0000000000            3.8401577473
2059.0000000000            3.8392984867
2060.0000000000            3.8384385109
2061.0000000000            3.8375782967
2062.0000000000            3.8367171288
2063.0000000000            3.8358552456
2064.0000000000            3.8349928856
2065.0000000000            3.8341298103
2066.0000000000            3.8332660198
2067.0000000000            3.8324017525
2068.0000000000            3.8315367699
2069.0000000000            3.8306710720
2070.0000000000            3.8298048973
2071.0000000000            3.8289380074
2072.0000000000            3.8280704021
2073.0000000000            3.8272023201
2074.0000000000            3.8263335228
2075.0000000000            3.8254637718
2076.0000000000            3.8245937824
2077.0000000000            3.8237230778
2078.0000000000            3.8228516579
2079.0000000000            3.8219795227
2080.0000000000            3.8211069107
2081.0000000000            3.8202335835
2082.0000000000            3.8193595409
2083.0000000000            3.8184850216
2084.0000000000            3.8176097870
2085.0000000000            3.8167338371
2086.0000000000            3.8158574104
2087.0000000000            3.8149800301
2088.0000000000            3.8141021729
2089.0000000000            3.8132240772
2090.0000000000            3.8123447895
2091.0000000000            3.8114652634
2092.0000000000            3.8105845451
2093.0000000000            3.8097038269
2094.0000000000            3.8088219166
2095.0000000000            3.8079397678
2096.0000000000            3.8070569038
2097.0000000000            3.8061733246
2098.0000000000            3.8052890301
2099.0000000000            3.8044044971
2100.0000000000            3.8035192490
2101.0000000000            3.8026328087
2102.0000000000            3.8017463684
2103.0000000000            3.8008589745
2104.0000000000            3.7999711037
2105.0000000000            3.7990825176
2106.0000000000            3.7981932163
2107.0000000000            3.7973034382
2108.0000000000            3.7964131832
2109.0000000000            3.7955217361
2110.0000000000            3.7946300507
2111.0000000000            3.7937378883
2112.0000000000            3.7928447723
2113.0000000000            3.7919511795
2114.0000000000            3.7910568714
2115.0000000000            3.7901620865
2116.0000000000            3.7892668247
2117.0000000000            3.7883706093
2118.0000000000            3.7874736786
2119.0000000000            3.7865762711
2120.0000000000            3.7856783867
2121.0000000000            3.7847797871
2122.0000000000            3.7838804722
2123.0000000000            3.7829806805
2124.0000000000            3.7820804119
2125.0000000000            3.7811791897
2126.0000000000            3.7802774906
2127.0000000000            3.7793750763
2128.0000000000            3.7784719467
2129.0000000000            3.7775685787
2130.0000000000            3.7766642570
2131.0000000000            3.7757596970
2132.0000000000            3.7748541832
2133.0000000000            3.7739479542
2134.0000000000            3.7730414867
2135.0000000000            3.7721343040
2136.0000000000            3.7712261677
2137.0000000000            3.7703175545
2138.0000000000            3.7694084644
2139.0000000000            3.7684988976
2140.0000000000            3.7675886154
2141.0000000000            3.7666776180
2142.0000000000            3.7657659054
2143.0000000000            3.7648537159
2144.0000000000            3.7639408112
2145.0000000000            3.7630271912
2146.0000000000            3.7621130943
2147.0000000000            3.7611987591
2148.0000000000            3.7602832317
2149.0000000000            3.7593674660
2150.0000000000            3.7584507465
2151.0000000000            3.7575337887
2152.0000000000            3.7566161156
2153.0000000000            3.7556979656
2154.0000000000            3.7547786236
2155.0000000000            3.7538592815
2156.0000000000            3.7529389858
2157.0000000000            3.7520184517
2158.0000000000            3.7510969639
2159.0000000000            3.7501749992
2160.0000000000            3.7492525578
2161.0000000000            3.7483291626
2162.0000000000            3.7474055290
2163.0000000000            3.7464809418
2164.0000000000            3.7455561161
2165.0000000000            3.7446303368
2166.0000000000            3.7437043190
2167.0000000000            3.7427773476
2168.0000000000            3.7418498993
2169.0000000000            3.7409217358
2170.0000000000            3.7399933338
2171.0000000000            3.7390639782
2172.0000000000            3.7381343842
2173.0000000000            3.7372040749
2174.0000000000            3.7362728119
2175.0000000000            3.7353410721
2176.0000000000            3.7344088554
2177.0000000000            3.7334764004
2178.0000000000            3.7325427532
2179.0000000000            3.7316086292
2180.0000000000            3.7306742668
2181.0000000000            3.7297389507
2182.0000000000            3.7288031578
2183.0000000000            3.7278668880
2184.0000000000            3.7269299030
2185.0000000000            3.7259922028
2186.0000000000            3.7250540257
2187.0000000000            3.7241151333
2188.0000000000            3.7231757641
2189.0000000000            3.7222359180
2190.0000000000            3.7212951183
2191.0000000000            3.7203540802
2192.0000000000            3.7194123268
2193.0000000000            3.7184700966
2194.0000000000            3.7175273895
2195.0000000000            3.7165837288
2196.0000000000            3.7156395912
2197.0000000000            3.7146947384
2198.0000000000            3.7137494087
2199.0000000000            3.7128036022
2200.0000000000            3.7118570805
2201.0000000000            3.7109103203
2202.0000000000            3.7099626064
2203.0000000000            3.7090144157
2204.0000000000            3.7080655098
2205.0000000000            3.7071161270
2206.0000000000            3.7061660290
2207.0000000000            3.7052156925
2208.0000000000            3.7042644024
2209.0000000000            3.7033128738
2210.0000000000            3.7023603916
2211.0000000000            3.7014076710
2212.0000000000            3.7004539967
2213.0000000000            3.6994998455
2214.0000000000            3.6985454559
2215.0000000000            3.6975901127
2216.0000000000            3.6966345310
2217.0000000000            3.6956779957
2218.0000000000            3.6947212219
2219.0000000000            3.6937634945
2220.0000000000            3.6928055286
2221.0000000000            3.6918468475
2222.0000000000            3.6908874512
2223.0000000000            3.6899278164
2224.0000000000            3.6889672279
2225.0000000000            3.6880061626
2226.0000000000            3.6870448589
2227.0000000000            3.6860826015
2228.0000000000            3.6851196289
2229.0000000000            3.6841566563
2230.0000000000            3.6831927299
2231.0000000000            3.6822280884
2232.0000000000            3.6812632084
2233.0000000000            3.6802978516
2234.0000000000            3.6793315411
2235.0000000000            3.6783647537
2236.0000000000            3.6773977280
2237.0000000000            3.6764295101
2238.0000000000            3.6754612923
2239.0000000000            3.6744921207
2240.0000000000            3.6735229492
2241.0000000000            3.6725525856
2242.0000000000            3.6715819836
2243.0000000000            3.6706106663
2244.0000000000            3.6696388721
2245.0000000000            3.6686663628
2246.0000000000            3.6676933765
2247.0000000000            3.6667199135
2248.0000000000            3.6657459736
2249.0000000000            3.6647710800
2250.0000000000            3.6637961864
2251.0000000000            3.6628201008
2252.0000000000            3.6618437767
2253.0000000000            3.6608667374
2254.0000000000            3.6598896980
2255.0000000000            3.6589114666
2256.0000000000            3.6579327583
2257.0000000000            3.6569535732
2258.0000000000            3.6559741497
2259.0000000000            3.6549937725
2260.0000000000            3.6540129185
2261.0000000000            3.6530315876
2262.0000000000            3.6520497799
2263.0000000000            3.6510672569
2264.0000000000            3.6500842571
2265.0000000000            3.6491005421
2266.0000000000            3.6481163502
2267.0000000000            3.6471316814
2268.0000000000            3.6461465359
2269.0000000000            3.6451606750
2270.0000000000            3.6441743374
2271.0000000000            3.6431875229
2272.0000000000            3.6421999931
2273.0000000000            3.6412119865
2274.0000000000            3.6402232647
2275.0000000000            3.6392343044
2276.0000000000            3.6382446289
2277.0000000000            3.6372544765
2278.0000000000            3.6362638474
2279.0000000000            3.6352722645
2280.0000000000            3.6342804432
2281.0000000000            3.6332881451
2282.0000000000            3.6322951317
2283.0000000000            3.6313016415
2284.0000000000            3.6303076744
2285.0000000000            3.6293132305
2286.0000000000            3.6283178329
2287.0000000000            3.6273221970
2288.0000000000            3.6263260841
2289.0000000000            3.6253292561
2290.0000000000            3.6243319511
2291.0000000000            3.6233341694
2292.0000000000            3.6223359108
2293.0000000000            3.6213369370
2294.0000000000            3.6203374863
2295.0000000000            3.6193375587
2296.0000000000            3.6183369160
2297.0000000000            3.6173360348
2298.0000000000            3.6163341999
2299.0000000000            3.6153318882
2300.0000000000            3.6143293381
2301.0000000000            3.6133260727
2302.0000000000            3.6123223305
2303.0000000000            3.6113181114
2304.0000000000            3.6103134155
2305.0000000000            3.6093077660
2306.0000000000            3.6083021164
2307.0000000000            3.6072955132
2308.0000000000            3.6062886715
2309.0000000000            3.6052811146
2310.0000000000            3.6042730808
2311.0000000000            3.6032645702
2312.0000000000            3.6022555828
2313.0000000000            3.6012461185
2314.0000000000            3.6002357006
2315.0000000000            3.5992252827
2316.0000000000            3.5982139111
2317.0000000000            3.5972020626
2318.0000000000            3.5961899757
2319.0000000000            3.5951771736
2320.0000000000            3.5941638947
2321.0000000000            3.5931501389
2322.0000000000            3.5921356678
2323.0000000000            3.5911209583
2324.0000000000            3.5901055336
2325.0000000000            3.5890896320
2326.0000000000            3.5880730152
2327.0000000000            3.5870561600
2328.0000000000            3.5860385895
2329.0000000000            3.5850207806
2330.0000000000            3.5840022564
2331.0000000000            3.5829830170
2332.0000000000            3.5819635391
2333.0000000000            3.5809435844
2334.0000000000            3.5799226761
2335.0000000000            3.5789017677
2336.0000000000            3.5778801441
2337.0000000000            3.5768580437
2338.0000000000            3.5758354664
2339.0000000000            3.5748121738
2340.0000000000            3.5737886429
2341.0000000000            3.5727643967
2342.0000000000            3.5717394352
2343.0000000000            3.5707144737
2344.0000000000            3.5696885586
2345.0000000000            3.5686624050
2346.0000000000            3.5676357746
2347.0000000000            3.5666081905
2348.0000000000            3.5655806065
2349.0000000000            3.5645523071
2350.0000000000            3.5635235310
2351.0000000000            3.5624942780
2352.0000000000            3.5614643097
2353.0000000000            3.5604341030
2354.0000000000            3.5594031811
2355.0000000000            3.5583717823
2356.0000000000            3.5573399067
2357.0000000000            3.5563077927
2358.0000000000            3.5552749634
2359.0000000000            3.5542416573
2360.0000000000            3.5532076359
2361.0000000000            3.5521731377
2362.0000000000            3.5511384010
2363.0000000000            3.5501031876
2364.0000000000            3.5490672588
2365.0000000000            3.5480308533
2366.0000000000            3.5469939709
2367.0000000000            3.5459568501
2368.0000000000            3.5449190140
2369.0000000000            3.5438804626
2370.0000000000            3.5428416729
2371.0000000000            3.5418021679
2372.0000000000            3.5407624245
2373.0000000000            3.5397222042
2374.0000000000            3.5386815071
2375.0000000000            3.5376400948
2376.0000000000            3.5365979671
2377.0000000000            3.5355558395
2378.0000000000            3.5345132351
2379.0000000000            3.5334699154
2380.0000000000            3.5324261189
2381.0000000000            3.5313818455
2382.0000000000            3.5303370953
2383.0000000000            3.5292918682
2384.0000000000            3.5282461643
2385.0000000000            3.5271997452
2386.0000000000            3.5261528492
2387.0000000000            3.5251059532
2388.0000000000            3.5240581036
2389.0000000000            3.5230102539
2390.0000000000            3.5219612122
2391.0000000000            3.5209121704
2392.0000000000            3.5198626518
2393.0000000000            3.5188124180
2394.0000000000            3.5177619457
2395.0000000000            3.5167107582
2396.0000000000            3.5156593323
2397.0000000000            3.5146071911
2398.0000000000            3.5135545731
2399.0000000000            3.5125014782
2400.0000000000            3.5114481449
2401.0000000000            3.5103940964
2402.0000000000            3.5093398094
2403.0000000000            3.5082848072
2404.0000000000            3.5072295666
2405.0000000000            3.5061736107
2406.0000000000            3.5051174164
2407.0000000000            3.5040605068
2408.0000000000            3.5030033588
2409.0000000000            3.5019454956
2410.0000000000            3.5008871555
2411.0000000000            3.4998285770
2412.0000000000            3.4987692833
2413.0000000000            3.4977095127
2414.0000000000            3.4966495037
2415.0000000000            3.4955887794
2416.0000000000            3.4945278168
2417.0000000000            3.4934666157
2418.0000000000            3.4924042225
2419.0000000000            3.4913420677
2420.0000000000            3.4902789593
2421.0000000000            3.4892156124
2422.0000000000            3.4881515503
2423.0000000000            3.4870874882
2424.0000000000            3.4860227108
2425.0000000000            3.4849572182
2426.0000000000            3.4838917255
2427.0000000000            3.4828252792
2428.0000000000            3.4817590714
2429.0000000000            3.4806916714
2430.0000000000            3.4796242714
2431.0000000000            3.4785559177
2432.0000000000            3.4774875641
2433.0000000000            3.4764187336
2434.0000000000            3.4753491879
2435.0000000000            3.4742791653
2436.0000000000            3.4732091427
2437.0000000000            3.4721381664
2438.0000000000            3.4710669518
2439.0000000000            3.4699952602
2440.0000000000            3.4689230919
2441.0000000000            3.4678506851
2442.0000000000            3.4667775631
2443.0000000000            3.4657039642
2444.0000000000            3.4646303654
2445.0000000000            3.4635555744
2446.0000000000            3.4624810219
2447.0000000000            3.4614057541
2448.0000000000            3.4603297710
2449.0000000000            3.4592535496
2450.0000000000            3.4581768513
2451.0000000000            3.4570996761
2452.0000000000            3.4560222626
2453.0000000000            3.4549443722
2454.0000000000            3.4538660049
2455.0000000000            3.4527869225
2456.0000000000            3.4517078400
2457.0000000000            3.4506278038
2458.0000000000            3.4495477676
2459.0000000000            3.4484670162
2460.0000000000            3.4473860264
2461.0000000000            3.4463045597
2462.0000000000            3.4452226162
2463.0000000000            3.4441399574
2464.0000000000            3.4430570602
2465.0000000000            3.4419739246
2466.0000000000            3.4408900738
2467.0000000000            3.4398057461
2468.0000000000            3.4387214184
2469.0000000000            3.4376361370
2470.0000000000            3.4365508556
2471.0000000000            3.4354650974
2472.0000000000            3.4343786240
2473.0000000000            3.4332916737
2474.0000000000            3.4322044849
2475.0000000000            3.4311170578
2476.0000000000            3.4300286770
2477.0000000000            3.4289402962
2478.0000000000            3.4278514385
2479.0000000000            3.4267618656
2480.0000000000            3.4256720543
2481.0000000000            3.4245817661
2482.0000000000            3.4234912395
2483.0000000000            3.4224002361
2484.0000000000            3.4213087559
2485.0000000000            3.4202165604
2486.0000000000            3.4191241264
2487.0000000000            3.4180314541
2488.0000000000            3.4169380665
2489.0000000000            3.4158446789
2490.0000000000            3.4147503376
2491.0000000000            3.4136562347
2492.0000000000            3.4125611782
2493.0000000000            3.4114658833
2494.0000000000            3.4103701115
2495.0000000000            3.4092738628
2496.0000000000            3.4081773758
2497.0000000000            3.4070804119
2498.0000000000            3.4059829712
2499.0000000000            3.4048850536
2500.0000000000            3.4037866592
2501.0000000000            3.4026882648
2502.0000000000            3.4015891552
2503.0000000000            3.4004895687
2504.0000000000            3.3993897438
2505.0000000000            3.3982894421
2506.0000000000            3.3971884251
2507.0000000000            3.3960874081
2508.0000000000            3.3949859142
2509.0000000000            3.3938839436
2510.0000000000            3.3927812576
2511.0000000000            3.3916788101
2512.0000000000            3.3905751705
2513.0000000000            3.3894717693
2514.0000000000            3.3883678913
2515.0000000000            3.3872635365
2516.0000000000            3.3861587048
2517.0000000000            3.3850533962
2518.0000000000            3.3839476109
2519.0000000000            3.3828415871
2520.0000000000            3.3817350864
2521.0000000000            3.3806283474
2522.0000000000            3.3795211315
2523.0000000000            3.3784134388
2524.0000000000            3.3773052692
2525.0000000000            3.3761968613
2526.0000000000            3.3750879765
2527.0000000000            3.3739788532
2528.0000000000            3.3728692532
2529.0000000000            3.3717591763
2530.0000000000            3.3706486225
2531.0000000000            3.3695378304
2532.0000000000            3.3684265614
2533.0000000000            3.3673148155
2534.0000000000            3.3662028313
2535.0000000000            3.3650903702
2536.0000000000            3.3639776707
2537.0000000000            3.3628644943
2538.0000000000            3.3617510796
2539.0000000000            3.3606369495
2540.0000000000            3.3595223427
2541.0000000000            3.3584077358
2542.0000000000            3.3572926521
2543.0000000000            3.3561770916
2544.0000000000            3.3550610542
2545.0000000000            3.3539450169
2546.0000000000            3.3528280258
2547.0000000000            3.3517110348
2548.0000000000            3.3505935669
2549.0000000000            3.3494756222
2550.0000000000            3.3483576775
2551.0000000000            3.3472387791
2552.0000000000            3.3461198807
2553.0000000000            3.3450005054
2554.0000000000            3.3438806534
2555.0000000000            3.3427608013
2556.0000000000            3.3416399956
2557.0000000000            3.3405191898
2558.0000000000            3.3393979073
2559.0000000000            3.3382761478
2560.0000000000            3.3371539116
2561.0000000000            3.3360319138
2562.0000000000            3.3349089622
2563.0000000000            3.3337857723
2564.0000000000            3.3326623440
2565.0000000000            3.3315384388
2566.0000000000            3.3304140568
2567.0000000000            3.3292894363
2568.0000000000            3.3281645775
2569.0000000000            3.3270390034
2570.0000000000            3.3259134293
2571.0000000000            3.3247869015
2572.0000000000            3.3236606121
2573.0000000000            3.3225336075
2574.0000000000            3.3214066029
2575.0000000000            3.3202791214
2576.0000000000            3.3191511631
2577.0000000000            3.3180224895
2578.0000000000            3.3168940544
2579.0000000000            3.3157646656
2580.0000000000            3.3146355152
2581.0000000000            3.3135056496
2582.0000000000            3.3123755455
2583.0000000000            3.3112452030
2584.0000000000            3.3101143837
2585.0000000000            3.3089828491
2586.0000000000            3.3078515530
2587.0000000000            3.3067193031
2588.0000000000            3.3055870533
2589.0000000000            3.3044545650
2590.0000000000            3.3033216000
2591.0000000000            3.3021879196
2592.0000000000            3.3010542393
2593.0000000000            3.2999203205
2594.0000000000            3.2987856865
2595.0000000000            3.2976512909
2596.0000000000            3.2965159416
2597.0000000000            3.2953803539
2598.0000000000            3.2942445278
2599.0000000000            3.2931082249
2600.0000000000            3.2919719219
2601.0000000000            3.2908349037
2602.0000000000            3.2896978855
2603.0000000000            3.2885601521
2604.0000000000            3.2874224186
2605.0000000000            3.2862839699
2606.0000000000            3.2851455212
2607.0000000000            3.2840065956
2608.0000000000            3.2828671932
2609.0000000000            3.2817275524
2610.0000000000            3.2805874348
2611.0000000000            3.2794470787
2612.0000000000            3.2783064842
2613.0000000000            3.2771656513
2614.0000000000            3.2760241032
2615.0000000000            3.2748825550
2616.0000000000            3.2737405300
2617.0000000000            3.2725980282
2618.0000000000            3.2714555264
2619.0000000000            3.2703123093
2620.0000000000            3.2691688538
2621.0000000000            3.2680253983
2622.0000000000            3.2668812275
2623.0000000000            3.2657368183
2624.0000000000            3.2645921707
2625.0000000000            3.2634470463
2626.0000000000            3.2623016834
2627.0000000000            3.2611558437
2628.0000000000            3.2600100040
2629.0000000000            3.2588636875
2630.0000000000            3.2577168941
2631.0000000000            3.2565698624
2632.0000000000            3.2554225922
2633.0000000000            3.2542748451
2634.0000000000            3.2531268597
2635.0000000000            3.2519786358
2636.0000000000            3.2508299351
2637.0000000000            3.2496807575
2638.0000000000            3.2485315800
2639.0000000000            3.2473821640
2640.0000000000            3.2462320328
2641.0000000000            3.2450819016
2642.0000000000            3.2439315319
2643.0000000000            3.2427804470
2644.0000000000            3.2416293621
2645.0000000000            3.2404778004
2646.0000000000            3.2393257618
2647.0000000000            3.2381737232
2648.0000000000            3.2370214462
2649.0000000000            3.2358684540
2650.0000000000            3.2347154617
2651.0000000000            3.2335619926
2652.0000000000            3.2324080467
2653.0000000000            3.2312541008
2654.0000000000            3.2300999165
2655.0000000000            3.2289450169
2656.0000000000            3.2277901173
2657.0000000000            3.2266349792
2658.0000000000            3.2254793644
2659.0000000000            3.2243235111
2660.0000000000            3.2231674194
2661.0000000000            3.2220106125
2662.0000000000            3.2208538055
2663.0000000000            3.2196967602
2664.0000000000            3.2185392380
2665.0000000000            3.2173814774
2666.0000000000            3.2162237167
2667.0000000000            3.2150652409
2668.0000000000            3.2139065266
2669.0000000000            3.2127475739
2670.0000000000            3.2115886211
2671.0000000000            3.2104289532
2672.0000000000            3.2092690468
2673.0000000000            3.2081089020
2674.0000000000            3.2069482803
2675.0000000000            3.2057876587
2676.0000000000            3.2046267986
2677.0000000000            3.2034652233
2678.0000000000            3.2023036480
2679.0000000000            3.2011418343
2680.0000000000            3.1999795437
2681.0000000000            3.1988170147
2682.0000000000            3.1976542473
2683.0000000000            3.1964914799
2684.0000000000            3.1953279972
2685.0000000000            3.1941642761
2686.0000000000            3.1930005550
2687.0000000000            3.1918363571
2688.0000000000            3.1906716824
2689.0000000000            3.1895067692
2690.0000000000            3.1883418560
2691.0000000000            3.1871764660
2692.0000000000            3.1860108376
2693.0000000000            3.1848447323
2694.0000000000            3.1836783886
2695.0000000000            3.1825120449
2696.0000000000            3.1813452244
2697.0000000000            3.1801781654
2698.0000000000            3.1790108681
2699.0000000000            3.1778433323
2700.0000000000            3.1766755581
2701.0000000000            3.1755073071
2702.0000000000            3.1743388176
2703.0000000000            3.1731698513
2704.0000000000            3.1720011234
2705.0000000000            3.1708319187
2706.0000000000            3.1696619987
2707.0000000000            3.1684923172
2708.0000000000            3.1673221588
2709.0000000000            3.1661520004
2710.0000000000            3.1649811268
2711.0000000000            3.1638102531
2712.0000000000            3.1626391411
2713.0000000000            3.1614677906
2714.0000000000            3.1602959633
2715.0000000000            3.1591238976
2716.0000000000            3.1579515934
2717.0000000000            3.1567792892
2718.0000000000            3.1556062698
2719.0000000000            3.1544332504
2720.0000000000            3.1532599926
2721.0000000000            3.1520864964
2722.0000000000            3.1509125233
2723.0000000000            3.1497385502
2724.0000000000            3.1485641003
2725.0000000000            3.1473894119
2726.0000000000            3.1462144852
2727.0000000000            3.1450393200
2728.0000000000            3.1438641548
2729.0000000000            3.1426882744
2730.0000000000            3.1415123940
2731.0000000000            3.1403362751
2732.0000000000            3.1391599178
2733.0000000000            3.1379830837
2734.0000000000            3.1368062496
2735.0000000000            3.1356291771
2736.0000000000            3.1344518661
2737.0000000000            3.1332740784
2738.0000000000            3.1320960522
2739.0000000000            3.1309180260
2740.0000000000            3.1297392845
2741.0000000000            3.1285605431
2742.0000000000            3.1273818016
2743.0000000000            3.1262025833
2744.0000000000            3.1250231266
2745.0000000000            3.1238431931
2746.0000000000            3.1226637363
2747.0000000000            3.1214833260
2748.0000000000            3.1203026772
2749.0000000000            3.1191222668
2750.0000000000            3.1179411411
2751.0000000000            3.1167600155
2752.0000000000            3.1155788898
2753.0000000000            3.1143972874
2754.0000000000            3.1132154465
2755.0000000000            3.1120331287
2756.0000000000            3.1108508110
2757.0000000000            3.1096682549
2758.0000000000            3.1084854603
2759.0000000000            3.1073021889
2760.0000000000            3.1061191559
2761.0000000000            3.1049356461
2762.0000000000            3.1037518978
2763.0000000000            3.1025679111
2764.0000000000            3.1013836861
2765.0000000000            3.1001994610
2766.0000000000            3.0990147591
2767.0000000000            3.0978295803
2768.0000000000            3.0966446400
2769.0000000000            3.0954592228
2770.0000000000            3.0942735672
2771.0000000000            3.0930879116
2772.0000000000            3.0919015408
2773.0000000000            3.0907156467
2774.0000000000            3.0895290375
2775.0000000000            3.0883424282
2776.0000000000            3.0871555805
2777.0000000000            3.0859682560
2778.0000000000            3.0847809315
2779.0000000000            3.0835933685
2780.0000000000            3.0824055672
2781.0000000000            3.0812172890
2782.0000000000            3.0800290108
2783.0000000000            3.0788404942
2784.0000000000            3.0776519775
2785.0000000000            3.0764629841
2786.0000000000            3.0752739906
2787.0000000000            3.0740845203
2788.0000000000            3.0728950500
2789.0000000000            3.0717053413
2790.0000000000            3.0705151558
2791.0000000000            3.0693252087
2792.0000000000            3.0681347847
2793.0000000000            3.0669438839
2794.0000000000            3.0657532215
2795.0000000000            3.0645620823
2796.0000000000            3.0633711815
2797.0000000000            3.0621793270
2798.0000000000            3.0609879494
2799.0000000000            3.0597960949
2800.0000000000            3.0586040020
2801.0000000000            3.0574116707
2802.0000000000            3.0562193394
2803.0000000000            3.0550265312
2804.0000000000            3.0538337231
2805.0000000000            3.0526404381
2806.0000000000            3.0514471531
2807.0000000000            3.0502538681
2808.0000000000            3.0490601063
2809.0000000000            3.0478663445
2810.0000000000            3.0466721058
2811.0000000000            3.0454778671
2812.0000000000            3.0442833900
2813.0000000000            3.0430889130
2814.0000000000            3.0418939590
2815.0000000000            3.0406987667
2816.0000000000            3.0395035744
2817.0000000000            3.0383081436
2818.0000000000            3.0371127129
2819.0000000000            3.0359168053
2820.0000000000            3.0347206593
2821.0000000000            3.0335245132
2822.0000000000            3.0323281288
2823.0000000000            3.0311312675
2824.0000000000            3.0299346447
2825.0000000000            3.0287377834
2826.0000000000            3.0275406837
2827.0000000000            3.0263433456
2828.0000000000            3.0251460075
2829.0000000000            3.0239481926
2830.0000000000            3.0227501392
2831.0000000000            3.0215520859
2832.0000000000            3.0203537941
2833.0000000000            3.0191555023
2834.0000000000            3.0179567337
2835.0000000000            3.0167579651
2836.0000000000            3.0155591965
2837.0000000000            3.0143601894
2838.0000000000            3.0131607056
2839.0000000000            3.0119612217
2840.0000000000            3.0107614994
2841.0000000000            3.0095615387
2842.0000000000            3.0083615780
2843.0000000000            3.0071613789
2844.0000000000            3.0059611797
2845.0000000000            3.0047605038
2846.0000000000            3.0035600662
2847.0000000000            3.0023591518
2848.0000000000            3.0011579990
2849.0000000000            2.9999566078
2850.0000000000            2.9987554550
2851.0000000000            2.9975535870
2852.0000000000            2.9963521957
2853.0000000000            2.9951503277
2854.0000000000            2.9939482212
2855.0000000000            2.9927458763
2856.0000000000            2.9915435314
2857.0000000000            2.9903409481
2858.0000000000            2.9891381264
2859.0000000000            2.9879353046
2860.0000000000            2.9867322445
2861.0000000000            2.9855291843
2862.0000000000            2.9843258858
2863.0000000000            2.9831223488
2864.0000000000            2.9819185734
2865.0000000000            2.9807147980
2866.0000000000            2.9795107841
2867.0000000000            2.9783067703
2868.0000000000            2.9771022797
2869.0000000000            2.9758980274
2870.0000000000            2.9746932983
2871.0000000000            2.9734885693
2872.0000000000            2.9722838402
2873.0000000000            2.9710788727
2874.0000000000            2.9698734283
2875.0000000000            2.9686682224
2876.0000000000            2.9674625397
2877.0000000000            2.9662568569
2878.0000000000            2.9650511742
2879.0000000000            2.9638452530
2880.0000000000            2.9626393318
2881.0000000000            2.9614329338
2882.0000000000            2.9602265358
2883.0000000000            2.9590201378
2884.0000000000            2.9578135014
2885.0000000000            2.9566066265
2886.0000000000            2.9553997517
2887.0000000000            2.9541924000
2888.0000000000            2.9529852867
2889.0000000000            2.9517779350
2890.0000000000            2.9505703449
2891.0000000000            2.9493629932
2892.0000000000            2.9481549263
2893.0000000000            2.9469470978
2894.0000000000            2.9457390308
2895.0000000000            2.9445307255
2896.0000000000            2.9433226585
2897.0000000000            2.9421141148
2898.0000000000            2.9409055710
2899.0000000000            2.9396967888
2900.0000000000            2.9384880066
2901.0000000000            2.9372792244
2902.0000000000            2.9360699654
2903.0000000000            2.9348604679
2904.0000000000            2.9336514473
2905.0000000000            2.9324419498
2906.0000000000            2.9312322140
2907.0000000000            2.9300224781
2908.0000000000            2.9288125038
2909.0000000000            2.9276025295
2910.0000000000            2.9263925552
2911.0000000000            2.9251823425
2912.0000000000            2.9239718914
2913.0000000000            2.9227614403
2914.0000000000            2.9215507507
2915.0000000000            2.9203400612
2916.0000000000            2.9191293716
2917.0000000000            2.9179182053
2918.0000000000            2.9167072773
2919.0000000000            2.9154958725
2920.0000000000            2.9142844677
2921.0000000000            2.9130733013
2922.0000000000            2.9118614197
2923.0000000000            2.9106497765
2924.0000000000            2.9094381332
2925.0000000000            2.9082264900
2926.0000000000            2.9070146084
2927.0000000000            2.9058022499
2928.0000000000            2.9045898914
2929.0000000000            2.9033775330
2930.0000000000            2.9021651745
2931.0000000000            2.9009525776
2932.0000000000            2.8997399807
2933.0000000000            2.8985273838
2934.0000000000            2.8973145485
2935.0000000000            2.8961014748
2936.0000000000            2.8948881626
2937.0000000000            2.8936753273
2938.0000000000            2.8924620152
2939.0000000000            2.8912484646
2940.0000000000            2.8900351524
2941.0000000000            2.8888216019
2942.0000000000            2.8876078129
2943.0000000000            2.8863940239
2944.0000000000            2.8851802349
2945.0000000000            2.8839659691
2946.0000000000            2.8827521801
2947.0000000000            2.8815379143
2948.0000000000            2.8803236485
2949.0000000000            2.8791091442
2950.0000000000            2.8778948784
2951.0000000000            2.8766803741
2952.0000000000            2.8754656315
2953.0000000000            2.8742511272
2954.0000000000            2.8730361462
2955.0000000000            2.8718209267
2956.0000000000            2.8706061840
2957.0000000000            2.8693909645
2958.0000000000            2.8681757450
2959.0000000000            2.8669607639
2960.0000000000            2.8657453060
2961.0000000000            2.8645298481
2962.0000000000            2.8633141518
2963.0000000000            2.8620986938
2964.0000000000            2.8608829975
2965.0000000000            2.8596670628
2966.0000000000            2.8584513664
2967.0000000000            2.8572356701
2968.0000000000            2.8560194969
2969.0000000000            2.8548033237
2970.0000000000            2.8535871506
2971.0000000000            2.8523712158
2972.0000000000            2.8511545658
2973.0000000000            2.8499381542
2974.0000000000            2.8487217426
2975.0000000000            2.8475050926
2976.0000000000            2.8462886810
2977.0000000000            2.8450717926
2978.0000000000            2.8438551426
2979.0000000000            2.8426382542
2980.0000000000            2.8414213657
2981.0000000000            2.8402042389
2982.0000000000            2.8389871120
2983.0000000000            2.8377699852
2984.0000000000            2.8365530968
2985.0000000000            2.8353357315
2986.0000000000            2.8341183662
2987.0000000000            2.8329007626
2988.0000000000            2.8316833973
2989.0000000000            2.8304657936
2990.0000000000            2.8292484283
2991.0000000000            2.8280305862
2992.0000000000            2.8268129826
2993.0000000000            2.8255949020
2994.0000000000            2.8243772984
2995.0000000000            2.8231592178
2996.0000000000            2.8219411373
2997.0000000000            2.8207232952
2998.0000000000            2.8195052147
2999.0000000000            2.8182871342
3000.0000000000            2.8170688152
3001.0000000000            2.8158504963
3002.0000000000            2.8146321774
3003.0000000000            2.8134138584
3004.0000000000            2.8121955395
3005.0000000000            2.8109767437
3006.0000000000            2.8097584248
3007.0000000000            2.8085398674
3008.0000000000            2.8073210716
3009.0000000000            2.8061025143
3010.0000000000            2.8048839569
3011.0000000000            2.8036649227
3012.0000000000            2.8024463654
3013.0000000000            2.8012273312
3014.0000000000            2.8000082970
3015.0000000000            2.7987892628
3016.0000000000            2.7975704670
3017.0000000000            2.7963514328
3018.0000000000            2.7951323986
3019.0000000000            2.7939131260
3020.0000000000            2.7926938534
3021.0000000000            2.7914745808
3022.0000000000            2.7902555466
3023.0000000000            2.7890360355
3024.0000000000            2.7878167629
3025.0000000000            2.7865974903
3026.0000000000            2.7853782177
3027.0000000000            2.7841584682
3028.0000000000            2.7829389572
3029.0000000000            2.7817196846
3030.0000000000            2.7804999352
3031.0000000000            2.7792804241
3032.0000000000            2.7780609131
3033.0000000000            2.7768409252
3034.0000000000            2.7756211758
3035.0000000000            2.7744016647
3036.0000000000            2.7731816769
3037.0000000000            2.7719621658
3038.0000000000            2.7707421780
3039.0000000000            2.7695221901
3040.0000000000            2.7683024406
3041.0000000000            2.7670824528
3042.0000000000            2.7658624649
3043.0000000000            2.7646427155
3044.0000000000            2.7634227276
3045.0000000000            2.7622027397
3046.0000000000            2.7609825134
3047.0000000000            2.7597625256
3048.0000000000            2.7585422993
3049.0000000000            2.7573225498
3050.0000000000            2.7561020851
3051.0000000000            2.7548823357
3052.0000000000            2.7536621094
3053.0000000000            2.7524418831
3054.0000000000            2.7512216568
3055.0000000000            2.7500011921
3056.0000000000            2.7487809658
3057.0000000000            2.7475607395
3058.0000000000            2.7463405132
3059.0000000000            2.7451202869
3060.0000000000            2.7439000607
3061.0000000000            2.7426798344
3062.0000000000            2.7414596081
3063.0000000000            2.7402393818
3064.0000000000            2.7390189171
3065.0000000000            2.7377986908
3066.0000000000            2.7365784645
3067.0000000000            2.7353577614
3068.0000000000            2.7341375351
3069.0000000000            2.7329173088
3070.0000000000            2.7316968441
3071.0000000000            2.7304766178
3072.0000000000            2.7292559147
3073.0000000000            2.7280356884
3074.0000000000            2.7268154621
3075.0000000000            2.7255949974
3076.0000000000            2.7243747711
3077.0000000000            2.7231540680
3078.0000000000            2.7219338417
3079.0000000000            2.7207133770
3080.0000000000            2.7194931507
3081.0000000000            2.7182724476
3082.0000000000            2.7170522213
3083.0000000000            2.7158317566
3084.0000000000            2.7146115303
3085.0000000000            2.7133913040
3086.0000000000            2.7121706009
3087.0000000000            2.7109503746
3088.0000000000            2.7097299099
3089.0000000000            2.7085096836
3090.0000000000            2.7072894573
3091.0000000000            2.7060692310
3092.0000000000            2.7048485279
3093.0000000000            2.7036283016
3094.0000000000            2.7024080753
3095.0000000000            2.7011878490
3096.0000000000            2.6999676228
3097.0000000000            2.6987473965
3098.0000000000            2.6975271702
3099.0000000000            2.6963069439
3100.0000000000            2.6950867176
3101.0000000000            2.6938664913
3102.0000000000            2.6926462650
3103.0000000000            2.6914260387
3104.0000000000            2.6902060509
3105.0000000000            2.6889858246
3106.0000000000            2.6877658367
3107.0000000000            2.6865456104
3108.0000000000            2.6853256226
3109.0000000000            2.6841053963
3110.0000000000            2.6828856468
3111.0000000000            2.6816656590
3112.0000000000            2.6804456711
3113.0000000000            2.6792259216
3114.0000000000            2.6780059338
3115.0000000000            2.6767859459
3116.0000000000            2.6755659580
3117.0000000000            2.6743462086
3118.0000000000            2.6731264591
3119.0000000000            2.6719064713
3120.0000000000            2.6706869602
3121.0000000000            2.6694669724
3122.0000000000            2.6682474613
3123.0000000000            2.6670279503
3124.0000000000            2.6658082008
3125.0000000000            2.6645886898
3126.0000000000            2.6633689404
3127.0000000000            2.6621494293
3128.0000000000            2.6609301567
3129.0000000000            2.6597106457
3130.0000000000            2.6584911346
3131.0000000000            2.6572718620
3132.0000000000            2.6560525894
3133.0000000000            2.6548333168
3134.0000000000            2.6536140442
3135.0000000000            2.6523947716
3136.0000000000            2.6511757374
3137.0000000000            2.6499564648
3138.0000000000            2.6487374306
3139.0000000000            2.6475181580
3140.0000000000            2.6462993622
3141.0000000000            2.6450803280
3142.0000000000            2.6438615322
3143.0000000000            2.6426427364
3144.0000000000            2.6414239407
3145.0000000000            2.6402051449
3146.0000000000            2.6389863491
3147.0000000000            2.6377675533
3148.0000000000            2.6365492344
3149.0000000000            2.6353304386
3150.0000000000            2.6341118813
3151.0000000000            2.6328935623
3152.0000000000            2.6316752434
3153.0000000000            2.6304566860
3154.0000000000            2.6292383671
3155.0000000000            2.6280202866
3156.0000000000            2.6268019676
3157.0000000000            2.6255838871
3158.0000000000            2.6243658066
3159.0000000000            2.6231477261
3160.0000000000            2.6219298840
3161.0000000000            2.6207118034
3162.0000000000            2.6194941998
3163.0000000000            2.6182763577
3164.0000000000            2.6170585155
3165.0000000000            2.6158409119
3166.0000000000            2.6146233082
3167.0000000000            2.6134057045
3168.0000000000            2.6121883392
3169.0000000000            2.6109709740
3170.0000000000            2.6097533703
3171.0000000000            2.6085362434
3172.0000000000            2.6073191166
3173.0000000000            2.6061019897
3174.0000000000            2.6048848629
3175.0000000000            2.6036677361
3176.0000000000            2.6024508476
3177.0000000000            2.6012339592
3178.0000000000            2.6000173092
3179.0000000000            2.5988004208
3180.0000000000            2.5975840092
3181.0000000000            2.5963673592
3182.0000000000            2.5951507092
3183.0000000000            2.5939342976
3184.0000000000            2.5927181244
3185.0000000000            2.5915017128
3186.0000000000            2.5902855396
3187.0000000000            2.5890693665
3188.0000000000            2.5878534317
3189.0000000000            2.5866374969
3190.0000000000            2.5854215622
3191.0000000000            2.5842056274
3192.0000000000            2.5829899311
3193.0000000000            2.5817742348
3194.0000000000            2.5805587769
3195.0000000000            2.5793433189
3196.0000000000            2.5781278610
3197.0000000000            2.5769124031
3198.0000000000            2.5756974220
3199.0000000000            2.5744822025
3200.0000000000            2.5732669830
3201.0000000000            2.5720520020
3202.0000000000            2.5708370209
3203.0000000000            2.5696222782
3204.0000000000            2.5684075356
3205.0000000000            2.5671930313
3206.0000000000            2.5659782887
3207.0000000000            2.5647640228
3208.0000000000            2.5635495186
3209.0000000000            2.5623354912
3210.0000000000            2.5611212254
3211.0000000000            2.5599071980
3212.0000000000            2.5586931705
3213.0000000000            2.5574791431
3214.0000000000            2.5562653542
3215.0000000000            2.5550518036
3216.0000000000            2.5538380146
3217.0000000000            2.5526247025
3218.0000000000            2.5514113903
3219.0000000000            2.5501978397
3220.0000000000            2.5489847660
3221.0000000000            2.5477716923
3222.0000000000            2.5465586185
3223.0000000000            2.5453457832
3224.0000000000            2.5441329479
3225.0000000000            2.5429201126
3226.0000000000            2.5417075157
3227.0000000000            2.5404951572
3228.0000000000            2.5392825603
3229.0000000000            2.5380704403
3230.0000000000            2.5368580818
3231.0000000000            2.5356462002
3232.0000000000            2.5344340801
3233.0000000000            2.5332224369
3234.0000000000            2.5320107937
3235.0000000000            2.5307989120
3236.0000000000            2.5295875072
3237.0000000000            2.5283758640
3238.0000000000            2.5271646976
3239.0000000000            2.5259535313
3240.0000000000            2.5247426033
3241.0000000000            2.5235314369
3242.0000000000            2.5223205090
3243.0000000000            2.5211098194
3244.0000000000            2.5198993683
3245.0000000000            2.5186886787
3246.0000000000            2.5174782276
3247.0000000000            2.5162680149
3248.0000000000            2.5150580406
3249.0000000000            2.5138478279
3250.0000000000            2.5126380920
3251.0000000000            2.5114281178
3252.0000000000            2.5102186203
3253.0000000000            2.5090088844
3254.0000000000            2.5077996254
3255.0000000000            2.5065901279
3256.0000000000            2.5053811073
3257.0000000000            2.5041720867
3258.0000000000            2.5029630661
3259.0000000000            2.5017542839
3260.0000000000            2.5005457401
3261.0000000000            2.4993369579
3262.0000000000            2.4981286526
3263.0000000000            2.4969203472
3264.0000000000            2.4957120419
3265.0000000000            2.4945039749
3266.0000000000            2.4932961464
3267.0000000000            2.4920885563
3268.0000000000            2.4908807278
3269.0000000000            2.4896731377
3270.0000000000            2.4884657860
3271.0000000000            2.4872586727
3272.0000000000            2.4860515594
3273.0000000000            2.4848444462
3274.0000000000            2.4836378098
3275.0000000000            2.4824309349
3276.0000000000            2.4812242985
3277.0000000000            2.4800179005
3278.0000000000            2.4788115025
3279.0000000000            2.4776055813
3280.0000000000            2.4763994217
3281.0000000000            2.4751935005
3282.0000000000            2.4739878178
3283.0000000000            2.4727823734
3284.0000000000            2.4715766907
3285.0000000000            2.4703714848
3286.0000000000            2.4691662788
3287.0000000000            2.4679613113
3288.0000000000            2.4667563438
3289.0000000000            2.4655516148
3290.0000000000            2.4643468857
3291.0000000000            2.4631426334
3292.0000000000            2.4619383812
3293.0000000000            2.4607341290
3294.0000000000            2.4595301151
3295.0000000000            2.4583263397
3296.0000000000            2.4571225643
3297.0000000000            2.4559190273
3298.0000000000            2.4547154903
3299.0000000000            2.4535124302
3300.0000000000            2.4523091316
3301.0000000000            2.4511063099
3302.0000000000            2.4499034882
3303.0000000000            2.4487009048
3304.0000000000            2.4474983215
3305.0000000000            2.4462959766
3306.0000000000            2.4450938702
3307.0000000000            2.4438917637
3308.0000000000            2.4426901340
3309.0000000000            2.4414882660
3310.0000000000            2.4402868748
3311.0000000000            2.4390852451
3312.0000000000            2.4378840923
3313.0000000000            2.4366829395
3314.0000000000            2.4354822636
3315.0000000000            2.4342813492
3316.0000000000            2.4330809116
3317.0000000000            2.4318804741
3318.0000000000            2.4306802750
3319.0000000000            2.4294800758
3320.0000000000            2.4282801151
3321.0000000000            2.4270803928
3322.0000000000            2.4258806705
3323.0000000000            2.4246811867
3324.0000000000            2.4234821796
3325.0000000000            2.4222829342
3326.0000000000            2.4210839272
3327.0000000000            2.4198853970
3328.0000000000            2.4186866283
3329.0000000000            2.4174883366
3330.0000000000            2.4162900448
3331.0000000000            2.4150919914
3332.0000000000            2.4138939381
3333.0000000000            2.4126963615
3334.0000000000            2.4114987850
3335.0000000000            2.4103014469
3336.0000000000            2.4091043472
3337.0000000000            2.4079072475
3338.0000000000            2.4067101479
3339.0000000000            2.4055135250
3340.0000000000            2.4043171406
3341.0000000000            2.4031209946
3342.0000000000            2.4019246101
3343.0000000000            2.4007287025
3344.0000000000            2.3995330334
3345.0000000000            2.3983373642
3346.0000000000            2.3971419334
3347.0000000000            2.3959467411
3348.0000000000            2.3947515488
3349.0000000000            2.3935568333
3350.0000000000            2.3923621178
3351.0000000000            2.3911674023
3352.0000000000            2.3899731636
3353.0000000000            2.3887789249
3354.0000000000            2.3875851631
3355.0000000000            2.3863914013
3356.0000000000            2.3851978779
3357.0000000000            2.3840043545
3358.0000000000            2.3828113079
3359.0000000000            2.3816180229
3360.0000000000            2.3804252148
3361.0000000000            2.3792326450
3362.0000000000            2.3780403137
3363.0000000000            2.3768479824
3364.0000000000            2.3756558895
3365.0000000000            2.3744640350
3366.0000000000            2.3732724190
3367.0000000000            2.3720808029
3368.0000000000            2.3708896637
3369.0000000000            2.3696985245
3370.0000000000            2.3685076237
3371.0000000000            2.3673169613
3372.0000000000            2.3661262989
3373.0000000000            2.3649361134
3374.0000000000            2.3637459278
3375.0000000000            2.3625559807
3376.0000000000            2.3613665104
3377.0000000000            2.3601768017
3378.0000000000            2.3589875698
3379.0000000000            2.3577985764
3380.0000000000            2.3566095829
3381.0000000000            2.3554208279
3382.0000000000            2.3542323112
3383.0000000000            2.3530440331
3384.0000000000            2.3518559933
3385.0000000000            2.3506679535
3386.0000000000            2.3494803905
3387.0000000000            2.3482928276
3388.0000000000            2.3471057415
3389.0000000000            2.3459184170
3390.0000000000            2.3447318077
3391.0000000000            2.3435451984
3392.0000000000            2.3423585892
3393.0000000000            2.3411724567
3394.0000000000            2.3399863243
3395.0000000000            2.3388006687
3396.0000000000            2.3376150131
3397.0000000000            2.3364295959
3398.0000000000            2.3352444172
3399.0000000000            2.3340594769
3400.0000000000            2.3328745365
3401.0000000000            2.3316900730
3402.0000000000            2.3305058479
3403.0000000000            2.3293218613
3404.0000000000            2.3281378746
3405.0000000000            2.3269541264
3406.0000000000            2.3257706165
3407.0000000000            2.3245875835
3408.0000000000            2.3234043121
3409.0000000000            2.3222217560
3410.0000000000            2.3210389614
3411.0000000000            2.3198566437
3412.0000000000            2.3186745644
3413.0000000000            2.3174927235
3414.0000000000            2.3163108826
3415.0000000000            2.3151295185
3416.0000000000            2.3139481544
3417.0000000000            2.3127670288
3418.0000000000            2.3115863800
3419.0000000000            2.3104057312
3420.0000000000            2.3092253208
3421.0000000000            2.3080451488
3422.0000000000            2.3068652153
3423.0000000000            2.3056857586
3424.0000000000            2.3045060635
3425.0000000000            2.3033270836
3426.0000000000            2.3021481037
3427.0000000000            2.3009693623
3428.0000000000            2.2997908592
3429.0000000000            2.2986123562
3430.0000000000            2.2974343300
3431.0000000000            2.2962565422
3432.0000000000            2.2950789928
3433.0000000000            2.2939014435
3434.0000000000            2.2927243710
3435.0000000000            2.2915475368
3436.0000000000            2.2903707027
3437.0000000000            2.2891943455
3438.0000000000            2.2880182266
3439.0000000000            2.2868421078
3440.0000000000            2.2856664658
3441.0000000000            2.2844908237
3442.0000000000            2.2833156586
3443.0000000000            2.2821404934
3444.0000000000            2.2809658051
3445.0000000000            2.2797913551
3446.0000000000            2.2786171436
3447.0000000000            2.2774429321
3448.0000000000            2.2762689590
3449.0000000000            2.2750957012
3450.0000000000            2.2739222050
3451.0000000000            2.2727491856
3452.0000000000            2.2715761662
3453.0000000000            2.2704036236
3454.0000000000            2.2692313194
3455.0000000000            2.2680592537
3456.0000000000            2.2668871880
3457.0000000000            2.2657158375
3458.0000000000            2.2645442486
3459.0000000000            2.2633731365
3460.0000000000            2.2622022629
3461.0000000000            2.2610316277
3462.0000000000            2.2598612309
3463.0000000000            2.2586910725
3464.0000000000            2.2575211525
3465.0000000000            2.2563514709
3466.0000000000            2.2551820278
3467.0000000000            2.2540130615
3468.0000000000            2.2528443336
3469.0000000000            2.2516756058
3470.0000000000            2.2505071163
3471.0000000000            2.2493388653
3472.0000000000            2.2481710911
3473.0000000000            2.2470035553
3474.0000000000            2.2458362579
3475.0000000000            2.2446689606
3476.0000000000            2.2435023785
3477.0000000000            2.2423355579
3478.0000000000            2.2411692142
3479.0000000000            2.2400031090
3480.0000000000            2.2388372421
3481.0000000000            2.2376718521
3482.0000000000            2.2365067005
3483.0000000000            2.2353415489
3484.0000000000            2.2341766357
3485.0000000000            2.2330121994
3486.0000000000            2.2318480015
3487.0000000000            2.2306838036
3488.0000000000            2.2295203209
3489.0000000000            2.2283568382
3490.0000000000            2.2271935940
3491.0000000000            2.2260305882
3492.0000000000            2.2248680592
3493.0000000000            2.2237055302
3494.0000000000            2.2225432396
3495.0000000000            2.2213814259
3496.0000000000            2.2202198505
3497.0000000000            2.2190585136
3498.0000000000            2.2178974152
3499.0000000000            2.2167365551
3500.0000000000            2.2155761719
3501.0000000000            2.2144157887
3502.0000000000            2.2132558823
3503.0000000000            2.2120959759
3504.0000000000            2.2109367847
3505.0000000000            2.2097775936
3506.0000000000            2.2086186409
3507.0000000000            2.2074599266
3508.0000000000            2.2063016891
3509.0000000000            2.2051434517
3510.0000000000            2.2039856911
3511.0000000000            2.2028281689
3512.0000000000            2.2016708851
3513.0000000000            2.2005138397
3514.0000000000            2.1993570328
3515.0000000000            2.1982007027
3516.0000000000            2.1970446110
3517.0000000000            2.1958887577
3518.0000000000            2.1947331429
3519.0000000000            2.1935780048
3520.0000000000            2.1924228668
3521.0000000000            2.1912682056
3522.0000000000            2.1901135445
3523.0000000000            2.1889593601
3524.0000000000            2.1878054142
3525.0000000000            2.1866519451
3526.0000000000            2.1854984760
3527.0000000000            2.1843454838
3528.0000000000            2.1831924915
3529.0000000000            2.1820402145
3530.0000000000            2.1808879375
3531.0000000000            2.1797358990
3532.0000000000            2.1785843372
3533.0000000000            2.1774330139
3534.0000000000            2.1762819290
3535.0000000000            2.1751310825
3536.0000000000            2.1739807129
3537.0000000000            2.1728303432
3538.0000000000            2.1716804504
3539.0000000000            2.1705307961
3540.0000000000            2.1693813801
3541.0000000000            2.1682324409
3542.0000000000            2.1670837402
3543.0000000000            2.1659352779
3544.0000000000            2.1647870541
3545.0000000000            2.1636393070
3546.0000000000            2.1624915600
3547.0000000000            2.1613442898
3548.0000000000            2.1601972580
3549.0000000000            2.1590504646
3550.0000000000            2.1579041481
3551.0000000000            2.1567580700
3552.0000000000            2.1556122303
3553.0000000000            2.1544666290
3554.0000000000            2.1533215046
3555.0000000000            2.1521763802
3556.0000000000            2.1510319710
3557.0000000000            2.1498875618
3558.0000000000            2.1487436295
3559.0000000000            2.1475996971
3560.0000000000            2.1464562416
3561.0000000000            2.1453130245
3562.0000000000            2.1441702843
3563.0000000000            2.1430277824
3564.0000000000            2.1418855190
3565.0000000000            2.1407434940
3566.0000000000            2.1396019459
3567.0000000000            2.1384606361
3568.0000000000            2.1373195648
3569.0000000000            2.1361789703
3570.0000000000            2.1350383759
3571.0000000000            2.1338982582
3572.0000000000            2.1327583790
3573.0000000000            2.1316189766
3574.0000000000            2.1304798126
3575.0000000000            2.1293408871
3576.0000000000            2.1282021999
3577.0000000000            2.1270639896
3578.0000000000            2.1259260178
3579.0000000000            2.1247882843
3580.0000000000            2.1236510277
3581.0000000000            2.1225140095
3582.0000000000            2.1213769913
3583.0000000000            2.1202406883
3584.0000000000            2.1191043854
3585.0000000000            2.1179683208
3586.0000000000            2.1168322563
3587.0000000000            2.1156966686
3588.0000000000            2.1145608425
3589.0000000000            2.1134252548
3590.0000000000            2.1122891903
3591.0000000000            2.1111526489
3592.0000000000            2.1100151539
3593.0000000000            2.1088764668
3594.0000000000            2.1077353954
3595.0000000000            2.1065917015
3596.0000000000            2.1054434776
3597.0000000000            2.1042895317
3598.0000000000            2.1031270027
3599.0000000000            2.1019537449
3600.0000000000            2.1007647514
3601.0000000000            2.0995557308
3602.0000000000            2.0983192921
3603.0000000000            2.0970475674
3604.0000000000            2.0957291126
3605.0000000000            2.0943503380
3606.0000000000            2.0928940773
3607.0000000000            2.0913386345
3608.0000000000            2.0896582603
3609.0000000000            2.0878205299
3610.0000000000            2.0857870579
3611.0000000000            2.0835113525
3612.0000000000            2.0809385777
3613.0000000000            2.0780043602
3614.0000000000            2.0746331215
3615.0000000000            2.0707383156
3616.0000000000            2.0662209988
3617.0000000000            2.0609693527
3618.0000000000            2.0548582077
3619.0000000000            2.0477492809
3620.0000000000            2.0394918919
3621.0000000000            2.0299222469
3622.0000000000            2.0188667774
3623.0000000000            2.0061428547
3624.0000000000            1.9915608168
3625.0000000000            1.9749280214
3626.0000000000            1.9560520649
3627.0000000000            1.9347444773
3628.0000000000            1.9108256102
3629.0000000000            1.8841294050
3630.0000000000            1.8545089960
3631.0000000000            1.8218414783
3632.0000000000            1.7860329151
3633.0000000000            1.7470239401
3634.0000000000            1.7047934532
3635.0000000000            1.6593630314
3636.0000000000            1.6107989550
3637.0000000000            1.5592151880
3638.0000000000            1.5047731400
3639.0000000000            1.4476823807
3640.0000000000            1.3881969452
3641.0000000000            1.3266148567
3642.0000000000            1.2632710934
3643.0000000000            1.1985344887
3644.0000000000            1.1327993870
3645.0000000000            1.0664796829
3646.0000000000            1.0000000000
3647.0000000000            0.9337880015
3648.0000000000            0.8682659268
3649.0000000000            0.8038424850
3650.0000000000            0.7409050465
3651.0000000000            0.6798130870
3652.0000000000            0.6208916903
3653.0000000000            0.5644266605
3654.0000000000            0.5106609464
3655.0000000000            0.4597915411
3656.0000000000            0.4119688272
3657.0000000000            0.3672959208
3658.0000000000            0.3258303106
3659.0000000000            0.2875855565
3660.0000000000            0.2525347173
3661.0000000000            0.2206140012
3662.0000000000            0.1917273551
3663.0000000000            0.1657510549
3664.0000000000            0.1425388157
3665.0000000000            0.1219267994
3666.0000000000            0.1037385315
3667.0000000000            0.0877894908
3668.0000000000            0.0738914236
3669.0000000000            0.0618561916
3670.0000000000            0.0514990613
3671.0000000000            0.0426415056
3672.0000000000            0.0351134762
3673.0000000000            0.0287550893
3674.0000000000            0.0234178752
3675.0000000000            0.0189655311
3676.0000000000            0.0152742816
3677.0000000000            0.0122328829
3678.0000000000            0.0097423485
3679.0000000000            0.0077154329
3680.0000000000            0.0060759517
3681.0000000000            0.0047579678
3682.0000000000            0.0037049153
3683.0000000000            0.0028686749
3684.0000000000            0.0022086543
3685.0000000000            0.0016908882
3686.0000000000            0.0012871837
3687.0000000000            0.0009743224
3688.0000000000            0.0007333304
3689.0000000000            0.0005488202
3690.0000000000            0.0004084067
3691.0000000000            0.0003021947
3692.0000000000            0.0002223369
3693.0000000000            0.0001626546
3694.0000000000            0.0001183181
3695.0000000000            0.0000855787
3696.0000000000            0.0000615475
3697.0000000000            0.0000440134
