1897.0000000000            2.9942445755
1898.0000000000            2.9939587116
1899.0000000000            2.9936723709
1900.0000000000            2.9933860302
1901.0000000000            2.9930992126
1902.0000000000            2.9928119183
1903.0000000000            2.9925243855
1904.0000000000            2.9922366142
1905.0000000000            2.9919481277
1906.0000000000            2.9916596413
1907.0000000000            2.9913706779
1908.0000000000            2.9910814762
1909.0000000000            2.9907917976
1910.0000000000            2.9905016422
1911.0000000000            2.9902114868
1912.0000000000            2.9899208546
1913.0000000000            2.9896297455
1914.0000000000            2.9893383980
1915.0000000000            2.9890468121
1916.0000000000            2.9887547493
1917.0000000000            2.9884622097
1918.0000000000            2.9881696701
1919.0000000000            2.9878766537
1920.0000000000            2.9875829220
1921.0000000000            2.9872891903
1922.0000000000            2.9869952202
1923.0000000000            2.9867005348
1924.0000000000            2.9864058495
1925.0000000000            2.9861104488
1926.0000000000            2.9858150482
1927.0000000000            2.9855191708
1928.0000000000            2.9852230549
1929.0000000000            2.9849264622
1930.0000000000            2.9846296310
1931.0000000000            2.9843323231
1932.0000000000            2.9840347767
1933.0000000000            2.9837367535
1934.0000000000            2.9834384918
1935.0000000000            2.9831399918
1936.0000000000            2.9828410149
1937.0000000000            2.9825417995
1938.0000000000            2.9822421074
1939.0000000000            2.9819421768
1940.0000000000            2.9816417694
1941.0000000000            2.9813408852
1942.0000000000            2.9810400009
1943.0000000000            2.9807386398
1944.0000000000            2.9804370403
1945.0000000000            2.9801349640
1946.0000000000            2.9798324108
1947.0000000000            2.9795296192
1948.0000000000            2.9792265892
1949.0000000000            2.9789230824
1950.0000000000            2.9786190987
1951.0000000000            2.9783148766
1952.0000000000            2.9780106544
1953.0000000000            2.9777057171
1954.0000000000            2.9774007797
1955.0000000000            2.9770948887
1956.0000000000            2.9767892361
1957.0000000000            2.9764828682
1958.0000000000            2.9761762619
1959.0000000000            2.9758696556
1960.0000000000            2.9755620956
1961.0000000000            2.9752545357
1962.0000000000            2.9749467373
1963.0000000000            2.9746384621
1964.0000000000            2.9743297100
1965.0000000000            2.9740209579
1966.0000000000            2.9737114906
1967.0000000000            2.9734020233
1968.0000000000            2.9730918407
1969.0000000000            2.9727816582
1970.0000000000            2.9724707603
1971.0000000000            2.9721596241
1972.0000000000            2.9718484879
1973.0000000000            2.9715368748
1974.0000000000            2.9712247849
1975.0000000000            2.9709124565
1976.0000000000            2.9705996513
1977.0000000000            2.9702863693
1978.0000000000            2.9699730873
1979.0000000000            2.9696590900
1980.0000000000            2.9693448544
1981.0000000000            2.9690303802
1982.0000000000            2.9687159061
1983.0000000000            2.9684007168
1984.0000000000            2.9680850506
1985.0000000000            2.9677691460
1986.0000000000            2.9674530029
1987.0000000000            2.9671363831
1988.0000000000            2.9668195248
1989.0000000000            2.9665024281
1990.0000000000            2.9661848545
1991.0000000000            2.9658670425
1992.0000000000            2.9655487537
1993.0000000000            2.9652302265
1994.0000000000            2.9649112225
1995.0000000000            2.9645917416
1996.0000000000            2.9642722607
1997.0000000000            2.9639523029
1998.0000000000            2.9636321068
1999.0000000000            2.9633114338
2000.0000000000            2.9629902840
2001.0000000000            2.9626688957
2002.0000000000            2.9623475075
2003.0000000000            2.9620251656
2004.0000000000            2.9617028236
2005.0000000000            2.9613802433
2006.0000000000            2.9610569477
2007.0000000000            2.9607338905
2008.0000000000            2.9604098797
2009.0000000000            2.9600858688
2010.0000000000            2.9597616196
2011.0000000000            2.9594368935
2012.0000000000            2.9591116905
2013.0000000000            2.9587860107
2014.0000000000            2.9584603310
2015.0000000000            2.9581344128
2016.0000000000            2.9578077793
2017.0000000000            2.9574809074
2018.0000000000            2.9571537971
2019.0000000000            2.9568262100
2020.0000000000            2.9564983845
2021.0000000000            2.9561700821
2022.0000000000            2.9558417797
2023.0000000000            2.9555127621
2024.0000000000            2.9551835060
2025.0000000000            2.9548542500
2026.0000000000            2.9545240402
2027.0000000000            2.9541940689
2028.0000000000            2.9538633823
2029.0000000000            2.9535324574
2030.0000000000            2.9532012939
2031.0000000000            2.9528696537
2032.0000000000            2.9525377750
2033.0000000000            2.9522051811
2034.0000000000            2.9518725872
2035.0000000000            2.9515397549
2036.0000000000            2.9512064457
2037.0000000000            2.9508726597
2038.0000000000            2.9505388737
2039.0000000000            2.9502046108
2040.0000000000            2.9498696327
2041.0000000000            2.9495346546
2042.0000000000            2.9491994381
2043.0000000000            2.9488637447
2044.0000000000            2.9485275745
2045.0000000000            2.9481911659
2046.0000000000            2.9478545189
2047.0000000000            2.9475173950
2048.0000000000            2.9471800327
2049.0000000000            2.9468421936
2050.0000000000            2.9465041161
2051.0000000000            2.9461655617
2052.0000000000            2.9458270073
2053.0000000000            2.9454877377
2054.0000000000            2.9451482296
2055.0000000000            2.9448084831
2056.0000000000            2.9444684982
2057.0000000000            2.9441280365
2058.0000000000            2.9437870979
2059.0000000000            2.9434459209
2060.0000000000            2.9431042671
2061.0000000000            2.9427626133
2062.0000000000            2.9424204826
2063.0000000000            2.9420778751
2064.0000000000            2.9417350292
2065.0000000000            2.9413917065
2066.0000000000            2.9410483837
2067.0000000000            2.9407045841
2068.0000000000            2.9403600693
2069.0000000000            2.9400157928
2070.0000000000            2.9396708012
2071.0000000000            2.9393253326
2072.0000000000            2.9389801025
2073.0000000000            2.9386341572
2074.0000000000            2.9382877350
2075.0000000000            2.9379413128
2076.0000000000            2.9375941753
2077.0000000000            2.9372467995
2078.0000000000            2.9368991852
2079.0000000000            2.9365515709
2080.0000000000            2.9362030029
2081.0000000000            2.9358544350
2082.0000000000            2.9355053902
2083.0000000000            2.9351561069
2084.0000000000            2.9348063469
2085.0000000000            2.9344565868
2086.0000000000            2.9341061115
2087.0000000000            2.9337553978
2088.0000000000            2.9334044456
2089.0000000000            2.9330532551
2090.0000000000            2.9327013493
2091.0000000000            2.9323494434
2092.0000000000            2.9319970608
2093.0000000000            2.9316444397
2094.0000000000            2.9312913418
2095.0000000000            2.9309380054
2096.0000000000            2.9305841923
2097.0000000000            2.9302301407
2098.0000000000            2.9298756123
2099.0000000000            2.9295210838
2100.0000000000            2.9291658401
2101.0000000000            2.9288103580
2102.0000000000            2.9284546375
2103.0000000000            2.9280986786
2104.0000000000            2.9277422428
2105.0000000000            2.9273853302
2106.0000000000            2.9270284176
2107.0000000000            2.9266710281
2108.0000000000            2.9263131618
2109.0000000000            2.9259550571
2110.0000000000            2.9255964756
2111.0000000000            2.9252378941
2112.0000000000            2.9248785973
2113.0000000000            2.9245193005
2114.0000000000            2.9241595268
2115.0000000000            2.9237992764
2116.0000000000            2.9234387875
2117.0000000000            2.9230780602
2118.0000000000            2.9227168560
2119.0000000000            2.9223551750
2120.0000000000            2.9219934940
2121.0000000000            2.9216313362
2122.0000000000            2.9212689400
2123.0000000000            2.9209060669
2124.0000000000            2.9205429554
2125.0000000000            2.9201791286
2126.0000000000            2.9198153019
2127.0000000000            2.9194512367
2128.0000000000            2.9190869331
2129.0000000000            2.9187219143
2130.0000000000            2.9183568954
2131.0000000000            2.9179911613
2132.0000000000            2.9176251888
2133.0000000000            2.9172589779
2134.0000000000            2.9168925285
2135.0000000000            2.9165256023
2136.0000000000            2.9161584377
2137.0000000000            2.9157907963
2138.0000000000            2.9154229164
2139.0000000000            2.9150547981
2140.0000000000            2.9146862030
2141.0000000000            2.9143173695
2142.0000000000            2.9139480591
2143.0000000000            2.9135785103
2144.0000000000            2.9132087231
2145.0000000000            2.9128384590
2146.0000000000            2.9124677181
2147.0000000000            2.9120967388
2148.0000000000            2.9117257595
2149.0000000000            2.9113538265
2150.0000000000            2.9109821320
2151.0000000000            2.9106097221
2152.0000000000            2.9102370739
2153.0000000000            2.9098644257
2154.0000000000            2.9094910622
2155.0000000000            2.9091174603
2156.0000000000            2.9087436199
2157.0000000000            2.9083690643
2158.0000000000            2.9079947472
2159.0000000000            2.9076197147
2160.0000000000            2.9072444439
2161.0000000000            2.9068689346
2162.0000000000            2.9064929485
2163.0000000000            2.9061167240
2164.0000000000            2.9057400227
2165.0000000000            2.9053630829
2166.0000000000            2.9049856663
2167.0000000000            2.9046082497
2168.0000000000            2.9042303562
2169.0000000000            2.9038519859
2170.0000000000            2.9034733772
2171.0000000000            2.9030942917
2172.0000000000            2.9027149677
2173.0000000000            2.9023354053
2174.0000000000            2.9019553661
2175.0000000000            2.9015750885
2176.0000000000            2.9011945724
2177.0000000000            2.9008135796
2178.0000000000            2.9004323483
2179.0000000000            2.9000506401
2180.0000000000            2.8996686935
2181.0000000000            2.8992865086
2182.0000000000            2.8989038467
2183.0000000000            2.8985209465
2184.0000000000            2.8981375694
2185.0000000000            2.8977539539
2186.0000000000            2.8973698616
2187.0000000000            2.8969857693
2188.0000000000            2.8966012001
2189.0000000000            2.8962161541
2190.0000000000            2.8958308697
2191.0000000000            2.8954453468
2192.0000000000            2.8950593472
2193.0000000000            2.8946728706
2194.0000000000            2.8942863941
2195.0000000000            2.8938994408
2196.0000000000            2.8935122490
2197.0000000000            2.8931245804
2198.0000000000            2.8927366734
2199.0000000000            2.8923482895
2200.0000000000            2.8919596672
2201.0000000000            2.8915708065
2202.0000000000            2.8911817074
2203.0000000000            2.8907918930
2204.0000000000            2.8904018402
2205.0000000000            2.8900115490
2206.0000000000            2.8896210194
2207.0000000000            2.8892302513
2208.0000000000            2.8888387680
2209.0000000000            2.8884472847
2210.0000000000            2.8880553246
2211.0000000000            2.8876631260
2212.0000000000            2.8872704506
2213.0000000000            2.8868775368
2214.0000000000            2.8864843845
2215.0000000000            2.8860907555
2216.0000000000            2.8856966496
2217.0000000000            2.8853025436
2218.0000000000            2.8849079609
2219.0000000000            2.8845131397
2220.0000000000            2.8841178417
2221.0000000000            2.8837223053
2222.0000000000            2.8833262920
2223.0000000000            2.8829300404
2224.0000000000            2.8825335503
2225.0000000000            2.8821368217
2226.0000000000            2.8817393780
2227.0000000000            2.8813419342
2228.0000000000            2.8809440136
2229.0000000000            2.8805458546
2230.0000000000            2.8801472187
2231.0000000000            2.8797483444
2232.0000000000            2.8793489933
2233.0000000000            2.8789496422
2234.0000000000            2.8785498142
2235.0000000000            2.8781495094
2236.0000000000            2.8777489662
2237.0000000000            2.8773481846
2238.0000000000            2.8769469261
2239.0000000000            2.8765454292
2240.0000000000            2.8761436939
2241.0000000000            2.8757414818
2242.0000000000            2.8753387928
2243.0000000000            2.8749361038
2244.0000000000            2.8745329380
2245.0000000000            2.8741295338
2246.0000000000            2.8737256527
2247.0000000000            2.8733215332
2248.0000000000            2.8729169369
2249.0000000000            2.8725123405
2250.0000000000            2.8721072674
2251.0000000000            2.8717017174
2252.0000000000            2.8712959290
2253.0000000000            2.8708896637
2254.0000000000            2.8704833984
2255.0000000000            2.8700766563
2256.0000000000            2.8696694374
2257.0000000000            2.8692619801
2258.0000000000            2.8688542843
2259.0000000000            2.8684463501
2260.0000000000            2.8680377007
2261.0000000000            2.8676290512
2262.0000000000            2.8672201633
2263.0000000000            2.8668107986
2264.0000000000            2.8664009571
2265.0000000000            2.8659908772
2266.0000000000            2.8655803204
2267.0000000000            2.8651697636
2268.0000000000            2.8647587299
2269.0000000000            2.8643474579
2270.0000000000            2.8639357090
2271.0000000000            2.8635237217
2272.0000000000            2.8631112576
2273.0000000000            2.8626987934
2274.0000000000            2.8622856140
2275.0000000000            2.8618724346
2276.0000000000            2.8614587784
2277.0000000000            2.8610446453
2278.0000000000            2.8606305122
2279.0000000000            2.8602159023
2280.0000000000            2.8598010540
2281.0000000000            2.8593857288
2282.0000000000            2.8589699268
2283.0000000000            2.8585541248
2284.0000000000            2.8581378460
2285.0000000000            2.8577213287
2286.0000000000            2.8573045731
2287.0000000000            2.8568871021
2288.0000000000            2.8564696312
2289.0000000000            2.8560516834
2290.0000000000            2.8556337357
2291.0000000000            2.8552150726
2292.0000000000            2.8547961712
2293.0000000000            2.8543770313
2294.0000000000            2.8539574146
2295.0000000000            2.8535377979
2296.0000000000            2.8531174660
2297.0000000000            2.8526968956
2298.0000000000            2.8522763252
2299.0000000000            2.8518550396
2300.0000000000            2.8514337540
2301.0000000000            2.8510119915
2302.0000000000            2.8505897522
2303.0000000000            2.8501672745
2304.0000000000            2.8497447968
2305.0000000000            2.8493216038
2306.0000000000            2.8488981724
2307.0000000000            2.8484745026
2308.0000000000            2.8480503559
2309.0000000000            2.8476259708
2310.0000000000            2.8472013474
2311.0000000000            2.8467764854
2312.0000000000            2.8463511467
2313.0000000000            2.8459253311
2314.0000000000            2.8454992771
2315.0000000000            2.8450729847
2316.0000000000            2.8446464539
2317.0000000000            2.8442194462
2318.0000000000            2.8437922001
2319.0000000000            2.8433644772
2320.0000000000            2.8429367542
2321.0000000000            2.8425083160
2322.0000000000            2.8420801163
2323.0000000000            2.8416509628
2324.0000000000            2.8412218094
2325.0000000000            2.8407921791
2326.0000000000            2.8403625488
2327.0000000000            2.8399324417
2328.0000000000            2.8395018578
2329.0000000000            2.8390710354
2330.0000000000            2.8386399746
2331.0000000000            2.8382084370
2332.0000000000            2.8377766609
2333.0000000000            2.8373446465
2334.0000000000            2.8369121552
2335.0000000000            2.8364794254
2336.0000000000            2.8360464573
2337.0000000000            2.8356130123
2338.0000000000            2.8351793289
2339.0000000000            2.8347454071
2340.0000000000            2.8343110085
2341.0000000000            2.8338761330
2342.0000000000            2.8334412575
2343.0000000000            2.8330059052
2344.0000000000            2.8325703144
2345.0000000000            2.8321342468
2346.0000000000            2.8316981792
2347.0000000000            2.8312613964
2348.0000000000            2.8308246136
2349.0000000000            2.8303873539
2350.0000000000            2.8299498558
2351.0000000000            2.8295118809
2352.0000000000            2.8290739059
2353.0000000000            2.8286354542
2354.0000000000            2.8281965256
2355.0000000000            2.8277573586
2356.0000000000            2.8273179531
2357.0000000000            2.8268780708
2358.0000000000            2.8264379501
2359.0000000000            2.8259975910
2360.0000000000            2.8255567551
2361.0000000000            2.8251159191
2362.0000000000            2.8246743679
2363.0000000000            2.8242328167
2364.0000000000            2.8237907887
2365.0000000000            2.8233485222
2366.0000000000            2.8229057789
2367.0000000000            2.8224627972
2368.0000000000            2.8220195770
2369.0000000000            2.8215758801
2370.0000000000            2.8211321831
2371.0000000000            2.8206877708
2372.0000000000            2.8202431202
2373.0000000000            2.8197984695
2374.0000000000            2.8193533421
2375.0000000000            2.8189077377
2376.0000000000            2.8184618950
2377.0000000000            2.8180155754
2378.0000000000            2.8175692558
2379.0000000000            2.8171224594
2380.0000000000            2.8166754246
2381.0000000000            2.8162281513
2382.0000000000            2.8157804012
2383.0000000000            2.8153324127
2384.0000000000            2.8148839474
2385.0000000000            2.8144352436
2386.0000000000            2.8139863014
2387.0000000000            2.8135371208
2388.0000000000            2.8130872250
2389.0000000000            2.8126375675
2390.0000000000            2.8121871948
2391.0000000000            2.8117365837
2392.0000000000            2.8112857342
2393.0000000000            2.8108344078
2394.0000000000            2.8103830814
2395.0000000000            2.8099312782
2396.0000000000            2.8094792366
2397.0000000000            2.8090267181
2398.0000000000            2.8085737228
2399.0000000000            2.8081207275
2400.0000000000            2.8076674938
2401.0000000000            2.8072137833
2402.0000000000            2.8067598343
2403.0000000000            2.8063051701
2404.0000000000            2.8058507442
2405.0000000000            2.8053956032
2406.0000000000            2.8049404621
2407.0000000000            2.8044848442
2408.0000000000            2.8040289879
2409.0000000000            2.8035726547
2410.0000000000            2.8031160831
2411.0000000000            2.8026592731
2412.0000000000            2.8022022247
2413.0000000000            2.8017446995
2414.0000000000            2.8012869358
2415.0000000000            2.8008289337
2416.0000000000            2.8003704548
2417.0000000000            2.7999117374
2418.0000000000            2.7994525433
2419.0000000000            2.7989933491
2420.0000000000            2.7985336781
2421.0000000000            2.7980737686
2422.0000000000            2.7976133823
2423.0000000000            2.7971527576
2424.0000000000            2.7966918945
2425.0000000000            2.7962305546
2426.0000000000            2.7957689762
2427.0000000000            2.7953073978
2428.0000000000            2.7948451042
2429.0000000000            2.7943828106
2430.0000000000            2.7939198017
2431.0000000000            2.7934567928
2432.0000000000            2.7929933071
2433.0000000000            2.7925298214
2434.0000000000            2.7920656204
2435.0000000000            2.7916011810
2436.0000000000            2.7911367416
2437.0000000000            2.7906718254
2438.0000000000            2.7902066708
2439.0000000000            2.7897410393
2440.0000000000            2.7892749310
2441.0000000000            2.7888090611
2442.0000000000            2.7883422375
2443.0000000000            2.7878756523
2444.0000000000            2.7874085903
2445.0000000000            2.7869410515
2446.0000000000            2.7864732742
2447.0000000000            2.7860052586
2448.0000000000            2.7855370045
2449.0000000000            2.7850682735
2450.0000000000            2.7845993042
2451.0000000000            2.7841300964
2452.0000000000            2.7836604118
2453.0000000000            2.7831904888
2454.0000000000            2.7827200890
2455.0000000000            2.7822496891
2456.0000000000            2.7817788124
2457.0000000000            2.7813076973
2458.0000000000            2.7808363438
2459.0000000000            2.7803645134
2460.0000000000            2.7798926830
2461.0000000000            2.7794201374
2462.0000000000            2.7789473534
2463.0000000000            2.7784745693
2464.0000000000            2.7780013084
2465.0000000000            2.7775278091
2466.0000000000            2.7770538330
2467.0000000000            2.7765796185
2468.0000000000            2.7761051655
2469.0000000000            2.7756302357
2470.0000000000            2.7751553059
2471.0000000000            2.7746798992
2472.0000000000            2.7742040157
2473.0000000000            2.7737278938
2474.0000000000            2.7732515335
2475.0000000000            2.7727749348
2476.0000000000            2.7722978592
2477.0000000000            2.7718207836
2478.0000000000            2.7713432312
2479.0000000000            2.7708654404
2480.0000000000            2.7703871727
2481.0000000000            2.7699086666
2482.0000000000            2.7694299221
2483.0000000000            2.7689509392
2484.0000000000            2.7684714794
2485.0000000000            2.7679915428
2486.0000000000            2.7675118446
2487.0000000000            2.7670314312
2488.0000000000            2.7665507793
2489.0000000000            2.7660698891
2490.0000000000            2.7655885220
2491.0000000000            2.7651071548
2492.0000000000            2.7646253109
2493.0000000000            2.7641432285
2494.0000000000            2.7636606693
2495.0000000000            2.7631781101
2496.0000000000            2.7626948357
2497.0000000000            2.7622115612
2498.0000000000            2.7617280483
2499.0000000000            2.7612440586
2500.0000000000            2.7607598305
2501.0000000000            2.7602751255
2502.0000000000            2.7597904205
2503.0000000000            2.7593052387
2504.0000000000            2.7588198185
2505.0000000000            2.7583339214
2506.0000000000            2.7578480244
2507.0000000000            2.7573616505
2508.0000000000            2.7568747997
2509.0000000000            2.7563879490
2510.0000000000            2.7559006214
2511.0000000000            2.7554130554
2512.0000000000            2.7549252510
2513.0000000000            2.7544369698
2514.0000000000            2.7539484501
2515.0000000000            2.7534596920
2516.0000000000            2.7529706955
2517.0000000000            2.7524814606
2518.0000000000            2.7519915104
2519.0000000000            2.7515015602
2520.0000000000            2.7510113716
2521.0000000000            2.7505207062
2522.0000000000            2.7500300407
2523.0000000000            2.7495386600
2524.0000000000            2.7490472794
2525.0000000000            2.7485556602
2526.0000000000            2.7480635643
2527.0000000000            2.7475712299
2528.0000000000            2.7470784187
2529.0000000000            2.7465853691
2530.0000000000            2.7460923195
2531.0000000000            2.7455985546
2532.0000000000            2.7451047897
2533.0000000000            2.7446105480
2534.0000000000            2.7441160679
2535.0000000000            2.7436213493
2536.0000000000            2.7431263924
2537.0000000000            2.7426309586
2538.0000000000            2.7421355247
2539.0000000000            2.7416393757
2540.0000000000            2.7411429882
2541.0000000000            2.7406466007
2542.0000000000            2.7401499748
2543.0000000000            2.7396526337
2544.0000000000            2.7391552925
2545.0000000000            2.7386574745
2546.0000000000            2.7381594181
2547.0000000000            2.7376611233
2548.0000000000            2.7371625900
2549.0000000000            2.7366635799
2550.0000000000            2.7361645699
2551.0000000000            2.7356648445
2552.0000000000            2.7351651192
2553.0000000000            2.7346651554
2554.0000000000            2.7341644764
2555.0000000000            2.7336640358
2556.0000000000            2.7331631184
2557.0000000000            2.7326617241
2558.0000000000            2.7321603298
2559.0000000000            2.7316582203
2560.0000000000            2.7311561108
2561.0000000000            2.7306537628
2562.0000000000            2.7301509380
2563.0000000000            2.7296478748
2564.0000000000            2.7291445732
2565.0000000000            2.7286407948
2566.0000000000            2.7281370163
2567.0000000000            2.7276329994
2568.0000000000            2.7271282673
2569.0000000000            2.7266235352
2570.0000000000            2.7261183262
2571.0000000000            2.7256128788
2572.0000000000            2.7251074314
2573.0000000000            2.7246012688
2574.0000000000            2.7240951061
2575.0000000000            2.7235884666
2576.0000000000            2.7230815887
2577.0000000000            2.7225744724
2578.0000000000            2.7220671177
2579.0000000000            2.7215592861
2580.0000000000            2.7210514545
2581.0000000000            2.7205429077
2582.0000000000            2.7200343609
2583.0000000000            2.7195255756
2584.0000000000            2.7190163136
2585.0000000000            2.7185070515
2586.0000000000            2.7179970741
2587.0000000000            2.7174870968
2588.0000000000            2.7169768810
2589.0000000000            2.7164661884
2590.0000000000            2.7159552574
2591.0000000000            2.7154440880
2592.0000000000            2.7149324417
2593.0000000000            2.7144205570
2594.0000000000            2.7139086723
2595.0000000000            2.7133963108
2596.0000000000            2.7128837109
2597.0000000000            2.7123708725
2598.0000000000            2.7118575573
2599.0000000000            2.7113440037
2600.0000000000            2.7108299732
2601.0000000000            2.7103159428
2602.0000000000            2.7098016739
2603.0000000000            2.7092869282
2604.0000000000            2.7087721825
2605.0000000000            2.7082567215
2606.0000000000            2.7077412605
2607.0000000000            2.7072253227
2608.0000000000            2.7067093849
2609.0000000000            2.7061929703
2610.0000000000            2.7056760788
2611.0000000000            2.7051591873
2612.0000000000            2.7046418190
2613.0000000000            2.7041244507
2614.0000000000            2.7036066055
2615.0000000000            2.7030882835
2616.0000000000            2.7025699615
2617.0000000000            2.7020514011
2618.0000000000            2.7015323639
2619.0000000000            2.7010130882
2620.0000000000            2.7004935741
2621.0000000000            2.6999735832
2622.0000000000            2.6994535923
2623.0000000000            2.6989331245
2624.0000000000            2.6984124184
2625.0000000000            2.6978914738
2626.0000000000            2.6973700523
2627.0000000000            2.6968486309
2628.0000000000            2.6963269711
2629.0000000000            2.6958045959
2630.0000000000            2.6952824593
2631.0000000000            2.6947596073
2632.0000000000            2.6942365170
2633.0000000000            2.6937134266
2634.0000000000            2.6931898594
2635.0000000000            2.6926662922
2636.0000000000            2.6921420097
2637.0000000000            2.6916174889
2638.0000000000            2.6910929680
2639.0000000000            2.6905679703
2640.0000000000            2.6900427341
2641.0000000000            2.6895172596
2642.0000000000            2.6889913082
2643.0000000000            2.6884655952
2644.0000000000            2.6879389286
2645.0000000000            2.6874125004
2646.0000000000            2.6868853569
2647.0000000000            2.6863582134
2648.0000000000            2.6858308315
2649.0000000000            2.6853029728
2650.0000000000            2.6847751141
2651.0000000000            2.6842465401
2652.0000000000            2.6837182045
2653.0000000000            2.6831893921
2654.0000000000            2.6826598644
2655.0000000000            2.6821305752
2656.0000000000            2.6816008091
2657.0000000000            2.6810710430
2658.0000000000            2.6805405617
2659.0000000000            2.6800100803
2660.0000000000            2.6794791222
2661.0000000000            2.6789481640
2662.0000000000            2.6784167290
2663.0000000000            2.6778850555
2664.0000000000            2.6773529053
2665.0000000000            2.6768209934
2666.0000000000            2.6762883663
2667.0000000000            2.6757555008
2668.0000000000            2.6752223969
2669.0000000000            2.6746890545
2670.0000000000            2.6741554737
2671.0000000000            2.6736214161
2672.0000000000            2.6730875969
2673.0000000000            2.6725528240
2674.0000000000            2.6720182896
2675.0000000000            2.6714830399
2676.0000000000            2.6709477901
2677.0000000000            2.6704123020
2678.0000000000            2.6698765755
2679.0000000000            2.6693403721
2680.0000000000            2.6688041687
2681.0000000000            2.6682672501
2682.0000000000            2.6677305698
2683.0000000000            2.6671931744
2684.0000000000            2.6666555405
2685.0000000000            2.6661179066
2686.0000000000            2.6655797958
2687.0000000000            2.6650416851
2688.0000000000            2.6645030975
2689.0000000000            2.6639642715
2690.0000000000            2.6634249687
2691.0000000000            2.6628856659
2692.0000000000            2.6623458862
2693.0000000000            2.6618058681
2694.0000000000            2.6612656116
2695.0000000000            2.6607253551
2696.0000000000            2.6601843834
2697.0000000000            2.6596434116
2698.0000000000            2.6591019630
2699.0000000000            2.6585605145
2700.0000000000            2.6580185890
2701.0000000000            2.6574764252
2702.0000000000            2.6569340229
2703.0000000000            2.6563913822
2704.0000000000            2.6558485031
2705.0000000000            2.6553051472
2706.0000000000            2.6547617912
2707.0000000000            2.6542179585
2708.0000000000            2.6536738873
2709.0000000000            2.6531295776
2710.0000000000            2.6525847912
2711.0000000000            2.6520402431
2712.0000000000            2.6514949799
2713.0000000000            2.6509494781
2714.0000000000            2.6504039764
2715.0000000000            2.6498579979
2716.0000000000            2.6493117809
2717.0000000000            2.6487653255
2718.0000000000            2.6482183933
2719.0000000000            2.6476714611
2720.0000000000            2.6471242905
2721.0000000000            2.6465766430
2722.0000000000            2.6460287571
2723.0000000000            2.6454808712
2724.0000000000            2.6449325085
2725.0000000000            2.6443839073
2726.0000000000            2.6438350677
2727.0000000000            2.6432857513
2728.0000000000            2.6427364349
2729.0000000000            2.6421866417
2730.0000000000            2.6416368484
2731.0000000000            2.6410865784
2732.0000000000            2.6405360699
2733.0000000000            2.6399853230
2734.0000000000            2.6394343376
2735.0000000000            2.6388828754
2736.0000000000            2.6383314133
2737.0000000000            2.6377797127
2738.0000000000            2.6372275352
2739.0000000000            2.6366751194
2740.0000000000            2.6361224651
2741.0000000000            2.6355695724
2742.0000000000            2.6350164413
2743.0000000000            2.6344630718
2744.0000000000            2.6339094639
2745.0000000000            2.6333553791
2746.0000000000            2.6328012943
2747.0000000000            2.6322467327
2748.0000000000            2.6316919327
2749.0000000000            2.6311368942
2750.0000000000            2.6305818558
2751.0000000000            2.6300261021
2752.0000000000            2.6294703484
2753.0000000000            2.6289143562
2754.0000000000            2.6283581257
2755.0000000000            2.6278014183
2756.0000000000            2.6272444725
2757.0000000000            2.6266875267
2758.0000000000            2.6261301041
2759.0000000000            2.6255724430
2760.0000000000            2.6250145435
2761.0000000000            2.6244564056
2762.0000000000            2.6238980293
2763.0000000000            2.6233391762
2764.0000000000            2.6227805614
2765.0000000000            2.6222212315
2766.0000000000            2.6216616631
2767.0000000000            2.6211020947
2768.0000000000            2.6205420494
2769.0000000000            2.6199817657
2770.0000000000            2.6194212437
2771.0000000000            2.6188604832
2772.0000000000            2.6182994843
2773.0000000000            2.6177380085
2774.0000000000            2.6171767712
2775.0000000000            2.6166148186
2776.0000000000            2.6160528660
2777.0000000000            2.6154904366
2778.0000000000            2.6149280071
2779.0000000000            2.6143651009
2780.0000000000            2.6138019562
2781.0000000000            2.6132385731
2782.0000000000            2.6126749516
2783.0000000000            2.6121110916
2784.0000000000            2.6115472317
2785.0000000000            2.6109828949
2786.0000000000            2.6104180813
2787.0000000000            2.6098532677
2788.0000000000            2.6092879772
2789.0000000000            2.6087224483
2790.0000000000            2.6081569195
2791.0000000000            2.6075909138
2792.0000000000            2.6070249081
2793.0000000000            2.6064584255
2794.0000000000            2.6058917046
2795.0000000000            2.6053247452
2796.0000000000            2.6047575474
2797.0000000000            2.6041903496
2798.0000000000            2.6036224365
2799.0000000000            2.6030545235
2800.0000000000            2.6024863720
2801.0000000000            2.6019177437
2802.0000000000            2.6013491154
2803.0000000000            2.6007800102
2804.0000000000            2.6002109051
2805.0000000000            2.5996413231
2806.0000000000            2.5990715027
2807.0000000000            2.5985016823
2808.0000000000            2.5979316235
2809.0000000000            2.5973610878
2810.0000000000            2.5967903137
2811.0000000000            2.5962193012
2812.0000000000            2.5956480503
2813.0000000000            2.5950765610
2814.0000000000            2.5945048332
2815.0000000000            2.5939326286
2816.0000000000            2.5933604240
2817.0000000000            2.5927879810
2818.0000000000            2.5922150612
2819.0000000000            2.5916421413
2820.0000000000            2.5910689831
2821.0000000000            2.5904953480
2822.0000000000            2.5899214745
2823.0000000000            2.5893476009
2824.0000000000            2.5887734890
2825.0000000000            2.5881989002
2826.0000000000            2.5876240730
2827.0000000000            2.5870490074
2828.0000000000            2.5864737034
2829.0000000000            2.5858983994
2830.0000000000            2.5853226185
2831.0000000000            2.5847465992
2832.0000000000            2.5841703415
2833.0000000000            2.5835938454
2834.0000000000            2.5830173492
2835.0000000000            2.5824401379
2836.0000000000            2.5818629265
2837.0000000000            2.5812854767
2838.0000000000            2.5807075500
2839.0000000000            2.5801298618
2840.0000000000            2.5795514584
2841.0000000000            2.5789730549
2842.0000000000            2.5783944130
2843.0000000000            2.5778155327
2844.0000000000            2.5772361755
2845.0000000000            2.5766568184
2846.0000000000            2.5760769844
2847.0000000000            2.5754971504
2848.0000000000            2.5749168396
2849.0000000000            2.5743365288
2850.0000000000            2.5737557411
2851.0000000000            2.5731747150
2852.0000000000            2.5725936890
2853.0000000000            2.5720121861
2854.0000000000            2.5714306831
2855.0000000000            2.5708487034
2856.0000000000            2.5702664852
2857.0000000000            2.5696842670
2858.0000000000            2.5691015720
2859.0000000000            2.5685186386
2860.0000000000            2.5679354668
2861.0000000000            2.5673520565
2862.0000000000            2.5667686462
2863.0000000000            2.5661847591
2864.0000000000            2.5656006336
2865.0000000000            2.5650165081
2866.0000000000            2.5644316673
2867.0000000000            2.5638470650
2868.0000000000            2.5632619858
2869.0000000000            2.5626766682
2870.0000000000            2.5620911121
2871.0000000000            2.5615053177
2872.0000000000            2.5609195232
2873.0000000000            2.5603330135
2874.0000000000            2.5597467422
2875.0000000000            2.5591597557
2876.0000000000            2.5585730076
2877.0000000000            2.5579857826
2878.0000000000            2.5573983192
2879.0000000000            2.5568106174
2880.0000000000            2.5562226772
2881.0000000000            2.5556344986
2882.0000000000            2.5550460815
2883.0000000000            2.5544574261
2884.0000000000            2.5538687706
2885.0000000000            2.5532793999
2886.0000000000            2.5526900291
2887.0000000000            2.5521004200
2888.0000000000            2.5515108109
2889.0000000000            2.5509207249
2890.0000000000            2.5503304005
2891.0000000000            2.5497398376
2892.0000000000            2.5491490364
2893.0000000000            2.5485579967
2894.0000000000            2.5479669571
2895.0000000000            2.5473754406
2896.0000000000            2.5467836857
2897.0000000000            2.5461916924
2898.0000000000            2.5455996990
2899.0000000000            2.5450072289
2900.0000000000            2.5444147587
2901.0000000000            2.5438215733
2902.0000000000            2.5432286263
2903.0000000000            2.5426352024
2904.0000000000            2.5420417786
2905.0000000000            2.5414478779
2906.0000000000            2.5408537388
2907.0000000000            2.5402593613
2908.0000000000            2.5396649837
2909.0000000000            2.5390701294
2910.0000000000            2.5384752750
2911.0000000000            2.5378801823
2912.0000000000            2.5372846127
2913.0000000000            2.5366890430
2914.0000000000            2.5360929966
2915.0000000000            2.5354969501
2916.0000000000            2.5349004269
2917.0000000000            2.5343039036
2918.0000000000            2.5337071419
2919.0000000000            2.5331101418
2920.0000000000            2.5325129032
2921.0000000000            2.5319154263
2922.0000000000            2.5313177109
2923.0000000000            2.5307195187
2924.0000000000            2.5301213264
2925.0000000000            2.5295228958
2926.0000000000            2.5289242268
2927.0000000000            2.5283253193
2928.0000000000            2.5277261734
2929.0000000000            2.5271270275
2930.0000000000            2.5265274048
2931.0000000000            2.5259275436
2932.0000000000            2.5253276825
2933.0000000000            2.5247273445
2934.0000000000            2.5241267681
2935.0000000000            2.5235261917
2936.0000000000            2.5229251385
2937.0000000000            2.5223240852
2938.0000000000            2.5217225552
2939.0000000000            2.5211210251
2940.0000000000            2.5205192566
2941.0000000000            2.5199172497
2942.0000000000            2.5193147659
2943.0000000000            2.5187122822
2944.0000000000            2.5181095600
2945.0000000000            2.5175065994
2946.0000000000            2.5169034004
2947.0000000000            2.5162999630
2948.0000000000            2.5156962872
2949.0000000000            2.5150923729
2950.0000000000            2.5144884586
2951.0000000000            2.5138840675
2952.0000000000            2.5132794380
2953.0000000000            2.5126748085
2954.0000000000            2.5120699406
2955.0000000000            2.5114645958
2956.0000000000            2.5108592510
2957.0000000000            2.5102536678
2958.0000000000            2.5096476078
2959.0000000000            2.5090415478
2960.0000000000            2.5084352493
2961.0000000000            2.5078287125
2962.0000000000            2.5072221756
2963.0000000000            2.5066149235
2964.0000000000            2.5060079098
2965.0000000000            2.5054004192
2966.0000000000            2.5047926903
2967.0000000000            2.5041849613
2968.0000000000            2.5035769939
2969.0000000000            2.5029685497
2970.0000000000            2.5023601055
2971.0000000000            2.5017514229
2972.0000000000            2.5011425018
2973.0000000000            2.5005333424
2974.0000000000            2.4999239445
2975.0000000000            2.4993143082
2976.0000000000            2.4987044334
2977.0000000000            2.4980945587
2978.0000000000            2.4974842072
2979.0000000000            2.4968736172
2980.0000000000            2.4962630272
2981.0000000000            2.4956521988
2982.0000000000            2.4950408936
2983.0000000000            2.4944298267
2984.0000000000            2.4938180447
2985.0000000000            2.4932062626
2986.0000000000            2.4925944805
2987.0000000000            2.4919822216
2988.0000000000            2.4913697243
2989.0000000000            2.4907569885
2990.0000000000            2.4901444912
2991.0000000000            2.4895312786
2992.0000000000            2.4889180660
2993.0000000000            2.4883043766
2994.0000000000            2.4876909256
2995.0000000000            2.4870769978
2996.0000000000            2.4864628315
2997.0000000000            2.4858484268
2998.0000000000            2.4852337837
2999.0000000000            2.4846191406
3000.0000000000            2.4840040207
3001.0000000000            2.4833889008
3002.0000000000            2.4827735424
3003.0000000000            2.4821579456
3004.0000000000            2.4815421104
3005.0000000000            2.4809260368
3006.0000000000            2.4803097248
3007.0000000000            2.4796934128
3008.0000000000            2.4790766239
3009.0000000000            2.4784598351
3010.0000000000            2.4778425694
3011.0000000000            2.4772255421
3012.0000000000            2.4766077995
3013.0000000000            2.4759900570
3014.0000000000            2.4753723145
3015.0000000000            2.4747540951
3016.0000000000            2.4741358757
3017.0000000000            2.4735174179
3018.0000000000            2.4728984833
3019.0000000000            2.4722795486
3020.0000000000            2.4716601372
3021.0000000000            2.4710409641
3022.0000000000            2.4704213142
3023.0000000000            2.4698014259
3024.0000000000            2.4691815376
3025.0000000000            2.4685614109
3026.0000000000            2.4679410458
3027.0000000000            2.4673202038
3028.0000000000            2.4666993618
3029.0000000000            2.4660782814
3030.0000000000            2.4654572010
3031.0000000000            2.4648356438
3032.0000000000            2.4642140865
3033.0000000000            2.4635920525
3034.0000000000            2.4629700184
3035.0000000000            2.4623479843
3036.0000000000            2.4617254734
3037.0000000000            2.4611027241
3038.0000000000            2.4604797363
3039.0000000000            2.4598567486
3040.0000000000            2.4592335224
3041.0000000000            2.4586100578
3042.0000000000            2.4579863548
3043.0000000000            2.4573624134
3044.0000000000            2.4567382336
3045.0000000000            2.4561140537
3046.0000000000            2.4554896355
3047.0000000000            2.4548647404
3048.0000000000            2.4542398453
3049.0000000000            2.4536147118
3050.0000000000            2.4529895782
3051.0000000000            2.4523639679
3052.0000000000            2.4517383575
3053.0000000000            2.4511122704
3054.0000000000            2.4504864216
3055.0000000000            2.4498600960
3056.0000000000            2.4492335320
3057.0000000000            2.4486069679
3058.0000000000            2.4479799271
3059.0000000000            2.4473528862
3060.0000000000            2.4467253685
3061.0000000000            2.4460980892
3062.0000000000            2.4454703331
3063.0000000000            2.4448425770
3064.0000000000            2.4442141056
3065.0000000000            2.4435858727
3066.0000000000            2.4429576397
3067.0000000000            2.4423289299
3068.0000000000            2.4416999817
3069.0000000000            2.4410707951
3070.0000000000            2.4404416084
3071.0000000000            2.4398121834
3072.0000000000            2.4391825199
3073.0000000000            2.4385526180
3074.0000000000            2.4379224777
3075.0000000000            2.4372923374
3076.0000000000            2.4366619587
3077.0000000000            2.4360313416
3078.0000000000            2.4354004860
3079.0000000000            2.4347693920
3080.0000000000            2.4341380596
3081.0000000000            2.4335067272
3082.0000000000            2.4328751564
3083.0000000000            2.4322433472
3084.0000000000            2.4316115379
3085.0000000000            2.4309790134
3086.0000000000            2.4303467274
3087.0000000000            2.4297142029
3088.0000000000            2.4290814400
3089.0000000000            2.4284484386
3090.0000000000            2.4278154373
3091.0000000000            2.4271819592
3092.0000000000            2.4265484810
3093.0000000000            2.4259147644
3094.0000000000            2.4252808094
3095.0000000000            2.4246468544
3096.0000000000            2.4240126610
3097.0000000000            2.4233779907
3098.0000000000            2.4227433205
3099.0000000000            2.4221084118
3100.0000000000            2.4214735031
3101.0000000000            2.4208381176
3102.0000000000            2.4202029705
3103.0000000000            2.4195673466
3104.0000000000            2.4189314842
3105.0000000000            2.4182956219
3106.0000000000            2.4176592827
3107.0000000000            2.4170229435
3108.0000000000            2.4163863659
3109.0000000000            2.4157497883
3110.0000000000            2.4151127338
3111.0000000000            2.4144756794
3112.0000000000            2.4138383865
3113.0000000000            2.4132008553
3114.0000000000            2.4125630856
3115.0000000000            2.4119253159
3116.0000000000            2.4112873077
3117.0000000000            2.4106490612
3118.0000000000            2.4100105762
3119.0000000000            2.4093720913
3120.0000000000            2.4087333679
3121.0000000000            2.4080944061
3122.0000000000            2.4074552059
3123.0000000000            2.4068160057
3124.0000000000            2.4061763287
3125.0000000000            2.4055366516
3126.0000000000            2.4048969746
3127.0000000000            2.4042568207
3128.0000000000            2.4036166668
3129.0000000000            2.4029760361
3130.0000000000            2.4023354053
3131.0000000000            2.4016947746
3132.0000000000            2.4010539055
3133.0000000000            2.4004127979
3134.0000000000            2.3997714520
3135.0000000000            2.3991298676
3136.0000000000            2.3984880447
3137.0000000000            2.3978464603
3138.0000000000            2.3972041607
3139.0000000000            2.3965620995
3140.0000000000            2.3959195614
3141.0000000000            2.3952770233
3142.0000000000            2.3946344852
3143.0000000000            2.3939914703
3144.0000000000            2.3933482170
3145.0000000000            2.3927049637
3146.0000000000            2.3920614719
3147.0000000000            2.3914179802
3148.0000000000            2.3907740116
3149.0000000000            2.3901298046
3150.0000000000            2.3894858360
3151.0000000000            2.3888413906
3152.0000000000            2.3881969452
3153.0000000000            2.3875522614
3154.0000000000            2.3869073391
3155.0000000000            2.3862621784
3156.0000000000            2.3856170177
3157.0000000000            2.3849716187
3158.0000000000            2.3843262196
3159.0000000000            2.3836803436
3160.0000000000            2.3830344677
3161.0000000000            2.3823881149
3162.0000000000            2.3817420006
3163.0000000000            2.3810956478
3164.0000000000            2.3804488182
3165.0000000000            2.3798022270
3166.0000000000            2.3791551590
3167.0000000000            2.3785080910
3168.0000000000            2.3778607845
3169.0000000000            2.3772132397
3170.0000000000            2.3765656948
3171.0000000000            2.3759176731
3172.0000000000            2.3752696514
3173.0000000000            2.3746216297
3174.0000000000            2.3739731312
3175.0000000000            2.3733248711
3176.0000000000            2.3726758957
3177.0000000000            2.3720271587
3178.0000000000            2.3713781834
3179.0000000000            2.3707289696
3180.0000000000            2.3700797558
3181.0000000000            2.3694300652
3182.0000000000            2.3687803745
3183.0000000000            2.3681304455
3184.0000000000            2.3674805164
3185.0000000000            2.3668303490
3186.0000000000            2.3661799431
3187.0000000000            2.3655295372
3188.0000000000            2.3648786545
3189.0000000000            2.3642277718
3190.0000000000            2.3635768890
3191.0000000000            2.3629255295
3192.0000000000            2.3622741699
3193.0000000000            2.3616225719
3194.0000000000            2.3609709740
3195.0000000000            2.3603191376
3196.0000000000            2.3596670628
3197.0000000000            2.3590147495
3198.0000000000            2.3583624363
3199.0000000000            2.3577098846
3200.0000000000            2.3570573330
3201.0000000000            2.3564043045
3202.0000000000            2.3557512760
3203.0000000000            2.3550982475
3204.0000000000            2.3544449806
3205.0000000000            2.3537914753
3206.0000000000            2.3531377316
3207.0000000000            2.3524837494
3208.0000000000            2.3518297672
3209.0000000000            2.3511755466
3210.0000000000            2.3505213261
3211.0000000000            2.3498668671
3212.0000000000            2.3492124081
3213.0000000000            2.3485574722
3214.0000000000            2.3479025364
3215.0000000000            2.3472473621
3216.0000000000            2.3465921879
3217.0000000000            2.3459365368
3218.0000000000            2.3452808857
3219.0000000000            2.3446252346
3220.0000000000            2.3439693451
3221.0000000000            2.3433132172
3222.0000000000            2.3426570892
3223.0000000000            2.3420004845
3224.0000000000            2.3413441181
3225.0000000000            2.3406872749
3226.0000000000            2.3400304317
3227.0000000000            2.3393735886
3228.0000000000            2.3387162685
3229.0000000000            2.3380589485
3230.0000000000            2.3374013901
3231.0000000000            2.3367438316
3232.0000000000            2.3360860348
3233.0000000000            2.3354279995
3234.0000000000            2.3347699642
3235.0000000000            2.3341116905
3236.0000000000            2.3334531784
3237.0000000000            2.3327946663
3238.0000000000            2.3321359158
3239.0000000000            2.3314769268
3240.0000000000            2.3308179379
3241.0000000000            2.3301589489
3242.0000000000            2.3294994831
3243.0000000000            2.3288400173
3244.0000000000            2.3281803131
3245.0000000000            2.3275203705
3246.0000000000            2.3268606663
3247.0000000000            2.3262004852
3248.0000000000            2.3255403042
3249.0000000000            2.3248796463
3250.0000000000            2.3242192268
3251.0000000000            2.3235585690
3252.0000000000            2.3228976727
3253.0000000000            2.3222365379
3254.0000000000            2.3215754032
3255.0000000000            2.3209142685
3256.0000000000            2.3202524185
3257.0000000000            2.3195910454
3258.0000000000            2.3189291954
3259.0000000000            2.3182673454
3260.0000000000            2.3176052570
3261.0000000000            2.3169431686
3262.0000000000            2.3162808418
3263.0000000000            2.3156180382
3264.0000000000            2.3149554729
3265.0000000000            2.3142926693
3266.0000000000            2.3136296272
3267.0000000000            2.3129665852
3268.0000000000            2.3123035431
3269.0000000000            2.3116400242
3270.0000000000            2.3109765053
3271.0000000000            2.3103127480
3272.0000000000            2.3096489906
3273.0000000000            2.3089849949
3274.0000000000            2.3083207607
3275.0000000000            2.3076565266
3276.0000000000            2.3069922924
3277.0000000000            2.3063275814
3278.0000000000            2.3056628704
3279.0000000000            2.3049981594
3280.0000000000            2.3043332100
3281.0000000000            2.3036680222
3282.0000000000            2.3030028343
3283.0000000000            2.3023374081
3284.0000000000            2.3016717434
3285.0000000000            2.3010060787
3286.0000000000            2.3003404140
3287.0000000000            2.2996742725
3288.0000000000            2.2990081310
3289.0000000000            2.2983419895
3290.0000000000            2.2976753712
3291.0000000000            2.2970089912
3292.0000000000            2.2963423729
3293.0000000000            2.2956755161
3294.0000000000            2.2950086594
3295.0000000000            2.2943413258
3296.0000000000            2.2936742306
3297.0000000000            2.2930066586
3298.0000000000            2.2923393250
3299.0000000000            2.2916715145
3300.0000000000            2.2910039425
3301.0000000000            2.2903358936
3302.0000000000            2.2896678448
3303.0000000000            2.2889995575
3304.0000000000            2.2883312702
3305.0000000000            2.2876627445
3306.0000000000            2.2869942188
3307.0000000000            2.2863254547
3308.0000000000            2.2856564522
3309.0000000000            2.2849876881
3310.0000000000            2.2843182087
3311.0000000000            2.2836492062
3312.0000000000            2.2829794884
3313.0000000000            2.2823100090
3314.0000000000            2.2816402912
3315.0000000000            2.2809705734
3316.0000000000            2.2803006172
3317.0000000000            2.2796304226
3318.0000000000            2.2789602280
3319.0000000000            2.2782897949
3320.0000000000            2.2776193619
3321.0000000000            2.2769486904
3322.0000000000            2.2762780190
3323.0000000000            2.2756071091
3324.0000000000            2.2749359608
3325.0000000000            2.2742648125
3326.0000000000            2.2735936642
3327.0000000000            2.2729220390
3328.0000000000            2.2722506523
3329.0000000000            2.2715790272
3330.0000000000            2.2709069252
3331.0000000000            2.2702350616
3332.0000000000            2.2695629597
3333.0000000000            2.2688908577
3334.0000000000            2.2682185173
3335.0000000000            2.2675459385
3336.0000000000            2.2668735981
3337.0000000000            2.2662007809
3338.0000000000            2.2655279636
3339.0000000000            2.2648551464
3340.0000000000            2.2641818523
3341.0000000000            2.2635085583
3342.0000000000            2.2628352642
3343.0000000000            2.2621619701
3344.0000000000            2.2614881992
3345.0000000000            2.2608144283
3346.0000000000            2.2601406574
3347.0000000000            2.2594666481
3348.0000000000            2.2587926388
3349.0000000000            2.2581183910
3350.0000000000            2.2574439049
3351.0000000000            2.2567694187
3352.0000000000            2.2560949326
3353.0000000000            2.2554199696
3354.0000000000            2.2547452450
3355.0000000000            2.2540702820
3356.0000000000            2.2533950806
3357.0000000000            2.2527201176
3358.0000000000            2.2520446777
3359.0000000000            2.2513692379
3360.0000000000            2.2506935596
3361.0000000000            2.2500178814
3362.0000000000            2.2493419647
3363.0000000000            2.2486660480
3364.0000000000            2.2479901314
3365.0000000000            2.2473137379
3366.0000000000            2.2466373444
3367.0000000000            2.2459611893
3368.0000000000            2.2452845573
3369.0000000000            2.2446079254
3370.0000000000            2.2439310551
3371.0000000000            2.2432539463
3372.0000000000            2.2425770760
3373.0000000000            2.2418999672
3374.0000000000            2.2412226200
3375.0000000000            2.2405452728
3376.0000000000            2.2398676872
3377.0000000000            2.2391901016
3378.0000000000            2.2385122776
3379.0000000000            2.2378344536
3380.0000000000            2.2371563911
3381.0000000000            2.2364783287
3382.0000000000            2.2358000278
3383.0000000000            2.2351217270
3384.0000000000            2.2344434261
3385.0000000000            2.2337648869
3386.0000000000            2.2330861092
3387.0000000000            2.2324075699
3388.0000000000            2.2317285538
3389.0000000000            2.2310495377
3390.0000000000            2.2303702831
3391.0000000000            2.2296912670
3392.0000000000            2.2290117741
3393.0000000000            2.2283322811
3394.0000000000            2.2276525497
3395.0000000000            2.2269730568
3396.0000000000            2.2262933254
3397.0000000000            2.2256131172
3398.0000000000            2.2249331474
3399.0000000000            2.2242531776
3400.0000000000            2.2235729694
3401.0000000000            2.2228925228
3402.0000000000            2.2222120762
3403.0000000000            2.2215313911
3404.0000000000            2.2208507061
3405.0000000000            2.2201697826
3406.0000000000            2.2194888592
3407.0000000000            2.2188081741
3408.0000000000            2.2181267738
3409.0000000000            2.2174456120
3410.0000000000            2.2167644501
3411.0000000000            2.2160828114
3412.0000000000            2.2154014111
3413.0000000000            2.2147195339
3414.0000000000            2.2140378952
3415.0000000000            2.2133560181
3416.0000000000            2.2126739025
3417.0000000000            2.2119917870
3418.0000000000            2.2113096714
3419.0000000000            2.2106273174
3420.0000000000            2.2099449635
3421.0000000000            2.2092623711
3422.0000000000            2.2085797787
3423.0000000000            2.2078969479
3424.0000000000            2.2072141171
3425.0000000000            2.2065310478
3426.0000000000            2.2058482170
3427.0000000000            2.2051649094
3428.0000000000            2.2044816017
3429.0000000000            2.2037985325
3430.0000000000            2.2031149864
3431.0000000000            2.2024314404
3432.0000000000            2.2017476559
3433.0000000000            2.2010638714
3434.0000000000            2.2003798485
3435.0000000000            2.1996960640
3436.0000000000            2.1990120411
3437.0000000000            2.1983277798
3438.0000000000            2.1976435184
3439.0000000000            2.1969590187
3440.0000000000            2.1962745190
3441.0000000000            2.1955900192
3442.0000000000            2.1949052811
3443.0000000000            2.1942205429
3444.0000000000            2.1935358047
3445.0000000000            2.1928508282
3446.0000000000            2.1921656132
3447.0000000000            2.1914803982
3448.0000000000            2.1907954216
3449.0000000000            2.1901099682
3450.0000000000            2.1894242764
3451.0000000000            2.1887388229
3452.0000000000            2.1880531311
3453.0000000000            2.1873674393
3454.0000000000            2.1866815090
3455.0000000000            2.1859955788
3456.0000000000            2.1853096485
3457.0000000000            2.1846234798
3458.0000000000            2.1839370728
3459.0000000000            2.1832506657
3460.0000000000            2.1825644970
3461.0000000000            2.1818778515
3462.0000000000            2.1811912060
3463.0000000000            2.1805045605
3464.0000000000            2.1798176765
3465.0000000000            2.1791307926
3466.0000000000            2.1784436703
3467.0000000000            2.1777567863
3468.0000000000            2.1770696640
3469.0000000000            2.1763823032
3470.0000000000            2.1756949425
3471.0000000000            2.1750075817
3472.0000000000            2.1743199825
3473.0000000000            2.1736323833
3474.0000000000            2.1729445457
3475.0000000000            2.1722569466
3476.0000000000            2.1715688705
3477.0000000000            2.1708807945
3478.0000000000            2.1701929569
3479.0000000000            2.1695046425
3480.0000000000            2.1688163280
3481.0000000000            2.1681280136
3482.0000000000            2.1674396992
3483.0000000000            2.1667511463
3484.0000000000            2.1660625935
3485.0000000000            2.1653738022
3486.0000000000            2.1646850109
3487.0000000000            2.1639959812
3488.0000000000            2.1633071899
3489.0000000000            2.1626179218
3490.0000000000            2.1619288921
3491.0000000000            2.1612396240
3492.0000000000            2.1605503559
3493.0000000000            2.1598608494
3494.0000000000            2.1591713428
3495.0000000000            2.1584818363
3496.0000000000            2.1577920914
3497.0000000000            2.1571025848
3498.0000000000            2.1564126015
3499.0000000000            2.1557226181
3500.0000000000            2.1550326347
3501.0000000000            2.1543426514
3502.0000000000            2.1536524296
3503.0000000000            2.1529622078
3504.0000000000            2.1522717476
3505.0000000000            2.1515815258
3506.0000000000            2.1508910656
3507.0000000000            2.1502003670
3508.0000000000            2.1495099068
3509.0000000000            2.1488189697
3510.0000000000            2.1481282711
3511.0000000000            2.1474373341
3512.0000000000            2.1467463970
3513.0000000000            2.1460552216
3514.0000000000            2.1453640461
3515.0000000000            2.1446728706
3516.0000000000            2.1439814568
3517.0000000000            2.1432902813
3518.0000000000            2.1425986290
3519.0000000000            2.1419072151
3520.0000000000            2.1412155628
3521.0000000000            2.1405239105
3522.0000000000            2.1398322582
3523.0000000000            2.1391401291
3524.0000000000            2.1384484768
3525.0000000000            2.1377563477
3526.0000000000            2.1370642185
3527.0000000000            2.1363723278
3528.0000000000            2.1356799603
3529.0000000000            2.1349875927
3530.0000000000            2.1342952251
3531.0000000000            2.1336028576
3532.0000000000            2.1329102516
3533.0000000000            2.1322176456
3534.0000000000            2.1315248013
3535.0000000000            2.1308321953
3536.0000000000            2.1301393509
3537.0000000000            2.1294465065
3538.0000000000            2.1287534237
3539.0000000000            2.1280603409
3540.0000000000            2.1273672581
3541.0000000000            2.1266739368
3542.0000000000            2.1259808540
3543.0000000000            2.1252875328
3544.0000000000            2.1245939732
3545.0000000000            2.1239004135
3546.0000000000            2.1232070923
3547.0000000000            2.1225132942
3548.0000000000            2.1218197346
3549.0000000000            2.1211259365
3550.0000000000            2.1204319000
3551.0000000000            2.1197381020
3552.0000000000            2.1190440655
3553.0000000000            2.1183502674
3554.0000000000            2.1176562309
3555.0000000000            2.1169617176
3556.0000000000            2.1162676811
3557.0000000000            2.1155734062
3558.0000000000            2.1148788929
3559.0000000000            2.1141843796
3560.0000000000            2.1134898663
3561.0000000000            2.1127953529
3562.0000000000            2.1121008396
3563.0000000000            2.1114058495
3564.0000000000            2.1107110977
3565.0000000000            2.1100163460
3566.0000000000            2.1093213558
3567.0000000000            2.1086263657
3568.0000000000            2.1079313755
3569.0000000000            2.1072361469
3570.0000000000            2.1065411568
3571.0000000000            2.1058459282
3572.0000000000            2.1051504612
3573.0000000000            2.1044552326
3574.0000000000            2.1037597656
3575.0000000000            2.1030642986
3576.0000000000            2.1023685932
3577.0000000000            2.1016728878
3578.0000000000            2.1009774208
3579.0000000000            2.1002814770
3580.0000000000            2.0995855331
3581.0000000000            2.0988898277
3582.0000000000            2.0981936455
3583.0000000000            2.0974977016
3584.0000000000            2.0968015194
3585.0000000000            2.0961050987
3586.0000000000            2.0954086781
3587.0000000000            2.0947117805
3588.0000000000            2.0940146446
3589.0000000000            2.0933170319
3590.0000000000            2.0926189423
3591.0000000000            2.0919196606
3592.0000000000            2.0912191868
3593.0000000000            2.0905172825
3594.0000000000            2.0898127556
3595.0000000000            2.0891046524
3596.0000000000            2.0883920193
3597.0000000000            2.0876731873
3598.0000000000            2.0869457722
3599.0000000000            2.0862064362
3600.0000000000            2.0854516029
3601.0000000000            2.0846760273
3602.0000000000            2.0838727951
3603.0000000000            2.0830335617
3604.0000000000            2.0821471214
3605.0000000000            2.0811998844
3606.0000000000            2.0801744461
3607.0000000000            2.0790493488
3608.0000000000            2.0777986050
3609.0000000000            2.0763895512
3610.0000000000            2.0747840405
3611.0000000000            2.0729353428
3612.0000000000            2.0707879066
3613.0000000000            2.0682775974
3614.0000000000            2.0653288364
3615.0000000000            2.0618543625
3616.0000000000            2.0577554703
3617.0000000000            2.0529191494
3618.0000000000            2.0472207069
3619.0000000000            2.0405211449
3620.0000000000            2.0326683521
3621.0000000000            2.0234992504
3622.0000000000            2.0128390789
3623.0000000000            2.0005044937
3624.0000000000            1.9863051176
3625.0000000000            1.9700475931
3626.0000000000            1.9515386820
3627.0000000000            1.9305888414
3628.0000000000            1.9070177078
3629.0000000000            1.8806586266
3630.0000000000            1.8513634205
3631.0000000000            1.8190087080
3632.0000000000            1.7834992409
3633.0000000000            1.7447754145
3634.0000000000            1.7028150558
3635.0000000000            1.6576391459
3636.0000000000            1.6093138456
3637.0000000000            1.5579522848
3638.0000000000            1.5037161112
3639.0000000000            1.4468139410
3640.0000000000            1.3875006437
3641.0000000000            1.3260737658
3642.0000000000            1.2628690004
3643.0000000000            1.1982553005
3644.0000000000            1.1326278448
3645.0000000000            1.0664008856
3646.0000000000            1.0000000000
3647.0000000000            0.9338537455
3648.0000000000            0.8683851957
3649.0000000000            0.8040041327
3650.0000000000            0.7410991192
3651.0000000000            0.6800304651
3652.0000000000            0.6211243868
3653.0000000000            0.5646677613
3654.0000000000            0.5109045506
3655.0000000000            0.4600327611
3656.0000000000            0.4122035801
3657.0000000000            0.3675211370
3658.0000000000            0.3260434866
3659.0000000000            0.2877849638
3660.0000000000            0.2527192533
3661.0000000000            0.2207831144
3662.0000000000            0.1918808520
3663.0000000000            0.1658891439
3664.0000000000            0.1426620036
3665.0000000000            0.1220358089
3666.0000000000            0.1038342193
3667.0000000000            0.0878728479
3668.0000000000            0.0739635155
3669.0000000000            0.0619180799
3670.0000000000            0.0515518188
3671.0000000000            0.0426861681
3672.0000000000            0.0351510234
3673.0000000000            0.0287864450
3674.0000000000            0.0234438851
3675.0000000000            0.0189869646
3676.0000000000            0.0152918287
3677.0000000000            0.0122471564
3678.0000000000            0.0097538838
3679.0000000000            0.0077246963
3680.0000000000            0.0060833436
3681.0000000000            0.0047638300
3682.0000000000            0.0037095351
3683.0000000000            0.0028722931
3684.0000000000            0.0022114704
3685.0000000000            0.0016930668
3686.0000000000            0.0012888587
3687.0000000000            0.0009756024
3688.0000000000            0.0007343026
3689.0000000000            0.0005495542
3690.0000000000            0.0004089574
3691.0000000000            0.0003026055
3692.0000000000            0.0002226415
3693.0000000000            0.0001628791
3694.0000000000            0.0001184825
3695.0000000000            0.0000856985
3696.0000000000            0.0000616342
3697.0000000000            0.0000440758
