1897.0000000000            3.5275378227
1898.0000000000            3.5270159245
1899.0000000000            3.5264937878
1900.0000000000            3.5259706974
1901.0000000000            3.5254473686
1902.0000000000            3.5249233246
1903.0000000000            3.5243988037
1904.0000000000            3.5238735676
1905.0000000000            3.5233478546
1906.0000000000            3.5228219032
1907.0000000000            3.5222949982
1908.0000000000            3.5217678547
1909.0000000000            3.5212399960
1910.0000000000            3.5207118988
1911.0000000000            3.5201830864
1912.0000000000            3.5196537971
1913.0000000000            3.5191237926
1914.0000000000            3.5185933113
1915.0000000000            3.5180623531
1916.0000000000            3.5175306797
1917.0000000000            3.5169987679
1918.0000000000            3.5164659023
1919.0000000000            3.5159327984
1920.0000000000            3.5153992176
1921.0000000000            3.5148651600
1922.0000000000            3.5143303871
1923.0000000000            3.5137948990
1924.0000000000            3.5132589340
1925.0000000000            3.5127224922
1926.0000000000            3.5121855736
1927.0000000000            3.5116484165
1928.0000000000            3.5111100674
1929.0000000000            3.5105719566
1930.0000000000            3.5100326538
1931.0000000000            3.5094933510
1932.0000000000            3.5089528561
1933.0000000000            3.5084123611
1934.0000000000            3.5078711510
1935.0000000000            3.5073294640
1936.0000000000            3.5067870617
1937.0000000000            3.5062444210
1938.0000000000            3.5057013035
1939.0000000000            3.5051569939
1940.0000000000            3.5046129227
1941.0000000000            3.5040678978
1942.0000000000            3.5035223961
1943.0000000000            3.5029761791
1944.0000000000            3.5024299622
1945.0000000000            3.5018827915
1946.0000000000            3.5013351440
1947.0000000000            3.5007870197
1948.0000000000            3.5002384186
1949.0000000000            3.4996891022
1950.0000000000            3.4991393089
1951.0000000000            3.4985892773
1952.0000000000            3.4980385303
1953.0000000000            3.4974870682
1954.0000000000            3.4969351292
1955.0000000000            3.4963827133
1956.0000000000            3.4958298206
1957.0000000000            3.4952762127
1958.0000000000            3.4947223663
1959.0000000000            3.4941678047
1960.0000000000            3.4936125278
1961.0000000000            3.4930567741
1962.0000000000            3.4925010204
1963.0000000000            3.4919443130
1964.0000000000            3.4913868904
1965.0000000000            3.4908292294
1966.0000000000            3.4902710915
1967.0000000000            3.4897122383
1968.0000000000            3.4891529083
1969.0000000000            3.4885931015
1970.0000000000            3.4880330563
1971.0000000000            3.4874718189
1972.0000000000            3.4869105816
1973.0000000000            3.4863486290
1974.0000000000            3.4857861996
1975.0000000000            3.4852230549
1976.0000000000            3.4846594334
1977.0000000000            3.4840953350
1978.0000000000            3.4835309982
1979.0000000000            3.4829654694
1980.0000000000            3.4823999405
1981.0000000000            3.4818336964
1982.0000000000            3.4812669754
1983.0000000000            3.4807000160
1984.0000000000            3.4801321030
1985.0000000000            3.4795637131
1986.0000000000            3.4789948463
1987.0000000000            3.4784257412
1988.0000000000            3.4778556824
1989.0000000000            3.4772851467
1990.0000000000            3.4767143726
1991.0000000000            3.4761431217
1992.0000000000            3.4755706787
1993.0000000000            3.4749984741
1994.0000000000            3.4744253159
1995.0000000000            3.4738516808
1996.0000000000            3.4732775688
1997.0000000000            3.4727029800
1998.0000000000            3.4721279144
1999.0000000000            3.4715521336
2000.0000000000            3.4709758759
2001.0000000000            3.4703993797
2002.0000000000            3.4698219299
2003.0000000000            3.4692444801
2004.0000000000            3.4686660767
2005.0000000000            3.4680871964
2006.0000000000            3.4675080776
2007.0000000000            3.4669280052
2008.0000000000            3.4663476944
2009.0000000000            3.4657666683
2010.0000000000            3.4651854038
2011.0000000000            3.4646034241
2012.0000000000            3.4640209675
2013.0000000000            3.4634377956
2014.0000000000            3.4628543854
2015.0000000000            3.4622702599
2016.0000000000            3.4616854191
2017.0000000000            3.4611008167
2018.0000000000            3.4605147839
2019.0000000000            3.4599289894
2020.0000000000            3.4593420029
2021.0000000000            3.4587547779
2022.0000000000            3.4581673145
2023.0000000000            3.4575788975
2024.0000000000            3.4569902420
2025.0000000000            3.4564008713
2026.0000000000            3.4558112621
2027.0000000000            3.4552209377
2028.0000000000            3.4546301365
2029.0000000000            3.4540388584
2030.0000000000            3.4534471035
2031.0000000000            3.4528546333
2032.0000000000            3.4522616863
2033.0000000000            3.4516682625
2034.0000000000            3.4510743618
2035.0000000000            3.4504797459
2036.0000000000            3.4498848915
2037.0000000000            3.4492893219
2038.0000000000            3.4486932755
2039.0000000000            3.4480967522
2040.0000000000            3.4474997520
2041.0000000000            3.4469020367
2042.0000000000            3.4463040829
2043.0000000000            3.4457054138
2044.0000000000            3.4451062679
2045.0000000000            3.4445066452
2046.0000000000            3.4439063072
2047.0000000000            3.4433059692
2048.0000000000            3.4427044392
2049.0000000000            3.4421029091
2050.0000000000            3.4415006638
2051.0000000000            3.4408979416
2052.0000000000            3.4402947426
2053.0000000000            3.4396910667
2054.0000000000            3.4390864372
2055.0000000000            3.4384818077
2056.0000000000            3.4378764629
2057.0000000000            3.4372704029
2058.0000000000            3.4366645813
2059.0000000000            3.4360573292
2060.0000000000            3.4354500771
2061.0000000000            3.4348423481
2062.0000000000            3.4342339039
2063.0000000000            3.4336247444
2064.0000000000            3.4330155849
2065.0000000000            3.4324052334
2066.0000000000            3.4317948818
2067.0000000000            3.4311838150
2068.0000000000            3.4305722713
2069.0000000000            3.4299604893
2070.0000000000            3.4293477535
2071.0000000000            3.4287347794
2072.0000000000            3.4281215668
2073.0000000000            3.4275071621
2074.0000000000            3.4268927574
2075.0000000000            3.4262778759
2076.0000000000            3.4256620407
2077.0000000000            3.4250459671
2078.0000000000            3.4244294167
2079.0000000000            3.4238123894
2080.0000000000            3.4231946468
2081.0000000000            3.4225764275
2082.0000000000            3.4219577312
2083.0000000000            3.4213385582
2084.0000000000            3.4207191467
2085.0000000000            3.4200987816
2086.0000000000            3.4194781780
2087.0000000000            3.4188568592
2088.0000000000            3.4182353020
2089.0000000000            3.4176127911
2090.0000000000            3.4169902802
2091.0000000000            3.4163670540
2092.0000000000            3.4157433510
2093.0000000000            3.4151189327
2094.0000000000            3.4144942760
2095.0000000000            3.4138691425
2096.0000000000            3.4132432938
2097.0000000000            3.4126169682
2098.0000000000            3.4119901657
2099.0000000000            3.4113628864
2100.0000000000            3.4107351303
2101.0000000000            3.4101068974
2102.0000000000            3.4094781876
2103.0000000000            3.4088485241
2104.0000000000            3.4082188606
2105.0000000000            3.4075887203
2106.0000000000            3.4069578648
2107.0000000000            3.4063265324
2108.0000000000            3.4056944847
2109.0000000000            3.4050624371
2110.0000000000            3.4044291973
2111.0000000000            3.4037961960
2112.0000000000            3.4031622410
2113.0000000000            3.4025278091
2114.0000000000            3.4018929005
2115.0000000000            3.4012577534
2116.0000000000            3.4006218910
2117.0000000000            3.3999853134
2118.0000000000            3.3993482590
2119.0000000000            3.3987109661
2120.0000000000            3.3980729580
2121.0000000000            3.3974347115
2122.0000000000            3.3967959881
2123.0000000000            3.3961567879
2124.0000000000            3.3955166340
2125.0000000000            3.3948762417
2126.0000000000            3.3942353725
2127.0000000000            3.3935940266
2128.0000000000            3.3929522038
2129.0000000000            3.3923096657
2130.0000000000            3.3916668892
2131.0000000000            3.3910231590
2132.0000000000            3.3903794289
2133.0000000000            3.3897352219
2134.0000000000            3.3890902996
2135.0000000000            3.3884449005
2136.0000000000            3.3877990246
2137.0000000000            3.3871526718
2138.0000000000            3.3865056038
2139.0000000000            3.3858582973
2140.0000000000            3.3852105141
2141.0000000000            3.3845620155
2142.0000000000            3.3839130402
2143.0000000000            3.3832638264
2144.0000000000            3.3826136589
2145.0000000000            3.3819637299
2146.0000000000            3.3813128471
2147.0000000000            3.3806612492
2148.0000000000            3.3800094128
2149.0000000000            3.3793570995
2150.0000000000            3.3787043095
2151.0000000000            3.3780510426
2152.0000000000            3.3773970604
2153.0000000000            3.3767426014
2154.0000000000            3.3760879040
2155.0000000000            3.3754327297
2156.0000000000            3.3747766018
2157.0000000000            3.3741204739
2158.0000000000            3.3734638691
2159.0000000000            3.3728063107
2160.0000000000            3.3721485138
2161.0000000000            3.3714900017
2162.0000000000            3.3708314896
2163.0000000000            3.3701720238
2164.0000000000            3.3695125580
2165.0000000000            3.3688523769
2166.0000000000            3.3681914806
2167.0000000000            3.3675301075
2168.0000000000            3.3668684959
2169.0000000000            3.3662061691
2170.0000000000            3.3655436039
2171.0000000000            3.3648800850
2172.0000000000            3.3642165661
2173.0000000000            3.3635523319
2174.0000000000            3.3628876209
2175.0000000000            3.3622226715
2176.0000000000            3.3615567684
2177.0000000000            3.3608906269
2178.0000000000            3.3602242470
2179.0000000000            3.3595571518
2180.0000000000            3.3588895798
2181.0000000000            3.3582212925
2182.0000000000            3.3575527668
2183.0000000000            3.3568837643
2184.0000000000            3.3562142849
2185.0000000000            3.3555438519
2186.0000000000            3.3548736572
2187.0000000000            3.3542027473
2188.0000000000            3.3535308838
2189.0000000000            3.3528590202
2190.0000000000            3.3521864414
2191.0000000000            3.3515133858
2192.0000000000            3.3508400917
2193.0000000000            3.3501663208
2194.0000000000            3.3494918346
2195.0000000000            3.3488168716
2196.0000000000            3.3481414318
2197.0000000000            3.3474655151
2198.0000000000            3.3467891216
2199.0000000000            3.3461124897
2200.0000000000            3.3454349041
2201.0000000000            3.3447573185
2202.0000000000            3.3440790176
2203.0000000000            3.3434000015
2204.0000000000            3.3427209854
2205.0000000000            3.3420410156
2206.0000000000            3.3413610458
2207.0000000000            3.3406801224
2208.0000000000            3.3399987221
2209.0000000000            3.3393173218
2210.0000000000            3.3386352062
2211.0000000000            3.3379523754
2212.0000000000            3.3372693062
2213.0000000000            3.3365857601
2214.0000000000            3.3359014988
2215.0000000000            3.3352169991
2216.0000000000            3.3345322609
2217.0000000000            3.3338465691
2218.0000000000            3.3331606388
2219.0000000000            3.3324739933
2220.0000000000            3.3317871094
2221.0000000000            3.3310997486
2222.0000000000            3.3304116726
2223.0000000000            3.3297233582
2224.0000000000            3.3290345669
2225.0000000000            3.3283450603
2226.0000000000            3.3276553154
2227.0000000000            3.3269648552
2228.0000000000            3.3262743950
2229.0000000000            3.3255829811
2230.0000000000            3.3248915672
2231.0000000000            3.3241994381
2232.0000000000            3.3235063553
2233.0000000000            3.3228132725
2234.0000000000            3.3221197128
2235.0000000000            3.3214256763
2236.0000000000            3.3207311630
2237.0000000000            3.3200361729
2238.0000000000            3.3193404675
2239.0000000000            3.3186445236
2240.0000000000            3.3179481030
2241.0000000000            3.3172509670
2242.0000000000            3.3165535927
2243.0000000000            3.3158557415
2244.0000000000            3.3151574135
2245.0000000000            3.3144586086
2246.0000000000            3.3137590885
2247.0000000000            3.3130595684
2248.0000000000            3.3123590946
2249.0000000000            3.3116586208
2250.0000000000            3.3109574318
2251.0000000000            3.3102557659
2252.0000000000            3.3095533848
2253.0000000000            3.3088507652
2254.0000000000            3.3081479073
2255.0000000000            3.3074443340
2256.0000000000            3.3067402840
2257.0000000000            3.3060359955
2258.0000000000            3.3053307533
2259.0000000000            3.3046255112
2260.0000000000            3.3039197922
2261.0000000000            3.3032133579
2262.0000000000            3.3025064468
2263.0000000000            3.3017990589
2264.0000000000            3.3010914326
2265.0000000000            3.3003830910
2266.0000000000            3.2996745110
2267.0000000000            3.2989652157
2268.0000000000            3.2982556820
2269.0000000000            3.2975456715
2270.0000000000            3.2968351841
2271.0000000000            3.2961242199
2272.0000000000            3.2954125404
2273.0000000000            3.2947006226
2274.0000000000            3.2939882278
2275.0000000000            3.2932755947
2276.0000000000            3.2925622463
2277.0000000000            3.2918484211
2278.0000000000            3.2911338806
2279.0000000000            3.2904191017
2280.0000000000            3.2897040844
2281.0000000000            3.2889885902
2282.0000000000            3.2882723808
2283.0000000000            3.2875559330
2284.0000000000            3.2868387699
2285.0000000000            3.2861211300
2286.0000000000            3.2854032516
2287.0000000000            3.2846848965
2288.0000000000            3.2839660645
2289.0000000000            3.2832467556
2290.0000000000            3.2825267315
2291.0000000000            3.2818067074
2292.0000000000            3.2810859680
2293.0000000000            3.2803647518
2294.0000000000            3.2796430588
2295.0000000000            3.2789208889
2296.0000000000            3.2781984806
2297.0000000000            3.2774753571
2298.0000000000            3.2767519951
2299.0000000000            3.2760281563
2300.0000000000            3.2753036022
2301.0000000000            3.2745790482
2302.0000000000            3.2738535404
2303.0000000000            3.2731280327
2304.0000000000            3.2724018097
2305.0000000000            3.2716751099
2306.0000000000            3.2709479332
2307.0000000000            3.2702202797
2308.0000000000            3.2694921494
2309.0000000000            3.2687637806
2310.0000000000            3.2680349350
2311.0000000000            3.2673053741
2312.0000000000            3.2665758133
2313.0000000000            3.2658452988
2314.0000000000            3.2651145458
2315.0000000000            3.2643835545
2316.0000000000            3.2636520863
2317.0000000000            3.2629199028
2318.0000000000            3.2621874809
2319.0000000000            3.2614541054
2320.0000000000            3.2607209682
2321.0000000000            3.2599871159
2322.0000000000            3.2592525482
2323.0000000000            3.2585179806
2324.0000000000            3.2577826977
2325.0000000000            3.2570469379
2326.0000000000            3.2563107014
2327.0000000000            3.2555739880
2328.0000000000            3.2548370361
2329.0000000000            3.2540996075
2330.0000000000            3.2533614635
2331.0000000000            3.2526230812
2332.0000000000            3.2518844604
2333.0000000000            3.2511453629
2334.0000000000            3.2504055500
2335.0000000000            3.2496652603
2336.0000000000            3.2489249706
2337.0000000000            3.2481837273
2338.0000000000            3.2474422455
2339.0000000000            3.2467002869
2340.0000000000            3.2459576130
2341.0000000000            3.2452151775
2342.0000000000            3.2444717884
2343.0000000000            3.2437279224
2344.0000000000            3.2429838181
2345.0000000000            3.2422392368
2346.0000000000            3.2414941788
2347.0000000000            3.2407486439
2348.0000000000            3.2400023937
2349.0000000000            3.2392563820
2350.0000000000            3.2385094166
2351.0000000000            3.2377622128
2352.0000000000            3.2370145321
2353.0000000000            3.2362663746
2354.0000000000            3.2355177402
2355.0000000000            3.2347686291
2356.0000000000            3.2340190411
2357.0000000000            3.2332692146
2358.0000000000            3.2325191498
2359.0000000000            3.2317681313
2360.0000000000            3.2310168743
2361.0000000000            3.2302651405
2362.0000000000            3.2295131683
2363.0000000000            3.2287607193
2364.0000000000            3.2280075550
2365.0000000000            3.2272543907
2366.0000000000            3.2265005112
2367.0000000000            3.2257461548
2368.0000000000            3.2249915600
2369.0000000000            3.2242362499
2370.0000000000            3.2234807014
2371.0000000000            3.2227249146
2372.0000000000            3.2219684124
2373.0000000000            3.2212114334
2374.0000000000            3.2204539776
2375.0000000000            3.2196960449
2376.0000000000            3.2189378738
2377.0000000000            3.2181792259
2378.0000000000            3.2174203396
2379.0000000000            3.2166607380
2380.0000000000            3.2159008980
2381.0000000000            3.2151405811
2382.0000000000            3.2143800259
2383.0000000000            3.2136185169
2384.0000000000            3.2128570080
2385.0000000000            3.2120947838
2386.0000000000            3.2113325596
2387.0000000000            3.2105693817
2388.0000000000            3.2098059654
2389.0000000000            3.2090423107
2390.0000000000            3.2082781792
2391.0000000000            3.2075133324
2392.0000000000            3.2067484856
2393.0000000000            3.2059829235
2394.0000000000            3.2052166462
2395.0000000000            3.2044506073
2396.0000000000            3.2036836147
2397.0000000000            3.2029163837
2398.0000000000            3.2021486759
2399.0000000000            3.2013807297
2400.0000000000            3.2006123066
2401.0000000000            3.1998431683
2402.0000000000            3.1990737915
2403.0000000000            3.1983041763
2404.0000000000            3.1975340843
2405.0000000000            3.1967635155
2406.0000000000            3.1959924698
2407.0000000000            3.1952209473
2408.0000000000            3.1944489479
2409.0000000000            3.1936767101
2410.0000000000            3.1929039955
2411.0000000000            3.1921308041
2412.0000000000            3.1913573742
2413.0000000000            3.1905834675
2414.0000000000            3.1898088455
2415.0000000000            3.1890339851
2416.0000000000            3.1882586479
2417.0000000000            3.1874830723
2418.0000000000            3.1867067814
2419.0000000000            3.1859304905
2420.0000000000            3.1851534843
2421.0000000000            3.1843762398
2422.0000000000            3.1835985184
2423.0000000000            3.1828203201
2424.0000000000            3.1820414066
2425.0000000000            3.1812627316
2426.0000000000            3.1804833412
2427.0000000000            3.1797032356
2428.0000000000            3.1789231300
2429.0000000000            3.1781423092
2430.0000000000            3.1773612499
2431.0000000000            3.1765797138
2432.0000000000            3.1757979393
2433.0000000000            3.1750156879
2434.0000000000            3.1742327213
2435.0000000000            3.1734495163
2436.0000000000            3.1726660728
2437.0000000000            3.1718821526
2438.0000000000            3.1710977554
2439.0000000000            3.1703128815
2440.0000000000            3.1695275307
2441.0000000000            3.1687419415
2442.0000000000            3.1679558754
2443.0000000000            3.1671695709
2444.0000000000            3.1663823128
2445.0000000000            3.1655952930
2446.0000000000            3.1648075581
2447.0000000000            3.1640195847
2448.0000000000            3.1632311344
2449.0000000000            3.1624419689
2450.0000000000            3.1616528034
2451.0000000000            3.1608629227
2452.0000000000            3.1600728035
2453.0000000000            3.1592822075
2454.0000000000            3.1584913731
2455.0000000000            3.1577000618
2456.0000000000            3.1569082737
2457.0000000000            3.1561160088
2458.0000000000            3.1553232670
2459.0000000000            3.1545302868
2460.0000000000            3.1537370682
2461.0000000000            3.1529433727
2462.0000000000            3.1521489620
2463.0000000000            3.1513543129
2464.0000000000            3.1505596638
2465.0000000000            3.1497642994
2466.0000000000            3.1489682198
2467.0000000000            3.1481721401
2468.0000000000            3.1473755836
2469.0000000000            3.1465785503
2470.0000000000            3.1457810402
2471.0000000000            3.1449832916
2472.0000000000            3.1441850662
2473.0000000000            3.1433866024
2474.0000000000            3.1425871849
2475.0000000000            3.1417880058
2476.0000000000            3.1409881115
2477.0000000000            3.1401879787
2478.0000000000            3.1393873692
2479.0000000000            3.1385862827
2480.0000000000            3.1377849579
2481.0000000000            3.1369831562
2482.0000000000            3.1361811161
2483.0000000000            3.1353783607
2484.0000000000            3.1345753670
2485.0000000000            3.1337718964
2486.0000000000            3.1329681873
2487.0000000000            3.1321640015
2488.0000000000            3.1313593388
2489.0000000000            3.1305546761
2490.0000000000            3.1297490597
2491.0000000000            3.1289432049
2492.0000000000            3.1281371117
2493.0000000000            3.1273305416
2494.0000000000            3.1265237331
2495.0000000000            3.1257164478
2496.0000000000            3.1249086857
2497.0000000000            3.1241006851
2498.0000000000            3.1232922077
2499.0000000000            3.1224832535
2500.0000000000            3.1216738224
2501.0000000000            3.1208641529
2502.0000000000            3.1200542450
2503.0000000000            3.1192438602
2504.0000000000            3.1184327602
2505.0000000000            3.1176218987
2506.0000000000            3.1168100834
2507.0000000000            3.1159980297
2508.0000000000            3.1151859760
2509.0000000000            3.1143732071
2510.0000000000            3.1135597229
2511.0000000000            3.1127462387
2512.0000000000            3.1119325161
2513.0000000000            3.1111178398
2514.0000000000            3.1103034019
2515.0000000000            3.1094882488
2516.0000000000            3.1086726189
2517.0000000000            3.1078572273
2518.0000000000            3.1070408821
2519.0000000000            3.1062242985
2520.0000000000            3.1054069996
2521.0000000000            3.1045897007
2522.0000000000            3.1037721634
2523.0000000000            3.1029536724
2524.0000000000            3.1021354198
2525.0000000000            3.1013164520
2526.0000000000            3.1004970074
2527.0000000000            3.0996775627
2528.0000000000            3.0988576412
2529.0000000000            3.0980372429
2530.0000000000            3.0972163677
2531.0000000000            3.0963950157
2532.0000000000            3.0955734253
2533.0000000000            3.0947515965
2534.0000000000            3.0939292908
2535.0000000000            3.0931067467
2536.0000000000            3.0922834873
2537.0000000000            3.0914599895
2538.0000000000            3.0906364918
2539.0000000000            3.0898122787
2540.0000000000            3.0889875889
2541.0000000000            3.0881626606
2542.0000000000            3.0873374939
2543.0000000000            3.0865118504
2544.0000000000            3.0856854916
2545.0000000000            3.0848591328
2546.0000000000            3.0840325356
2547.0000000000            3.0832052231
2548.0000000000            3.0823776722
2549.0000000000            3.0815496445
2550.0000000000            3.0807216167
2551.0000000000            3.0798928738
2552.0000000000            3.0790638924
2553.0000000000            3.0782344341
2554.0000000000            3.0774044991
2555.0000000000            3.0765743256
2556.0000000000            3.0757439137
2557.0000000000            3.0749130249
2558.0000000000            3.0740818977
2559.0000000000            3.0732502937
2560.0000000000            3.0724184513
2561.0000000000            3.0715858936
2562.0000000000            3.0707533360
2563.0000000000            3.0699200630
2564.0000000000            3.0690867901
2565.0000000000            3.0682528019
2566.0000000000            3.0674188137
2567.0000000000            3.0665841103
2568.0000000000            3.0657491684
2569.0000000000            3.0649142265
2570.0000000000            3.0640785694
2571.0000000000            3.0632424355
2572.0000000000            3.0624060631
2573.0000000000            3.0615692139
2574.0000000000            3.0607326031
2575.0000000000            3.0598950386
2576.0000000000            3.0590572357
2577.0000000000            3.0582191944
2578.0000000000            3.0573804379
2579.0000000000            3.0565414429
2580.0000000000            3.0557022095
2581.0000000000            3.0548627377
2582.0000000000            3.0540230274
2583.0000000000            3.0531826019
2584.0000000000            3.0523416996
2585.0000000000            3.0515007973
2586.0000000000            3.0506596565
2587.0000000000            3.0498175621
2588.0000000000            3.0489757061
2589.0000000000            3.0481333733
2590.0000000000            3.0472903252
2591.0000000000            3.0464472771
2592.0000000000            3.0456037521
2593.0000000000            3.0447599888
2594.0000000000            3.0439159870
2595.0000000000            3.0430712700
2596.0000000000            3.0422265530
2597.0000000000            3.0413811207
2598.0000000000            3.0405352116
2599.0000000000            3.0396895409
2600.0000000000            3.0388429165
2601.0000000000            3.0379965305
2602.0000000000            3.0371494293
2603.0000000000            3.0363020897
2604.0000000000            3.0354542732
2605.0000000000            3.0346064568
2606.0000000000            3.0337579250
2607.0000000000            3.0329089165
2608.0000000000            3.0320601463
2609.0000000000            3.0312104225
2610.0000000000            3.0303609371
2611.0000000000            3.0295104980
2612.0000000000            3.0286598206
2613.0000000000            3.0278093815
2614.0000000000            3.0269579887
2615.0000000000            3.0261065960
2616.0000000000            3.0252544880
2617.0000000000            3.0244026184
2618.0000000000            3.0235497952
2619.0000000000            3.0226969719
2620.0000000000            3.0218436718
2621.0000000000            3.0209901333
2622.0000000000            3.0201361179
2623.0000000000            3.0192818642
2624.0000000000            3.0184271336
2625.0000000000            3.0175724030
2626.0000000000            3.0167171955
2627.0000000000            3.0158612728
2628.0000000000            3.0150055885
2629.0000000000            3.0141491890
2630.0000000000            3.0132927895
2631.0000000000            3.0124354362
2632.0000000000            3.0115783215
2633.0000000000            3.0107207298
2634.0000000000            3.0098626614
2635.0000000000            3.0090043545
2636.0000000000            3.0081458092
2637.0000000000            3.0072867870
2638.0000000000            3.0064270496
2639.0000000000            3.0055677891
2640.0000000000            3.0047078133
2641.0000000000            3.0038473606
2642.0000000000            3.0029866695
2643.0000000000            3.0021255016
2644.0000000000            3.0012640953
2645.0000000000            3.0004026890
2646.0000000000            2.9995405674
2647.0000000000            2.9986782074
2648.0000000000            2.9978156090
2649.0000000000            2.9969525337
2650.0000000000            2.9960894585
2651.0000000000            2.9952254295
2652.0000000000            2.9943616390
2653.0000000000            2.9934971333
2654.0000000000            2.9926326275
2655.0000000000            2.9917676449
2656.0000000000            2.9909024239
2657.0000000000            2.9900369644
2658.0000000000            2.9891710281
2659.0000000000            2.9883046150
2660.0000000000            2.9874379635
2661.0000000000            2.9865710735
2662.0000000000            2.9857037067
2663.0000000000            2.9848363400
2664.0000000000            2.9839684963
2665.0000000000            2.9830999374
2666.0000000000            2.9822316170
2667.0000000000            2.9813625813
2668.0000000000            2.9804935455
2669.0000000000            2.9796240330
2670.0000000000            2.9787542820
2671.0000000000            2.9778838158
2672.0000000000            2.9770135880
2673.0000000000            2.9761426449
2674.0000000000            2.9752714634
2675.0000000000            2.9744002819
2676.0000000000            2.9735286236
2677.0000000000            2.9726562500
2678.0000000000            2.9717841148
2679.0000000000            2.9709112644
2680.0000000000            2.9700384140
2681.0000000000            2.9691650867
2682.0000000000            2.9682912827
2683.0000000000            2.9674172401
2684.0000000000            2.9665429592
2685.0000000000            2.9656684399
2686.0000000000            2.9647936821
2687.0000000000            2.9639184475
2688.0000000000            2.9630427361
2689.0000000000            2.9621670246
2690.0000000000            2.9612908363
2691.0000000000            2.9604144096
2692.0000000000            2.9595377445
2693.0000000000            2.9586606026
2694.0000000000            2.9577829838
2695.0000000000            2.9569056034
2696.0000000000            2.9560275078
2697.0000000000            2.9551489353
2698.0000000000            2.9542706013
2699.0000000000            2.9533913136
2700.0000000000            2.9525122643
2701.0000000000            2.9516324997
2702.0000000000            2.9507524967
2703.0000000000            2.9498724937
2704.0000000000            2.9489917755
2705.0000000000            2.9481112957
2706.0000000000            2.9472301006
2707.0000000000            2.9463486671
2708.0000000000            2.9454669952
2709.0000000000            2.9445850849
2710.0000000000            2.9437026978
2711.0000000000            2.9428200722
2712.0000000000            2.9419372082
2713.0000000000            2.9410538673
2714.0000000000            2.9401702881
2715.0000000000            2.9392867088
2716.0000000000            2.9384021759
2717.0000000000            2.9375178814
2718.0000000000            2.9366331100
2719.0000000000            2.9357481003
2720.0000000000            2.9348628521
2721.0000000000            2.9339773655
2722.0000000000            2.9330911636
2723.0000000000            2.9322052002
2724.0000000000            2.9313187599
2725.0000000000            2.9304320812
2726.0000000000            2.9295449257
2727.0000000000            2.9286572933
2728.0000000000            2.9277694225
2729.0000000000            2.9268817902
2730.0000000000            2.9259932041
2731.0000000000            2.9251046181
2732.0000000000            2.9242157936
2733.0000000000            2.9233264923
2734.0000000000            2.9224369526
2735.0000000000            2.9215474129
2736.0000000000            2.9206571579
2737.0000000000            2.9197669029
2738.0000000000            2.9188764095
2739.0000000000            2.9179854393
2740.0000000000            2.9170939922
2741.0000000000            2.9162027836
2742.0000000000            2.9153108597
2743.0000000000            2.9144186974
2744.0000000000            2.9135265350
2745.0000000000            2.9126336575
2746.0000000000            2.9117407799
2747.0000000000            2.9108474255
2748.0000000000            2.9099540710
2749.0000000000            2.9090602398
2750.0000000000            2.9081661701
2751.0000000000            2.9072716236
2752.0000000000            2.9063770771
2753.0000000000            2.9054820538
2754.0000000000            2.9045867920
2755.0000000000            2.9036912918
2756.0000000000            2.9027955532
2757.0000000000            2.9018995762
2758.0000000000            2.9010031223
2759.0000000000            2.9001064301
2760.0000000000            2.8992094994
2761.0000000000            2.8983123302
2762.0000000000            2.8974149227
2763.0000000000            2.8965170383
2764.0000000000            2.8956191540
2765.0000000000            2.8947207928
2766.0000000000            2.8938221931
2767.0000000000            2.8929233551
2768.0000000000            2.8920240402
2769.0000000000            2.8911247253
2770.0000000000            2.8902249336
2771.0000000000            2.8893249035
2772.0000000000            2.8884248734
2773.0000000000            2.8875243664
2774.0000000000            2.8866233826
2775.0000000000            2.8857221603
2776.0000000000            2.8848209381
2777.0000000000            2.8839192390
2778.0000000000            2.8830173016
2779.0000000000            2.8821151257
2780.0000000000            2.8812127113
2781.0000000000            2.8803100586
2782.0000000000            2.8794069290
2783.0000000000            2.8785037994
2784.0000000000            2.8776001930
2785.0000000000            2.8766963482
2786.0000000000            2.8757925034
2787.0000000000            2.8748881817
2788.0000000000            2.8739833832
2789.0000000000            2.8730785847
2790.0000000000            2.8721733093
2791.0000000000            2.8712680340
2792.0000000000            2.8703622818
2793.0000000000            2.8694562912
2794.0000000000            2.8685500622
2795.0000000000            2.8676438332
2796.0000000000            2.8667368889
2797.0000000000            2.8658299446
2798.0000000000            2.8649227619
2799.0000000000            2.8640151024
2800.0000000000            2.8631074429
2801.0000000000            2.8621993065
2802.0000000000            2.8612909317
2803.0000000000            2.8603825569
2804.0000000000            2.8594737053
2805.0000000000            2.8585643768
2806.0000000000            2.8576552868
2807.0000000000            2.8567454815
2808.0000000000            2.8558356762
2809.0000000000            2.8549256325
2810.0000000000            2.8540151119
2811.0000000000            2.8531045914
2812.0000000000            2.8521935940
2813.0000000000            2.8512823582
2814.0000000000            2.8503711224
2815.0000000000            2.8494591713
2816.0000000000            2.8485474586
2817.0000000000            2.8476352692
2818.0000000000            2.8467228413
2819.0000000000            2.8458101749
2820.0000000000            2.8448970318
2821.0000000000            2.8439838886
2822.0000000000            2.8430705070
2823.0000000000            2.8421568871
2824.0000000000            2.8412430286
2825.0000000000            2.8403286934
2826.0000000000            2.8394143581
2827.0000000000            2.8384995461
2828.0000000000            2.8375847340
2829.0000000000            2.8366694450
2830.0000000000            2.8357539177
2831.0000000000            2.8348383904
2832.0000000000            2.8339223862
2833.0000000000            2.8330061436
2834.0000000000            2.8320896626
2835.0000000000            2.8311729431
2836.0000000000            2.8302562237
2837.0000000000            2.8293390274
2838.0000000000            2.8284215927
2839.0000000000            2.8275039196
2840.0000000000            2.8265860081
2841.0000000000            2.8256678581
2842.0000000000            2.8247494698
2843.0000000000            2.8238308430
2844.0000000000            2.8229119778
2845.0000000000            2.8219928741
2846.0000000000            2.8210735321
2847.0000000000            2.8201539516
2848.0000000000            2.8192341328
2849.0000000000            2.8183140755
2850.0000000000            2.8173935413
2851.0000000000            2.8164732456
2852.0000000000            2.8155522346
2853.0000000000            2.8146312237
2854.0000000000            2.8137099743
2855.0000000000            2.8127884865
2856.0000000000            2.8118667603
2857.0000000000            2.8109447956
2858.0000000000            2.8100225925
2859.0000000000            2.8091001511
2860.0000000000            2.8081774712
2861.0000000000            2.8072545528
2862.0000000000            2.8063313961
2863.0000000000            2.8054080009
2864.0000000000            2.8044843674
2865.0000000000            2.8035604954
2866.0000000000            2.8026366234
2867.0000000000            2.8017122746
2868.0000000000            2.8007876873
2869.0000000000            2.7998631001
2870.0000000000            2.7989380360
2871.0000000000            2.7980127335
2872.0000000000            2.7970871925
2873.0000000000            2.7961616516
2874.0000000000            2.7952356339
2875.0000000000            2.7943096161
2876.0000000000            2.7933833599
2877.0000000000            2.7924566269
2878.0000000000            2.7915298939
2879.0000000000            2.7906029224
2880.0000000000            2.7896754742
2881.0000000000            2.7887480259
2882.0000000000            2.7878203392
2883.0000000000            2.7868926525
2884.0000000000            2.7859642506
2885.0000000000            2.7850358486
2886.0000000000            2.7841074467
2887.0000000000            2.7831785679
2888.0000000000            2.7822494507
2889.0000000000            2.7813203335
2890.0000000000            2.7803907394
2891.0000000000            2.7794611454
2892.0000000000            2.7785310745
2893.0000000000            2.7776012421
2894.0000000000            2.7766706944
2895.0000000000            2.7757401466
2896.0000000000            2.7748093605
2897.0000000000            2.7738783360
2898.0000000000            2.7729473114
2899.0000000000            2.7720158100
2900.0000000000            2.7710843086
2901.0000000000            2.7701523304
2902.0000000000            2.7692203522
2903.0000000000            2.7682878971
2904.0000000000            2.7673554420
2905.0000000000            2.7664227486
2906.0000000000            2.7654898167
2907.0000000000            2.7645566463
2908.0000000000            2.7636232376
2909.0000000000            2.7626898289
2910.0000000000            2.7617561817
2911.0000000000            2.7608220577
2912.0000000000            2.7598879337
2913.0000000000            2.7589535713
2914.0000000000            2.7580189705
2915.0000000000            2.7570841312
2916.0000000000            2.7561490536
2917.0000000000            2.7552139759
2918.0000000000            2.7542786598
2919.0000000000            2.7533431053
2920.0000000000            2.7524070740
2921.0000000000            2.7514710426
2922.0000000000            2.7505347729
2923.0000000000            2.7495982647
2924.0000000000            2.7486617565
2925.0000000000            2.7477247715
2926.0000000000            2.7467877865
2927.0000000000            2.7458505630
2928.0000000000            2.7449131012
2929.0000000000            2.7439754009
2930.0000000000            2.7430377007
2931.0000000000            2.7420995235
2932.0000000000            2.7411613464
2933.0000000000            2.7402229309
2934.0000000000            2.7392842770
2935.0000000000            2.7383453846
2936.0000000000            2.7374064922
2937.0000000000            2.7364671230
2938.0000000000            2.7355277538
2939.0000000000            2.7345881462
2940.0000000000            2.7336483002
2941.0000000000            2.7327082157
2942.0000000000            2.7317681313
2943.0000000000            2.7308275700
2944.0000000000            2.7298870087
2945.0000000000            2.7289462090
2946.0000000000            2.7280051708
2947.0000000000            2.7270641327
2948.0000000000            2.7261226177
2949.0000000000            2.7251811028
2950.0000000000            2.7242395878
2951.0000000000            2.7232973576
2952.0000000000            2.7223553658
2953.0000000000            2.7214131355
2954.0000000000            2.7204706669
2955.0000000000            2.7195279598
2956.0000000000            2.7185850143
2957.0000000000            2.7176420689
2958.0000000000            2.7166986465
2959.0000000000            2.7157552242
2960.0000000000            2.7148118019
2961.0000000000            2.7138679028
2962.0000000000            2.7129240036
2963.0000000000            2.7119796276
2964.0000000000            2.7110354900
2965.0000000000            2.7100908756
2966.0000000000            2.7091460228
2967.0000000000            2.7082011700
2968.0000000000            2.7072560787
2969.0000000000            2.7063109875
2970.0000000000            2.7053654194
2971.0000000000            2.7044198513
2972.0000000000            2.7034740448
2973.0000000000            2.7025279999
2974.0000000000            2.7015819550
2975.0000000000            2.7006356716
2976.0000000000            2.6996891499
2977.0000000000            2.6987423897
2978.0000000000            2.6977953911
2979.0000000000            2.6968483925
2980.0000000000            2.6959013939
2981.0000000000            2.6949539185
2982.0000000000            2.6940062046
2983.0000000000            2.6930584908
2984.0000000000            2.6921105385
2985.0000000000            2.6911625862
2986.0000000000            2.6902143955
2987.0000000000            2.6892659664
2988.0000000000            2.6883172989
2989.0000000000            2.6873683929
2990.0000000000            2.6864197254
2991.0000000000            2.6854705811
2992.0000000000            2.6845211983
2993.0000000000            2.6835718155
2994.0000000000            2.6826221943
2995.0000000000            2.6816723347
2996.0000000000            2.6807224751
2997.0000000000            2.6797723770
2998.0000000000            2.6788220406
2999.0000000000            2.6778714657
3000.0000000000            2.6769208908
3001.0000000000            2.6759703159
3002.0000000000            2.6750192642
3003.0000000000            2.6740682125
3004.0000000000            2.6731169224
3005.0000000000            2.6721653938
3006.0000000000            2.6712138653
3007.0000000000            2.6702620983
3008.0000000000            2.6693100929
3009.0000000000            2.6683580875
3010.0000000000            2.6674058437
3011.0000000000            2.6664535999
3012.0000000000            2.6655011177
3013.0000000000            2.6645481586
3014.0000000000            2.6635954380
3015.0000000000            2.6626424789
3016.0000000000            2.6616890430
3017.0000000000            2.6607358456
3018.0000000000            2.6597821712
3019.0000000000            2.6588284969
3020.0000000000            2.6578748226
3021.0000000000            2.6569209099
3022.0000000000            2.6559669971
3023.0000000000            2.6550126076
3024.0000000000            2.6540582180
3025.0000000000            2.6531035900
3026.0000000000            2.6521489620
3027.0000000000            2.6511940956
3028.0000000000            2.6502389908
3029.0000000000            2.6492836475
3030.0000000000            2.6483285427
3031.0000000000            2.6473729610
3032.0000000000            2.6464173794
3033.0000000000            2.6454615593
3034.0000000000            2.6445055008
3035.0000000000            2.6435494423
3036.0000000000            2.6425933838
3037.0000000000            2.6416368484
3038.0000000000            2.6406805515
3039.0000000000            2.6397237778
3040.0000000000            2.6387670040
3041.0000000000            2.6378099918
3042.0000000000            2.6368529797
3043.0000000000            2.6358957291
3044.0000000000            2.6349382401
3045.0000000000            2.6339807510
3046.0000000000            2.6330230236
3047.0000000000            2.6320655346
3048.0000000000            2.6311073303
3049.0000000000            2.6301493645
3050.0000000000            2.6291909218
3051.0000000000            2.6282327175
3052.0000000000            2.6272742748
3053.0000000000            2.6263155937
3054.0000000000            2.6253569126
3055.0000000000            2.6243979931
3056.0000000000            2.6234388351
3057.0000000000            2.6224796772
3058.0000000000            2.6215202808
3059.0000000000            2.6205608845
3060.0000000000            2.6196012497
3061.0000000000            2.6186416149
3062.0000000000            2.6176815033
3063.0000000000            2.6167216301
3064.0000000000            2.6157615185
3065.0000000000            2.6148014069
3066.0000000000            2.6138408184
3067.0000000000            2.6128804684
3068.0000000000            2.6119198799
3069.0000000000            2.6109590530
3070.0000000000            2.6099979877
3071.0000000000            2.6090369225
3072.0000000000            2.6080756187
3073.0000000000            2.6071145535
3074.0000000000            2.6061530113
3075.0000000000            2.6051914692
3076.0000000000            2.6042296886
3077.0000000000            2.6032681465
3078.0000000000            2.6023061275
3079.0000000000            2.6013441086
3080.0000000000            2.6003818512
3081.0000000000            2.5994195938
3082.0000000000            2.5984570980
3083.0000000000            2.5974946022
3084.0000000000            2.5965318680
3085.0000000000            2.5955688953
3086.0000000000            2.5946061611
3087.0000000000            2.5936429501
3088.0000000000            2.5926797390
3089.0000000000            2.5917165279
3090.0000000000            2.5907530785
3091.0000000000            2.5897898674
3092.0000000000            2.5888259411
3093.0000000000            2.5878622532
3094.0000000000            2.5868983269
3095.0000000000            2.5859344006
3096.0000000000            2.5849702358
3097.0000000000            2.5840060711
3098.0000000000            2.5830419064
3099.0000000000            2.5820772648
3100.0000000000            2.5811126232
3101.0000000000            2.5801482201
3102.0000000000            2.5791833401
3103.0000000000            2.5782184601
3104.0000000000            2.5772533417
3105.0000000000            2.5762882233
3106.0000000000            2.5753228664
3107.0000000000            2.5743575096
3108.0000000000            2.5733921528
3109.0000000000            2.5724265575
3110.0000000000            2.5714607239
3111.0000000000            2.5704948902
3112.0000000000            2.5695290565
3113.0000000000            2.5685632229
3114.0000000000            2.5675969124
3115.0000000000            2.5666308403
3116.0000000000            2.5656642914
3117.0000000000            2.5646977425
3118.0000000000            2.5637314320
3119.0000000000            2.5627648830
3120.0000000000            2.5617978573
3121.0000000000            2.5608310699
3122.0000000000            2.5598640442
3123.0000000000            2.5588970184
3124.0000000000            2.5579297543
3125.0000000000            2.5569627285
3126.0000000000            2.5559952259
3127.0000000000            2.5550277233
3128.0000000000            2.5540602207
3129.0000000000            2.5530924797
3130.0000000000            2.5521247387
3131.0000000000            2.5511567593
3132.0000000000            2.5501890182
3133.0000000000            2.5492208004
3134.0000000000            2.5482525826
3135.0000000000            2.5472843647
3136.0000000000            2.5463159084
3137.0000000000            2.5453476906
3138.0000000000            2.5443789959
3139.0000000000            2.5434103012
3140.0000000000            2.5424416065
3141.0000000000            2.5414726734
3142.0000000000            2.5405037403
3143.0000000000            2.5395348072
3144.0000000000            2.5385656357
3145.0000000000            2.5375964642
3146.0000000000            2.5366272926
3147.0000000000            2.5356578827
3148.0000000000            2.5346882343
3149.0000000000            2.5337188244
3150.0000000000            2.5327491760
3151.0000000000            2.5317792892
3152.0000000000            2.5308094025
3153.0000000000            2.5298397541
3154.0000000000            2.5288696289
3155.0000000000            2.5278995037
3156.0000000000            2.5269293785
3157.0000000000            2.5259590149
3158.0000000000            2.5249886513
3159.0000000000            2.5240182877
3160.0000000000            2.5230476856
3161.0000000000            2.5220770836
3162.0000000000            2.5211064816
3163.0000000000            2.5201356411
3164.0000000000            2.5191648006
3165.0000000000            2.5181937218
3166.0000000000            2.5172228813
3167.0000000000            2.5162518024
3168.0000000000            2.5152804852
3169.0000000000            2.5143094063
3170.0000000000            2.5133380890
3171.0000000000            2.5123665333
3172.0000000000            2.5113952160
3173.0000000000            2.5104234219
3174.0000000000            2.5094518661
3175.0000000000            2.5084803104
3176.0000000000            2.5075082779
3177.0000000000            2.5065364838
3178.0000000000            2.5055644512
3179.0000000000            2.5045926571
3180.0000000000            2.5036203861
3181.0000000000            2.5026481152
3182.0000000000            2.5016758442
3183.0000000000            2.5007035732
3184.0000000000            2.4997313023
3185.0000000000            2.4987587929
3186.0000000000            2.4977862835
3187.0000000000            2.4968137741
3188.0000000000            2.4958410263
3189.0000000000            2.4948682785
3190.0000000000            2.4938952923
3191.0000000000            2.4929225445
3192.0000000000            2.4919495583
3193.0000000000            2.4909765720
3194.0000000000            2.4900035858
3195.0000000000            2.4890303612
3196.0000000000            2.4880571365
3197.0000000000            2.4870839119
3198.0000000000            2.4861104488
3199.0000000000            2.4851372242
3200.0000000000            2.4841637611
3201.0000000000            2.4831900597
3202.0000000000            2.4822165966
3203.0000000000            2.4812428951
3204.0000000000            2.4802689552
3205.0000000000            2.4792954922
3206.0000000000            2.4783213139
3207.0000000000            2.4773476124
3208.0000000000            2.4763736725
3209.0000000000            2.4753994942
3210.0000000000            2.4744255543
3211.0000000000            2.4734513760
3212.0000000000            2.4724771976
3213.0000000000            2.4715027809
3214.0000000000            2.4705286026
3215.0000000000            2.4695541859
3216.0000000000            2.4685797691
3217.0000000000            2.4676053524
3218.0000000000            2.4666306973
3219.0000000000            2.4656560421
3220.0000000000            2.4646816254
3221.0000000000            2.4637069702
3222.0000000000            2.4627320766
3223.0000000000            2.4617571831
3224.0000000000            2.4607825279
3225.0000000000            2.4598076344
3226.0000000000            2.4588325024
3227.0000000000            2.4578573704
3228.0000000000            2.4568824768
3229.0000000000            2.4559073448
3230.0000000000            2.4549322128
3231.0000000000            2.4539568424
3232.0000000000            2.4529817104
3233.0000000000            2.4520065784
3234.0000000000            2.4510312080
3235.0000000000            2.4500555992
3236.0000000000            2.4490802288
3237.0000000000            2.4481048584
3238.0000000000            2.4471292496
3239.0000000000            2.4461538792
3240.0000000000            2.4451780319
3241.0000000000            2.4442024231
3242.0000000000            2.4432268143
3243.0000000000            2.4422509670
3244.0000000000            2.4412753582
3245.0000000000            2.4402992725
3246.0000000000            2.4393234253
3247.0000000000            2.4383475780
3248.0000000000            2.4373714924
3249.0000000000            2.4363956451
3250.0000000000            2.4354195595
3251.0000000000            2.4344434738
3252.0000000000            2.4334673882
3253.0000000000            2.4324913025
3254.0000000000            2.4315149784
3255.0000000000            2.4305388927
3256.0000000000            2.4295628071
3257.0000000000            2.4285864830
3258.0000000000            2.4276099205
3259.0000000000            2.4266338348
3260.0000000000            2.4256572723
3261.0000000000            2.4246809483
3262.0000000000            2.4237043858
3263.0000000000            2.4227280617
3264.0000000000            2.4217514992
3265.0000000000            2.4207749367
3266.0000000000            2.4197983742
3267.0000000000            2.4188218117
3268.0000000000            2.4178452492
3269.0000000000            2.4168684483
3270.0000000000            2.4158918858
3271.0000000000            2.4149150848
3272.0000000000            2.4139382839
3273.0000000000            2.4129614830
3274.0000000000            2.4119846821
3275.0000000000            2.4110078812
3276.0000000000            2.4100310802
3277.0000000000            2.4090540409
3278.0000000000            2.4080772400
3279.0000000000            2.4071002007
3280.0000000000            2.4061231613
3281.0000000000            2.4051463604
3282.0000000000            2.4041693211
3283.0000000000            2.4031922817
3284.0000000000            2.4022152424
3285.0000000000            2.4012382030
3286.0000000000            2.4002611637
3287.0000000000            2.3992841244
3288.0000000000            2.3983068466
3289.0000000000            2.3973298073
3290.0000000000            2.3963527679
3291.0000000000            2.3953752518
3292.0000000000            2.3943982124
3293.0000000000            2.3934209347
3294.0000000000            2.3924438953
3295.0000000000            2.3914663792
3296.0000000000            2.3904891014
3297.0000000000            2.3895118237
3298.0000000000            2.3885347843
3299.0000000000            2.3875572681
3300.0000000000            2.3865799904
3301.0000000000            2.3856027126
3302.0000000000            2.3846254349
3303.0000000000            2.3836481571
3304.0000000000            2.3826706409
3305.0000000000            2.3816933632
3306.0000000000            2.3807158470
3307.0000000000            2.3797385693
3308.0000000000            2.3787610531
3309.0000000000            2.3777835369
3310.0000000000            2.3768060207
3311.0000000000            2.3758287430
3312.0000000000            2.3748512268
3313.0000000000            2.3738737106
3314.0000000000            2.3728964329
3315.0000000000            2.3719189167
3316.0000000000            2.3709414005
3317.0000000000            2.3699638844
3318.0000000000            2.3689863682
3319.0000000000            2.3680088520
3320.0000000000            2.3670315742
3321.0000000000            2.3660538197
3322.0000000000            2.3650763035
3323.0000000000            2.3640987873
3324.0000000000            2.3631212711
3325.0000000000            2.3621439934
3326.0000000000            2.3611664772
3327.0000000000            2.3601887226
3328.0000000000            2.3592112064
3329.0000000000            2.3582339287
3330.0000000000            2.3572564125
3331.0000000000            2.3562788963
3332.0000000000            2.3553013802
3333.0000000000            2.3543236256
3334.0000000000            2.3533463478
3335.0000000000            2.3523688316
3336.0000000000            2.3513913155
3337.0000000000            2.3504137993
3338.0000000000            2.3494362831
3339.0000000000            2.3484587669
3340.0000000000            2.3474814892
3341.0000000000            2.3465039730
3342.0000000000            2.3455264568
3343.0000000000            2.3445489407
3344.0000000000            2.3435716629
3345.0000000000            2.3425941467
3346.0000000000            2.3416166306
3347.0000000000            2.3406393528
3348.0000000000            2.3396618366
3349.0000000000            2.3386845589
3350.0000000000            2.3377070427
3351.0000000000            2.3367297649
3352.0000000000            2.3357522488
3353.0000000000            2.3347749710
3354.0000000000            2.3337976933
3355.0000000000            2.3328204155
3356.0000000000            2.3318431377
3357.0000000000            2.3308658600
3358.0000000000            2.3298885822
3359.0000000000            2.3289113045
3360.0000000000            2.3279340267
3361.0000000000            2.3269567490
3362.0000000000            2.3259794712
3363.0000000000            2.3250024319
3364.0000000000            2.3240251541
3365.0000000000            2.3230481148
3366.0000000000            2.3220708370
3367.0000000000            2.3210935593
3368.0000000000            2.3201167583
3369.0000000000            2.3191394806
3370.0000000000            2.3181624413
3371.0000000000            2.3171854019
3372.0000000000            2.3162083626
3373.0000000000            2.3152313232
3374.0000000000            2.3142545223
3375.0000000000            2.3132774830
3376.0000000000            2.3123004436
3377.0000000000            2.3113236427
3378.0000000000            2.3103468418
3379.0000000000            2.3093698025
3380.0000000000            2.3083930016
3381.0000000000            2.3074162006
3382.0000000000            2.3064393997
3383.0000000000            2.3054628372
3384.0000000000            2.3044860363
3385.0000000000            2.3035092354
3386.0000000000            2.3025326729
3387.0000000000            2.3015561104
3388.0000000000            2.3005795479
3389.0000000000            2.2996029854
3390.0000000000            2.2986261845
3391.0000000000            2.2976498604
3392.0000000000            2.2966732979
3393.0000000000            2.2956967354
3394.0000000000            2.2947204113
3395.0000000000            2.2937438488
3396.0000000000            2.2927677631
3397.0000000000            2.2917912006
3398.0000000000            2.2908148766
3399.0000000000            2.2898387909
3400.0000000000            2.2888627052
3401.0000000000            2.2878863811
3402.0000000000            2.2869102955
3403.0000000000            2.2859342098
3404.0000000000            2.2849581242
3405.0000000000            2.2839820385
3406.0000000000            2.2830059528
3407.0000000000            2.2820301056
3408.0000000000            2.2810540199
3409.0000000000            2.2800781727
3410.0000000000            2.2791025639
3411.0000000000            2.2781264782
3412.0000000000            2.2771508694
3413.0000000000            2.2761750221
3414.0000000000            2.2751994133
3415.0000000000            2.2742238045
3416.0000000000            2.2732481956
3417.0000000000            2.2722725868
3418.0000000000            2.2712969780
3419.0000000000            2.2703216076
3420.0000000000            2.2693462372
3421.0000000000            2.2683708668
3422.0000000000            2.2673954964
3423.0000000000            2.2664203644
3424.0000000000            2.2654449940
3425.0000000000            2.2644698620
3426.0000000000            2.2634944916
3427.0000000000            2.2625195980
3428.0000000000            2.2615444660
3429.0000000000            2.2605695724
3430.0000000000            2.2595946789
3431.0000000000            2.2586197853
3432.0000000000            2.2576448917
3433.0000000000            2.2566699982
3434.0000000000            2.2556953430
3435.0000000000            2.2547206879
3436.0000000000            2.2537457943
3437.0000000000            2.2527713776
3438.0000000000            2.2517969608
3439.0000000000            2.2508223057
3440.0000000000            2.2498478889
3441.0000000000            2.2488737106
3442.0000000000            2.2478992939
3443.0000000000            2.2469248772
3444.0000000000            2.2459506989
3445.0000000000            2.2449765205
3446.0000000000            2.2440025806
3447.0000000000            2.2430286407
3448.0000000000            2.2420544624
3449.0000000000            2.2410805225
3450.0000000000            2.2401068211
3451.0000000000            2.2391328812
3452.0000000000            2.2381591797
3453.0000000000            2.2371854782
3454.0000000000            2.2362120152
3455.0000000000            2.2352383137
3456.0000000000            2.2342648506
3457.0000000000            2.2332913876
3458.0000000000            2.2323179245
3459.0000000000            2.2313446999
3460.0000000000            2.2303714752
3461.0000000000            2.2293982506
3462.0000000000            2.2284250259
3463.0000000000            2.2274522781
3464.0000000000            2.2264792919
3465.0000000000            2.2255063057
3466.0000000000            2.2245333195
3467.0000000000            2.2235605717
3468.0000000000            2.2225878239
3469.0000000000            2.2216153145
3470.0000000000            2.2206425667
3471.0000000000            2.2196700573
3472.0000000000            2.2186975479
3473.0000000000            2.2177252769
3474.0000000000            2.2167530060
3475.0000000000            2.2157807350
3476.0000000000            2.2148084641
3477.0000000000            2.2138364315
3478.0000000000            2.2128643990
3479.0000000000            2.2118923664
3480.0000000000            2.2109208107
3481.0000000000            2.2099487782
3482.0000000000            2.2089769840
3483.0000000000            2.2080054283
3484.0000000000            2.2070338726
3485.0000000000            2.2060623169
3486.0000000000            2.2050909996
3487.0000000000            2.2041194439
3488.0000000000            2.2031483650
3489.0000000000            2.2021770477
3490.0000000000            2.2012059689
3491.0000000000            2.2002348900
3492.0000000000            2.1992640495
3493.0000000000            2.1982929707
3494.0000000000            2.1973221302
3495.0000000000            2.1963515282
3496.0000000000            2.1953806877
3497.0000000000            2.1944103241
3498.0000000000            2.1934397221
3499.0000000000            2.1924693584
3500.0000000000            2.1914989948
3501.0000000000            2.1905288696
3502.0000000000            2.1895587444
3503.0000000000            2.1885883808
3504.0000000000            2.1876184940
3505.0000000000            2.1866486073
3506.0000000000            2.1856787205
3507.0000000000            2.1847090721
3508.0000000000            2.1837394238
3509.0000000000            2.1827697754
3510.0000000000            2.1818003654
3511.0000000000            2.1808309555
3512.0000000000            2.1798617840
3513.0000000000            2.1788923740
3514.0000000000            2.1779232025
3515.0000000000            2.1769542694
3516.0000000000            2.1759853363
3517.0000000000            2.1750166416
3518.0000000000            2.1740477085
3519.0000000000            2.1730790138
3520.0000000000            2.1721103191
3521.0000000000            2.1711418629
3522.0000000000            2.1701734066
3523.0000000000            2.1692051888
3524.0000000000            2.1682369709
3525.0000000000            2.1672687531
3526.0000000000            2.1663010120
3527.0000000000            2.1653327942
3528.0000000000            2.1643650532
3529.0000000000            2.1633973122
3530.0000000000            2.1624295712
3531.0000000000            2.1614620686
3532.0000000000            2.1604945660
3533.0000000000            2.1595273018
3534.0000000000            2.1585600376
3535.0000000000            2.1575927734
3536.0000000000            2.1566257477
3537.0000000000            2.1556587219
3538.0000000000            2.1546919346
3539.0000000000            2.1537251472
3540.0000000000            2.1527583599
3541.0000000000            2.1517918110
3542.0000000000            2.1508255005
3543.0000000000            2.1498589516
3544.0000000000            2.1488928795
3545.0000000000            2.1479265690
3546.0000000000            2.1469604969
3547.0000000000            2.1459946632
3548.0000000000            2.1450288296
3549.0000000000            2.1440629959
3550.0000000000            2.1430971622
3551.0000000000            2.1421318054
3552.0000000000            2.1411662102
3553.0000000000            2.1402008533
3554.0000000000            2.1392357349
3555.0000000000            2.1382706165
3556.0000000000            2.1373054981
3557.0000000000            2.1363406181
3558.0000000000            2.1353759766
3559.0000000000            2.1344110966
3560.0000000000            2.1334466934
3561.0000000000            2.1324820518
3562.0000000000            2.1315178871
3563.0000000000            2.1305534840
3564.0000000000            2.1295893192
3565.0000000000            2.1286253929
3566.0000000000            2.1276614666
3567.0000000000            2.1266975403
3568.0000000000            2.1257338524
3569.0000000000            2.1247704029
3570.0000000000            2.1238069534
3571.0000000000            2.1228435040
3572.0000000000            2.1218802929
3573.0000000000            2.1209173203
3574.0000000000            2.1199541092
3575.0000000000            2.1189913750
3576.0000000000            2.1180284023
3577.0000000000            2.1170659065
3578.0000000000            2.1161031723
3579.0000000000            2.1151406765
3580.0000000000            2.1141784191
3581.0000000000            2.1132161617
3582.0000000000            2.1122541428
3583.0000000000            2.1112921238
3584.0000000000            2.1103301048
3585.0000000000            2.1093680859
3586.0000000000            2.1084060669
3587.0000000000            2.1074440479
3588.0000000000            2.1064817905
3589.0000000000            2.1055192947
3590.0000000000            2.1045563221
3591.0000000000            2.1035928726
3592.0000000000            2.1026279926
3593.0000000000            2.1016616821
3594.0000000000            2.1006932259
3595.0000000000            2.0997214317
3596.0000000000            2.0987453461
3597.0000000000            2.0977630615
3598.0000000000            2.0967721939
3599.0000000000            2.0957701206
3600.0000000000            2.0947523117
3601.0000000000            2.0937142372
3602.0000000000            2.0926487446
3603.0000000000            2.0915472507
3604.0000000000            2.0903990269
3605.0000000000            2.0891902447
3606.0000000000            2.0879037380
3607.0000000000            2.0865178108
3608.0000000000            2.0850062370
3609.0000000000            2.0833373070
3610.0000000000            2.0814721584
3611.0000000000            2.0793642998
3612.0000000000            2.0769588947
3613.0000000000            2.0741910934
3614.0000000000            2.0709860325
3615.0000000000            2.0672564507
3616.0000000000            2.0629034042
3617.0000000000            2.0578148365
3618.0000000000            2.0518658161
3619.0000000000            2.0449175835
3620.0000000000            2.0368189812
3621.0000000000            2.0274064541
3622.0000000000            2.0165061951
3623.0000000000            2.0039346218
3624.0000000000            1.9895026684
3625.0000000000            1.9730170965
3626.0000000000            1.9542849064
3627.0000000000            1.9331175089
3628.0000000000            1.9093350172
3629.0000000000            1.8827707767
3630.0000000000            1.8532779217
3631.0000000000            1.8207328320
3632.0000000000            1.7850414515
3633.0000000000            1.7461441755
3634.0000000000            1.7040194273
3635.0000000000            1.6586885452
3636.0000000000            1.6102179289
3637.0000000000            1.5587210655
3638.0000000000            1.5043597221
3639.0000000000            1.4473426342
3640.0000000000            1.3879246712
3641.0000000000            1.3264031410
3642.0000000000            1.2631138563
3643.0000000000            1.1984252930
3644.0000000000            1.1327323914
3645.0000000000            1.0664488077
3646.0000000000            1.0000000000
3647.0000000000            0.9338136911
3648.0000000000            0.8683125377
3649.0000000000            0.8039056063
3650.0000000000            0.7409809232
3651.0000000000            0.6798980832
3652.0000000000            0.6209826469
3653.0000000000            0.5645209551
3654.0000000000            0.5107561350
3655.0000000000            0.4598858058
3656.0000000000            0.4120605588
3657.0000000000            0.3673839271
3658.0000000000            0.3259136081
3659.0000000000            0.2876634896
3660.0000000000            0.2526068091
3661.0000000000            0.2206800878
3662.0000000000            0.1917873472
3663.0000000000            0.1658050120
3664.0000000000            0.1425869465
3665.0000000000            0.1219693944
3666.0000000000            0.1037759185
3667.0000000000            0.0878220573
3668.0000000000            0.0739195943
3669.0000000000            0.0618803725
3670.0000000000            0.0515196733
3671.0000000000            0.0426589586
3672.0000000000            0.0351281464
3673.0000000000            0.0287673399
3674.0000000000            0.0234280359
3675.0000000000            0.0189739037
3676.0000000000            0.0152811361
3677.0000000000            0.0122384587
3678.0000000000            0.0097468551
3679.0000000000            0.0077190520
3680.0000000000            0.0060788393
3681.0000000000            0.0047602579
3682.0000000000            0.0037067200
3683.0000000000            0.0028700882
3684.0000000000            0.0022097544
3685.0000000000            0.0016917392
3686.0000000000            0.0012878380
3687.0000000000            0.0009748224
3688.0000000000            0.0007337102
3689.0000000000            0.0005491070
3690.0000000000            0.0004086218
3691.0000000000            0.0003023552
3692.0000000000            0.0002224559
3693.0000000000            0.0001627423
3694.0000000000            0.0001183823
3695.0000000000            0.0000856255
3696.0000000000            0.0000615813
3697.0000000000            0.0000440378
