1897.0000000000            2.3982045650
1898.0000000000            2.3981308937
1899.0000000000            2.3980569839
1900.0000000000            2.3979828358
1901.0000000000            2.3979086876
1902.0000000000            2.3978343010
1903.0000000000            2.3977599144
1904.0000000000            2.3976852894
1905.0000000000            2.3976106644
1906.0000000000            2.3975358009
1907.0000000000            2.3974606991
1908.0000000000            2.3973853588
1909.0000000000            2.3973102570
1910.0000000000            2.3972346783
1911.0000000000            2.3971590996
1912.0000000000            2.3970832825
1913.0000000000            2.3970074654
1914.0000000000            2.3969314098
1915.0000000000            2.3968553543
1916.0000000000            2.3967788219
1917.0000000000            2.3967025280
1918.0000000000            2.3966259956
1919.0000000000            2.3965492249
1920.0000000000            2.3964724541
1921.0000000000            2.3963954449
1922.0000000000            2.3963181973
1923.0000000000            2.3962409496
1924.0000000000            2.3961634636
1925.0000000000            2.3960859776
1926.0000000000            2.3960082531
1927.0000000000            2.3959302902
1928.0000000000            2.3958523273
1929.0000000000            2.3957741261
1930.0000000000            2.3956959248
1931.0000000000            2.3956174850
1932.0000000000            2.3955388069
1933.0000000000            2.3954601288
1934.0000000000            2.3953814507
1935.0000000000            2.3953022957
1936.0000000000            2.3952231407
1937.0000000000            2.3951437473
1938.0000000000            2.3950643539
1939.0000000000            2.3949849606
1940.0000000000            2.3949053288
1941.0000000000            2.3948254585
1942.0000000000            2.3947453499
1943.0000000000            2.3946652412
1944.0000000000            2.3945848942
1945.0000000000            2.3945045471
1946.0000000000            2.3944239616
1947.0000000000            2.3943433762
1948.0000000000            2.3942625523
1949.0000000000            2.3941814899
1950.0000000000            2.3941004276
1951.0000000000            2.3940191269
1952.0000000000            2.3939375877
1953.0000000000            2.3938562870
1954.0000000000            2.3937745094
1955.0000000000            2.3936927319
1956.0000000000            2.3936107159
1957.0000000000            2.3935286999
1958.0000000000            2.3934464455
1959.0000000000            2.3933639526
1960.0000000000            2.3932814598
1961.0000000000            2.3931987286
1962.0000000000            2.3931159973
1963.0000000000            2.3930330276
1964.0000000000            2.3929500580
1965.0000000000            2.3928666115
1966.0000000000            2.3927831650
1967.0000000000            2.3926997185
1968.0000000000            2.3926160336
1969.0000000000            2.3925323486
1970.0000000000            2.3924484253
1971.0000000000            2.3923642635
1972.0000000000            2.3922801018
1973.0000000000            2.3921957016
1974.0000000000            2.3921113014
1975.0000000000            2.3920264244
1976.0000000000            2.3919417858
1977.0000000000            2.3918569088
1978.0000000000            2.3917717934
1979.0000000000            2.3916864395
1980.0000000000            2.3916013241
1981.0000000000            2.3915157318
1982.0000000000            2.3914301395
1983.0000000000            2.3913443089
1984.0000000000            2.3912584782
1985.0000000000            2.3911724091
1986.0000000000            2.3910861015
1987.0000000000            2.3909997940
1988.0000000000            2.3909132481
1989.0000000000            2.3908267021
1990.0000000000            2.3907399178
1991.0000000000            2.3906528950
1992.0000000000            2.3905658722
1993.0000000000            2.3904788494
1994.0000000000            2.3903913498
1995.0000000000            2.3903038502
1996.0000000000            2.3902163506
1997.0000000000            2.3901286125
1998.0000000000            2.3900406361
1999.0000000000            2.3899526596
2000.0000000000            2.3898646832
2001.0000000000            2.3897762299
2002.0000000000            2.3896877766
2003.0000000000            2.3895990849
2004.0000000000            2.3895103931
2005.0000000000            2.3894214630
2006.0000000000            2.3893325329
2007.0000000000            2.3892433643
2008.0000000000            2.3891539574
2009.0000000000            2.3890647888
2010.0000000000            2.3889749050
2011.0000000000            2.3888852596
2012.0000000000            2.3887956142
2013.0000000000            2.3887054920
2014.0000000000            2.3886153698
2015.0000000000            2.3885252476
2016.0000000000            2.3884346485
2017.0000000000            2.3883440495
2018.0000000000            2.3882532120
2019.0000000000            2.3881626129
2020.0000000000            2.3880715370
2021.0000000000            2.3879804611
2022.0000000000            2.3878891468
2023.0000000000            2.3877978325
2024.0000000000            2.3877062798
2025.0000000000            2.3876144886
2026.0000000000            2.3875226974
2027.0000000000            2.3874306679
2028.0000000000            2.3873383999
2029.0000000000            2.3872463703
2030.0000000000            2.3871538639
2031.0000000000            2.3870613575
2032.0000000000            2.3869686127
2033.0000000000            2.3868758678
2034.0000000000            2.3867828846
2035.0000000000            2.3866896629
2036.0000000000            2.3865964413
2037.0000000000            2.3865029812
2038.0000000000            2.3864097595
2039.0000000000            2.3863160610
2040.0000000000            2.3862221241
2041.0000000000            2.3861281872
2042.0000000000            2.3860342503
2043.0000000000            2.3859398365
2044.0000000000            2.3858454227
2045.0000000000            2.3857510090
2046.0000000000            2.3856563568
2047.0000000000            2.3855614662
2048.0000000000            2.3854665756
2049.0000000000            2.3853716850
2050.0000000000            2.3852763176
2051.0000000000            2.3851811886
2052.0000000000            2.3850853443
2053.0000000000            2.3849899769
2054.0000000000            2.3848941326
2055.0000000000            2.3847982883
2056.0000000000            2.3847022057
2057.0000000000            2.3846061230
2058.0000000000            2.3845095634
2059.0000000000            2.3844130039
2060.0000000000            2.3843164444
2061.0000000000            2.3842198849
2062.0000000000            2.3841228485
2063.0000000000            2.3840258121
2064.0000000000            2.3839287758
2065.0000000000            2.3838315010
2066.0000000000            2.3837339878
2067.0000000000            2.3836362362
2068.0000000000            2.3835384846
2069.0000000000            2.3834407330
2070.0000000000            2.3833425045
2071.0000000000            2.3832445145
2072.0000000000            2.3831460476
2073.0000000000            2.3830478191
2074.0000000000            2.3829491138
2075.0000000000            2.3828504086
2076.0000000000            2.3827514648
2077.0000000000            2.3826525211
2078.0000000000            2.3825533390
2079.0000000000            2.3824539185
2080.0000000000            2.3823547363
2081.0000000000            2.3822550774
2082.0000000000            2.3821554184
2083.0000000000            2.3820555210
2084.0000000000            2.3819556236
2085.0000000000            2.3818552494
2086.0000000000            2.3817551136
2087.0000000000            2.3816547394
2088.0000000000            2.3815541267
2089.0000000000            2.3814535141
2090.0000000000            2.3813526630
2091.0000000000            2.3812518120
2092.0000000000            2.3811504841
2093.0000000000            2.3810493946
2094.0000000000            2.3809478283
2095.0000000000            2.3808465004
2096.0000000000            2.3807446957
2097.0000000000            2.3806428909
2098.0000000000            2.3805408478
2099.0000000000            2.3804388046
2100.0000000000            2.3803367615
2101.0000000000            2.3802342415
2102.0000000000            2.3801317215
2103.0000000000            2.3800292015
2104.0000000000            2.3799262047
2105.0000000000            2.3798232079
2106.0000000000            2.3797202110
2107.0000000000            2.3796169758
2108.0000000000            2.3795135021
2109.0000000000            2.3794100285
2110.0000000000            2.3793063164
2111.0000000000            2.3792028427
2112.0000000000            2.3790988922
2113.0000000000            2.3789947033
2114.0000000000            2.3788905144
2115.0000000000            2.3787860870
2116.0000000000            2.3786816597
2117.0000000000            2.3785772324
2118.0000000000            2.3784723282
2119.0000000000            2.3783674240
2120.0000000000            2.3782625198
2121.0000000000            2.3781571388
2122.0000000000            2.3780517578
2123.0000000000            2.3779463768
2124.0000000000            2.3778407574
2125.0000000000            2.3777348995
2126.0000000000            2.3776290417
2127.0000000000            2.3775231838
2128.0000000000            2.3774170876
2129.0000000000            2.3773107529
2130.0000000000            2.3772041798
2131.0000000000            2.3770976067
2132.0000000000            2.3769910336
2133.0000000000            2.3768839836
2134.0000000000            2.3767769337
2135.0000000000            2.3766698837
2136.0000000000            2.3765625954
2137.0000000000            2.3764550686
2138.0000000000            2.3763475418
2139.0000000000            2.3762397766
2140.0000000000            2.3761320114
2141.0000000000            2.3760240078
2142.0000000000            2.3759157658
2143.0000000000            2.3758075237
2144.0000000000            2.3756992817
2145.0000000000            2.3755905628
2146.0000000000            2.3754818439
2147.0000000000            2.3753728867
2148.0000000000            2.3752641678
2149.0000000000            2.3751549721
2150.0000000000            2.3750457764
2151.0000000000            2.3749363422
2152.0000000000            2.3748269081
2153.0000000000            2.3747169971
2154.0000000000            2.3746070862
2155.0000000000            2.3744974136
2156.0000000000            2.3743872643
2157.0000000000            2.3742771149
2158.0000000000            2.3741664886
2159.0000000000            2.3740561008
2160.0000000000            2.3739454746
2161.0000000000            2.3738346100
2162.0000000000            2.3737237453
2163.0000000000            2.3736126423
2164.0000000000            2.3735013008
2165.0000000000            2.3733899593
2166.0000000000            2.3732783794
2167.0000000000            2.3731667995
2168.0000000000            2.3730549812
2169.0000000000            2.3729431629
2170.0000000000            2.3728311062
2171.0000000000            2.3727188110
2172.0000000000            2.3726065159
2173.0000000000            2.3724942207
2174.0000000000            2.3723814487
2175.0000000000            2.3722686768
2176.0000000000            2.3721556664
2177.0000000000            2.3720426559
2178.0000000000            2.3719294071
2179.0000000000            2.3718161583
2180.0000000000            2.3717026711
2181.0000000000            2.3715891838
2182.0000000000            2.3714754581
2183.0000000000            2.3713614941
2184.0000000000            2.3712475300
2185.0000000000            2.3711333275
2186.0000000000            2.3710188866
2187.0000000000            2.3709046841
2188.0000000000            2.3707897663
2189.0000000000            2.3706753254
2190.0000000000            2.3705604076
2191.0000000000            2.3704452515
2192.0000000000            2.3703300953
2193.0000000000            2.3702149391
2194.0000000000            2.3700993061
2195.0000000000            2.3699839115
2196.0000000000            2.3698682785
2197.0000000000            2.3697521687
2198.0000000000            2.3696365356
2199.0000000000            2.3695201874
2200.0000000000            2.3694040775
2201.0000000000            2.3692874908
2202.0000000000            2.3691709042
2203.0000000000            2.3690540791
2204.0000000000            2.3689372540
2205.0000000000            2.3688206673
2206.0000000000            2.3687033653
2207.0000000000            2.3685860634
2208.0000000000            2.3684687614
2209.0000000000            2.3683512211
2210.0000000000            2.3682336807
2211.0000000000            2.3681156635
2212.0000000000            2.3679976463
2213.0000000000            2.3678796291
2214.0000000000            2.3677613735
2215.0000000000            2.3676428795
2216.0000000000            2.3675243855
2217.0000000000            2.3674058914
2218.0000000000            2.3672869205
2219.0000000000            2.3671679497
2220.0000000000            2.3670489788
2221.0000000000            2.3669297695
2222.0000000000            2.3668103218
2223.0000000000            2.3666908741
2224.0000000000            2.3665711880
2225.0000000000            2.3664515018
2226.0000000000            2.3663315773
2227.0000000000            2.3662114143
2228.0000000000            2.3660914898
2229.0000000000            2.3659708500
2230.0000000000            2.3658506870
2231.0000000000            2.3657298088
2232.0000000000            2.3656091690
2233.0000000000            2.3654882908
2234.0000000000            2.3653671741
2235.0000000000            2.3652458191
2236.0000000000            2.3651247025
2237.0000000000            2.3650033474
2238.0000000000            2.3648815155
2239.0000000000            2.3647596836
2240.0000000000            2.3646380901
2241.0000000000            2.3645157814
2242.0000000000            2.3643937111
2243.0000000000            2.3642716408
2244.0000000000            2.3641490936
2245.0000000000            2.3640263081
2246.0000000000            2.3639035225
2247.0000000000            2.3637809753
2248.0000000000            2.3636579514
2249.0000000000            2.3635346889
2250.0000000000            2.3634114265
2251.0000000000            2.3632879257
2252.0000000000            2.3631644249
2253.0000000000            2.3630406857
2254.0000000000            2.3629169464
2255.0000000000            2.3627929688
2256.0000000000            2.3626687527
2257.0000000000            2.3625445366
2258.0000000000            2.3624200821
2259.0000000000            2.3622953892
2260.0000000000            2.3621709347
2261.0000000000            2.3620460033
2262.0000000000            2.3619210720
2263.0000000000            2.3617959023
2264.0000000000            2.3616707325
2265.0000000000            2.3615453243
2266.0000000000            2.3614199162
2267.0000000000            2.3612942696
2268.0000000000            2.3611683846
2269.0000000000            2.3610422611
2270.0000000000            2.3609161377
2271.0000000000            2.3607900143
2272.0000000000            2.3606636524
2273.0000000000            2.3605372906
2274.0000000000            2.3604104519
2275.0000000000            2.3602836132
2276.0000000000            2.3601567745
2277.0000000000            2.3600296974
2278.0000000000            2.3599023819
2279.0000000000            2.3597750664
2280.0000000000            2.3596475124
2281.0000000000            2.3595199585
2282.0000000000            2.3593921661
2283.0000000000            2.3592643738
2284.0000000000            2.3591361046
2285.0000000000            2.3590080738
2286.0000000000            2.3588798046
2287.0000000000            2.3587512970
2288.0000000000            2.3586225510
2289.0000000000            2.3584938049
2290.0000000000            2.3583648205
2291.0000000000            2.3582358360
2292.0000000000            2.3581068516
2293.0000000000            2.3579773903
2294.0000000000            2.3578479290
2295.0000000000            2.3577182293
2296.0000000000            2.3575885296
2297.0000000000            2.3574585915
2298.0000000000            2.3573286533
2299.0000000000            2.3571984768
2300.0000000000            2.3570683002
2301.0000000000            2.3569376469
2302.0000000000            2.3568072319
2303.0000000000            2.3566763401
2304.0000000000            2.3565456867
2305.0000000000            2.3564145565
2306.0000000000            2.3562834263
2307.0000000000            2.3561522961
2308.0000000000            2.3560209274
2309.0000000000            2.3558893204
2310.0000000000            2.3557574749
2311.0000000000            2.3556256294
2312.0000000000            2.3554935455
2313.0000000000            2.3553617001
2314.0000000000            2.3552293777
2315.0000000000            2.3550970554
2316.0000000000            2.3549642563
2317.0000000000            2.3548316956
2318.0000000000            2.3546988964
2319.0000000000            2.3545658588
2320.0000000000            2.3544328213
2321.0000000000            2.3542995453
2322.0000000000            2.3541660309
2323.0000000000            2.3540327549
2324.0000000000            2.3538990021
2325.0000000000            2.3537652493
2326.0000000000            2.3536310196
2327.0000000000            2.3534970284
2328.0000000000            2.3533630371
2329.0000000000            2.3532285690
2330.0000000000            2.3530941010
2331.0000000000            2.3529593945
2332.0000000000            2.3528246880
2333.0000000000            2.3526895046
2334.0000000000            2.3525545597
2335.0000000000            2.3524193764
2336.0000000000            2.3522839546
2337.0000000000            2.3521485329
2338.0000000000            2.3520128727
2339.0000000000            2.3518772125
2340.0000000000            2.3517413139
2341.0000000000            2.3516051769
2342.0000000000            2.3514690399
2343.0000000000            2.3513326645
2344.0000000000            2.3511960506
2345.0000000000            2.3510596752
2346.0000000000            2.3509228230
2347.0000000000            2.3507859707
2348.0000000000            2.3506488800
2349.0000000000            2.3505115509
2350.0000000000            2.3503744602
2351.0000000000            2.3502368927
2352.0000000000            2.3500993252
2353.0000000000            2.3499615192
2354.0000000000            2.3498237133
2355.0000000000            2.3496856689
2356.0000000000            2.3495473862
2357.0000000000            2.3494093418
2358.0000000000            2.3492708206
2359.0000000000            2.3491320610
2360.0000000000            2.3489935398
2361.0000000000            2.3488545418
2362.0000000000            2.3487155437
2363.0000000000            2.3485765457
2364.0000000000            2.3484373093
2365.0000000000            2.3482978344
2366.0000000000            2.3481581211
2367.0000000000            2.3480186462
2368.0000000000            2.3478786945
2369.0000000000            2.3477387428
2370.0000000000            2.3475987911
2371.0000000000            2.3474583626
2372.0000000000            2.3473181725
2373.0000000000            2.3471775055
2374.0000000000            2.3470368385
2375.0000000000            2.3468959332
2376.0000000000            2.3467547894
2377.0000000000            2.3466138840
2378.0000000000            2.3464725018
2379.0000000000            2.3463313580
2380.0000000000            2.3461897373
2381.0000000000            2.3460481167
2382.0000000000            2.3459062576
2383.0000000000            2.3457643986
2384.0000000000            2.3456223011
2385.0000000000            2.3454799652
2386.0000000000            2.3453376293
2387.0000000000            2.3451952934
2388.0000000000            2.3450524807
2389.0000000000            2.3449099064
2390.0000000000            2.3447668552
2391.0000000000            2.3446238041
2392.0000000000            2.3444805145
2393.0000000000            2.3443372250
2394.0000000000            2.3441936970
2395.0000000000            2.3440501690
2396.0000000000            2.3439061642
2397.0000000000            2.3437623978
2398.0000000000            2.3436183929
2399.0000000000            2.3434741497
2400.0000000000            2.3433296680
2401.0000000000            2.3431854248
2402.0000000000            2.3430409431
2403.0000000000            2.3428959846
2404.0000000000            2.3427512646
2405.0000000000            2.3426060677
2406.0000000000            2.3424608707
2407.0000000000            2.3423156738
2408.0000000000            2.3421702385
2409.0000000000            2.3420245647
2410.0000000000            2.3418788910
2411.0000000000            2.3417329788
2412.0000000000            2.3415870667
2413.0000000000            2.3414409161
2414.0000000000            2.3412945271
2415.0000000000            2.3411481380
2416.0000000000            2.3410015106
2417.0000000000            2.3408548832
2418.0000000000            2.3407080173
2419.0000000000            2.3405609131
2420.0000000000            2.3404140472
2421.0000000000            2.3402664661
2422.0000000000            2.3401191235
2423.0000000000            2.3399717808
2424.0000000000            2.3398239613
2425.0000000000            2.3396761417
2426.0000000000            2.3395283222
2427.0000000000            2.3393800259
2428.0000000000            2.3392317295
2429.0000000000            2.3390834332
2430.0000000000            2.3389348984
2431.0000000000            2.3387863636
2432.0000000000            2.3386373520
2433.0000000000            2.3384883404
2434.0000000000            2.3383393288
2435.0000000000            2.3381900787
2436.0000000000            2.3380408287
2437.0000000000            2.3378911018
2438.0000000000            2.3377413750
2439.0000000000            2.3375918865
2440.0000000000            2.3374416828
2441.0000000000            2.3372917175
2442.0000000000            2.3371415138
2443.0000000000            2.3369910717
2444.0000000000            2.3368406296
2445.0000000000            2.3366901875
2446.0000000000            2.3365392685
2447.0000000000            2.3363883495
2448.0000000000            2.3362371922
2449.0000000000            2.3360860348
2450.0000000000            2.3359348774
2451.0000000000            2.3357832432
2452.0000000000            2.3356316090
2453.0000000000            2.3354797363
2454.0000000000            2.3353278637
2455.0000000000            2.3351759911
2456.0000000000            2.3350238800
2457.0000000000            2.3348715305
2458.0000000000            2.3347189426
2459.0000000000            2.3345663548
2460.0000000000            2.3344137669
2461.0000000000            2.3342607021
2462.0000000000            2.3341076374
2463.0000000000            2.3339545727
2464.0000000000            2.3338012695
2465.0000000000            2.3336479664
2466.0000000000            2.3334941864
2467.0000000000            2.3333404064
2468.0000000000            2.3331866264
2469.0000000000            2.3330328465
2470.0000000000            2.3328785896
2471.0000000000            2.3327240944
2472.0000000000            2.3325698376
2473.0000000000            2.3324151039
2474.0000000000            2.3322606087
2475.0000000000            2.3321058750
2476.0000000000            2.3319509029
2477.0000000000            2.3317956924
2478.0000000000            2.3316404819
2479.0000000000            2.3314850330
2480.0000000000            2.3313295841
2481.0000000000            2.3311736584
2482.0000000000            2.3310179710
2483.0000000000            2.3308620453
2484.0000000000            2.3307058811
2485.0000000000            2.3305494785
2486.0000000000            2.3303933144
2487.0000000000            2.3302366734
2488.0000000000            2.3300800323
2489.0000000000            2.3299231529
2490.0000000000            2.3297662735
2491.0000000000            2.3296091557
2492.0000000000            2.3294520378
2493.0000000000            2.3292944431
2494.0000000000            2.3291370869
2495.0000000000            2.3289794922
2496.0000000000            2.3288216591
2497.0000000000            2.3286638260
2498.0000000000            2.3285057545
2499.0000000000            2.3283474445
2500.0000000000            2.3281891346
2501.0000000000            2.3280305862
2502.0000000000            2.3278720379
2503.0000000000            2.3277132511
2504.0000000000            2.3275542259
2505.0000000000            2.3273954391
2506.0000000000            2.3272361755
2507.0000000000            2.3270766735
2508.0000000000            2.3269171715
2509.0000000000            2.3267576694
2510.0000000000            2.3265979290
2511.0000000000            2.3264381886
2512.0000000000            2.3262782097
2513.0000000000            2.3261179924
2514.0000000000            2.3259577751
2515.0000000000            2.3257970810
2516.0000000000            2.3256366253
2517.0000000000            2.3254756927
2518.0000000000            2.3253149986
2519.0000000000            2.3251538277
2520.0000000000            2.3249926567
2521.0000000000            2.3248314857
2522.0000000000            2.3246700764
2523.0000000000            2.3245086670
2524.0000000000            2.3243467808
2525.0000000000            2.3241851330
2526.0000000000            2.3240230083
2527.0000000000            2.3238608837
2528.0000000000            2.3236987591
2529.0000000000            2.3235361576
2530.0000000000            2.3233735561
2531.0000000000            2.3232109547
2532.0000000000            2.3230481148
2533.0000000000            2.3228852749
2534.0000000000            2.3227219582
2535.0000000000            2.3225588799
2536.0000000000            2.3223953247
2537.0000000000            2.3222320080
2538.0000000000            2.3220682144
2539.0000000000            2.3219044209
2540.0000000000            2.3217403889
2541.0000000000            2.3215763569
2542.0000000000            2.3214120865
2543.0000000000            2.3212475777
2544.0000000000            2.3210833073
2545.0000000000            2.3209185600
2546.0000000000            2.3207538128
2547.0000000000            2.3205888271
2548.0000000000            2.3204238415
2549.0000000000            2.3202586174
2550.0000000000            2.3200931549
2551.0000000000            2.3199276924
2552.0000000000            2.3197619915
2553.0000000000            2.3195962906
2554.0000000000            2.3194305897
2555.0000000000            2.3192644119
2556.0000000000            2.3190982342
2557.0000000000            2.3189318180
2558.0000000000            2.3187654018
2559.0000000000            2.3185987473
2560.0000000000            2.3184320927
2561.0000000000            2.3182651997
2562.0000000000            2.3180980682
2563.0000000000            2.3179309368
2564.0000000000            2.3177635670
2565.0000000000            2.3175961971
2566.0000000000            2.3174285889
2567.0000000000            2.3172607422
2568.0000000000            2.3170931339
2569.0000000000            2.3169250488
2570.0000000000            2.3167567253
2571.0000000000            2.3165886402
2572.0000000000            2.3164200783
2573.0000000000            2.3162515163
2574.0000000000            2.3160829544
2575.0000000000            2.3159139156
2576.0000000000            2.3157451153
2577.0000000000            2.3155758381
2578.0000000000            2.3154067993
2579.0000000000            2.3152372837
2580.0000000000            2.3150677681
2581.0000000000            2.3148980141
2582.0000000000            2.3147282600
2583.0000000000            2.3145582676
2584.0000000000            2.3143882751
2585.0000000000            2.3142180443
2586.0000000000            2.3140475750
2587.0000000000            2.3138768673
2588.0000000000            2.3137063980
2589.0000000000            2.3135354519
2590.0000000000            2.3133645058
2591.0000000000            2.3131935596
2592.0000000000            2.3130221367
2593.0000000000            2.3128507137
2594.0000000000            2.3126792908
2595.0000000000            2.3125078678
2596.0000000000            2.3123359680
2597.0000000000            2.3121640682
2598.0000000000            2.3119919300
2599.0000000000            2.3118197918
2600.0000000000            2.3116474152
2601.0000000000            2.3114748001
2602.0000000000            2.3113021851
2603.0000000000            2.3111295700
2604.0000000000            2.3109567165
2605.0000000000            2.3107836246
2606.0000000000            2.3106102943
2607.0000000000            2.3104369640
2608.0000000000            2.3102636337
2609.0000000000            2.3100900650
2610.0000000000            2.3099162579
2611.0000000000            2.3097424507
2612.0000000000            2.3095684052
2613.0000000000            2.3093943596
2614.0000000000            2.3092198372
2615.0000000000            2.3090455532
2616.0000000000            2.3088710308
2617.0000000000            2.3086962700
2618.0000000000            2.3085212708
2619.0000000000            2.3083462715
2620.0000000000            2.3081712723
2621.0000000000            2.3079957962
2622.0000000000            2.3078203201
2623.0000000000            2.3076448441
2624.0000000000            2.3074693680
2625.0000000000            2.3072934151
2626.0000000000            2.3071174622
2627.0000000000            2.3069412708
2628.0000000000            2.3067650795
2629.0000000000            2.3065884113
2630.0000000000            2.3064122200
2631.0000000000            2.3062353134
2632.0000000000            2.3060586452
2633.0000000000            2.3058817387
2634.0000000000            2.3057043552
2635.0000000000            2.3055272102
2636.0000000000            2.3053498268
2637.0000000000            2.3051724434
2638.0000000000            2.3049948215
2639.0000000000            2.3048169613
2640.0000000000            2.3046391010
2641.0000000000            2.3044610023
2642.0000000000            2.3042826653
2643.0000000000            2.3041045666
2644.0000000000            2.3039259911
2645.0000000000            2.3037471771
2646.0000000000            2.3035683632
2647.0000000000            2.3033895493
2648.0000000000            2.3032104969
2649.0000000000            2.3030314445
2650.0000000000            2.3028521538
2651.0000000000            2.3026726246
2652.0000000000            2.3024930954
2653.0000000000            2.3023130894
2654.0000000000            2.3021333218
2655.0000000000            2.3019533157
2656.0000000000            2.3017733097
2657.0000000000            2.3015930653
2658.0000000000            2.3014125824
2659.0000000000            2.3012318611
2660.0000000000            2.3010511398
2661.0000000000            2.3008701801
2662.0000000000            2.3006892204
2663.0000000000            2.3005080223
2664.0000000000            2.3003268242
2665.0000000000            2.3001453876
2666.0000000000            2.2999639511
2667.0000000000            2.2997822762
2668.0000000000            2.2996003628
2669.0000000000            2.2994184494
2670.0000000000            2.2992362976
2671.0000000000            2.2990539074
2672.0000000000            2.2988715172
2673.0000000000            2.2986891270
2674.0000000000            2.2985064983
2675.0000000000            2.2983236313
2676.0000000000            2.2981405258
2677.0000000000            2.2979576588
2678.0000000000            2.2977743149
2679.0000000000            2.2975909710
2680.0000000000            2.2974073887
2681.0000000000            2.2972238064
2682.0000000000            2.2970399857
2683.0000000000            2.2968561649
2684.0000000000            2.2966718674
2685.0000000000            2.2964878082
2686.0000000000            2.2963035107
2687.0000000000            2.2961189747
2688.0000000000            2.2959342003
2689.0000000000            2.2957494259
2690.0000000000            2.2955646515
2691.0000000000            2.2953796387
2692.0000000000            2.2951943874
2693.0000000000            2.2950091362
2694.0000000000            2.2948236465
2695.0000000000            2.2946379185
2696.0000000000            2.2944524288
2697.0000000000            2.2942664623
2698.0000000000            2.2940802574
2699.0000000000            2.2938942909
2700.0000000000            2.2937078476
2701.0000000000            2.2935214043
2702.0000000000            2.2933349609
2703.0000000000            2.2931482792
2704.0000000000            2.2929613590
2705.0000000000            2.2927744389
2706.0000000000            2.2925872803
2707.0000000000            2.2923998833
2708.0000000000            2.2922127247
2709.0000000000            2.2920250893
2710.0000000000            2.2918374538
2711.0000000000            2.2916495800
2712.0000000000            2.2914614677
2713.0000000000            2.2912733555
2714.0000000000            2.2910852432
2715.0000000000            2.2908968925
2716.0000000000            2.2907083035
2717.0000000000            2.2905197144
2718.0000000000            2.2903308868
2719.0000000000            2.2901420593
2720.0000000000            2.2899527550
2721.0000000000            2.2897634506
2722.0000000000            2.2895743847
2723.0000000000            2.2893848419
2724.0000000000            2.2891950607
2725.0000000000            2.2890052795
2726.0000000000            2.2888154984
2727.0000000000            2.2886252403
2728.0000000000            2.2884352207
2729.0000000000            2.2882449627
2730.0000000000            2.2880544662
2731.0000000000            2.2878639698
2732.0000000000            2.2876732349
2733.0000000000            2.2874822617
2734.0000000000            2.2872912884
2735.0000000000            2.2870998383
2736.0000000000            2.2869088650
2737.0000000000            2.2867171764
2738.0000000000            2.2865257263
2739.0000000000            2.2863337994
2740.0000000000            2.2861421108
2741.0000000000            2.2859501839
2742.0000000000            2.2857580185
2743.0000000000            2.2855656147
2744.0000000000            2.2853732109
2745.0000000000            2.2851808071
2746.0000000000            2.2849881649
2747.0000000000            2.2847950459
2748.0000000000            2.2846021652
2749.0000000000            2.2844090462
2750.0000000000            2.2842159271
2751.0000000000            2.2840225697
2752.0000000000            2.2838289738
2753.0000000000            2.2836353779
2754.0000000000            2.2834415436
2755.0000000000            2.2832474709
2756.0000000000            2.2830533981
2757.0000000000            2.2828593254
2758.0000000000            2.2826647758
2759.0000000000            2.2824704647
2760.0000000000            2.2822756767
2761.0000000000            2.2820808887
2762.0000000000            2.2818861008
2763.0000000000            2.2816910744
2764.0000000000            2.2814958096
2765.0000000000            2.2813005447
2766.0000000000            2.2811050415
2767.0000000000            2.2809095383
2768.0000000000            2.2807137966
2769.0000000000            2.2805180550
2770.0000000000            2.2803218365
2771.0000000000            2.2801256180
2772.0000000000            2.2799293995
2773.0000000000            2.2797329426
2774.0000000000            2.2795364857
2775.0000000000            2.2793397903
2776.0000000000            2.2791428566
2777.0000000000            2.2789459229
2778.0000000000            2.2787487507
2779.0000000000            2.2785515785
2780.0000000000            2.2783539295
2781.0000000000            2.2781565189
2782.0000000000            2.2779588699
2783.0000000000            2.2777609825
2784.0000000000            2.2775628567
2785.0000000000            2.2773649693
2786.0000000000            2.2771666050
2787.0000000000            2.2769684792
2788.0000000000            2.2767698765
2789.0000000000            2.2765710354
2790.0000000000            2.2763724327
2791.0000000000            2.2761733532
2792.0000000000            2.2759742737
2793.0000000000            2.2757751942
2794.0000000000            2.2755758762
2795.0000000000            2.2753763199
2796.0000000000            2.2751767635
2797.0000000000            2.2749769688
2798.0000000000            2.2747771740
2799.0000000000            2.2745769024
2800.0000000000            2.2743768692
2801.0000000000            2.2741765976
2802.0000000000            2.2739760876
2803.0000000000            2.2737753391
2804.0000000000            2.2735748291
2805.0000000000            2.2733738422
2806.0000000000            2.2731728554
2807.0000000000            2.2729718685
2808.0000000000            2.2727704048
2809.0000000000            2.2725689411
2810.0000000000            2.2723674774
2811.0000000000            2.2721657753
2812.0000000000            2.2719640732
2813.0000000000            2.2717618942
2814.0000000000            2.2715599537
2815.0000000000            2.2713577747
2816.0000000000            2.2711553574
2817.0000000000            2.2709527016
2818.0000000000            2.2707500458
2819.0000000000            2.2705473900
2820.0000000000            2.2703442574
2821.0000000000            2.2701413631
2822.0000000000            2.2699379921
2823.0000000000            2.2697348595
2824.0000000000            2.2695312500
2825.0000000000            2.2693276405
2826.0000000000            2.2691237926
2827.0000000000            2.2689199448
2828.0000000000            2.2687158585
2829.0000000000            2.2685117722
2830.0000000000            2.2683074474
2831.0000000000            2.2681028843
2832.0000000000            2.2678983212
2833.0000000000            2.2676935196
2834.0000000000            2.2674887180
2835.0000000000            2.2672839165
2836.0000000000            2.2670786381
2837.0000000000            2.2668733597
2838.0000000000            2.2666678429
2839.0000000000            2.2664623260
2840.0000000000            2.2662565708
2841.0000000000            2.2660510540
2842.0000000000            2.2658448219
2843.0000000000            2.2656385899
2844.0000000000            2.2654325962
2845.0000000000            2.2652261257
2846.0000000000            2.2650196552
2847.0000000000            2.2648129463
2848.0000000000            2.2646062374
2849.0000000000            2.2643992901
2850.0000000000            2.2641921043
2851.0000000000            2.2639849186
2852.0000000000            2.2637774944
2853.0000000000            2.2635703087
2854.0000000000            2.2633624077
2855.0000000000            2.2631547451
2856.0000000000            2.2629468441
2857.0000000000            2.2627387047
2858.0000000000            2.2625305653
2859.0000000000            2.2623224258
2860.0000000000            2.2621140480
2861.0000000000            2.2619054317
2862.0000000000            2.2616965771
2863.0000000000            2.2614877224
2864.0000000000            2.2612788677
2865.0000000000            2.2610695362
2866.0000000000            2.2608604431
2867.0000000000            2.2606508732
2868.0000000000            2.2604413033
2869.0000000000            2.2602317333
2870.0000000000            2.2600219250
2871.0000000000            2.2598118782
2872.0000000000            2.2596018314
2873.0000000000            2.2593915462
2874.0000000000            2.2591812611
2875.0000000000            2.2589707375
2876.0000000000            2.2587599754
2877.0000000000            2.2585492134
2878.0000000000            2.2583384514
2879.0000000000            2.2581272125
2880.0000000000            2.2579159737
2881.0000000000            2.2577047348
2882.0000000000            2.2574932575
2883.0000000000            2.2572815418
2884.0000000000            2.2570700645
2885.0000000000            2.2568581104
2886.0000000000            2.2566459179
2887.0000000000            2.2564337254
2888.0000000000            2.2562215328
2889.0000000000            2.2560091019
2890.0000000000            2.2557964325
2891.0000000000            2.2555837631
2892.0000000000            2.2553710938
2893.0000000000            2.2551579475
2894.0000000000            2.2549448013
2895.0000000000            2.2547316551
2896.0000000000            2.2545182705
2897.0000000000            2.2543046474
2898.0000000000            2.2540910244
2899.0000000000            2.2538771629
2900.0000000000            2.2536633015
2901.0000000000            2.2534492016
2902.0000000000            2.2532351017
2903.0000000000            2.2530207634
2904.0000000000            2.2528061867
2905.0000000000            2.2525916100
2906.0000000000            2.2523767948
2907.0000000000            2.2521619797
2908.0000000000            2.2519469261
2909.0000000000            2.2517318726
2910.0000000000            2.2515163422
2911.0000000000            2.2513010502
2912.0000000000            2.2510855198
2913.0000000000            2.2508697510
2914.0000000000            2.2506537437
2915.0000000000            2.2504377365
2916.0000000000            2.2502217293
2917.0000000000            2.2500052452
2918.0000000000            2.2497889996
2919.0000000000            2.2495725155
2920.0000000000            2.2493557930
2921.0000000000            2.2491388321
2922.0000000000            2.2489218712
2923.0000000000            2.2487049103
2924.0000000000            2.2484877110
2925.0000000000            2.2482702732
2926.0000000000            2.2480528355
2927.0000000000            2.2478351593
2928.0000000000            2.2476174831
2929.0000000000            2.2473995686
2930.0000000000            2.2471816540
2931.0000000000            2.2469632626
2932.0000000000            2.2467451096
2933.0000000000            2.2465267181
2934.0000000000            2.2463078499
2935.0000000000            2.2460892200
2936.0000000000            2.2458703518
2937.0000000000            2.2456514835
2938.0000000000            2.2454323769
2939.0000000000            2.2452130318
2940.0000000000            2.2449936867
2941.0000000000            2.2447741032
2942.0000000000            2.2445545197
2943.0000000000            2.2443344593
2944.0000000000            2.2441146374
2945.0000000000            2.2438945770
2946.0000000000            2.2436742783
2947.0000000000            2.2434539795
2948.0000000000            2.2432334423
2949.0000000000            2.2430126667
2950.0000000000            2.2427921295
2951.0000000000            2.2425711155
2952.0000000000            2.2423501015
2953.0000000000            2.2421288490
2954.0000000000            2.2419075966
2955.0000000000            2.2416861057
2956.0000000000            2.2414646149
2957.0000000000            2.2412428856
2958.0000000000            2.2410209179
2959.0000000000            2.2407989502
2960.0000000000            2.2405767441
2961.0000000000            2.2403545380
2962.0000000000            2.2401320934
2963.0000000000            2.2399096489
2964.0000000000            2.2396869659
2965.0000000000            2.2394642830
2966.0000000000            2.2392413616
2967.0000000000            2.2390182018
2968.0000000000            2.2387950420
2969.0000000000            2.2385716438
2970.0000000000            2.2383482456
2971.0000000000            2.2381243706
2972.0000000000            2.2379004955
2973.0000000000            2.2376768589
2974.0000000000            2.2374527454
2975.0000000000            2.2372286320
2976.0000000000            2.2370042801
2977.0000000000            2.2367799282
2978.0000000000            2.2365553379
2979.0000000000            2.2363305092
2980.0000000000            2.2361059189
2981.0000000000            2.2358808517
2982.0000000000            2.2356555462
2983.0000000000            2.2354302406
2984.0000000000            2.2352049351
2985.0000000000            2.2349793911
2986.0000000000            2.2347538471
2987.0000000000            2.2345280647
2988.0000000000            2.2343020439
2989.0000000000            2.2340760231
2990.0000000000            2.2338500023
2991.0000000000            2.2336235046
2992.0000000000            2.2333970070
2993.0000000000            2.2331702709
2994.0000000000            2.2329437733
2995.0000000000            2.2327167988
2996.0000000000            2.2324898243
2997.0000000000            2.2322626114
2998.0000000000            2.2320353985
2999.0000000000            2.2318079472
3000.0000000000            2.2315804958
3001.0000000000            2.2313528061
3002.0000000000            2.2311248779
3003.0000000000            2.2308967113
3004.0000000000            2.2306685448
3005.0000000000            2.2304406166
3006.0000000000            2.2302122116
3007.0000000000            2.2299838066
3008.0000000000            2.2297549248
3009.0000000000            2.2295262814
3010.0000000000            2.2292973995
3011.0000000000            2.2290682793
3012.0000000000            2.2288391590
3013.0000000000            2.2286098003
3014.0000000000            2.2283802032
3015.0000000000            2.2281508446
3016.0000000000            2.2279210091
3017.0000000000            2.2276911736
3018.0000000000            2.2274610996
3019.0000000000            2.2272312641
3020.0000000000            2.2270007133
3021.0000000000            2.2267704010
3022.0000000000            2.2265398502
3023.0000000000            2.2263092995
3024.0000000000            2.2260782719
3025.0000000000            2.2258477211
3026.0000000000            2.2256164551
3027.0000000000            2.2253851891
3028.0000000000            2.2251539230
3029.0000000000            2.2249224186
3030.0000000000            2.2246909142
3031.0000000000            2.2244591713
3032.0000000000            2.2242274284
3033.0000000000            2.2239952087
3034.0000000000            2.2237632275
3035.0000000000            2.2235310078
3036.0000000000            2.2232985497
3037.0000000000            2.2230658531
3038.0000000000            2.2228333950
3039.0000000000            2.2226004601
3040.0000000000            2.2223675251
3041.0000000000            2.2221343517
3042.0000000000            2.2219011784
3043.0000000000            2.2216677666
3044.0000000000            2.2214343548
3045.0000000000            2.2212007046
3046.0000000000            2.2209668159
3047.0000000000            2.2207329273
3048.0000000000            2.2204990387
3049.0000000000            2.2202649117
3050.0000000000            2.2200305462
3051.0000000000            2.2197961807
3052.0000000000            2.2195615768
3053.0000000000            2.2193267345
3054.0000000000            2.2190918922
3055.0000000000            2.2188570499
3056.0000000000            2.2186219692
3057.0000000000            2.2183866501
3058.0000000000            2.2181513309
3059.0000000000            2.2179157734
3060.0000000000            2.2176802158
3061.0000000000            2.2174444199
3062.0000000000            2.2172083855
3063.0000000000            2.2169725895
3064.0000000000            2.2167363167
3065.0000000000            2.2165000439
3066.0000000000            2.2162635326
3067.0000000000            2.2160270214
3068.0000000000            2.2157902718
3069.0000000000            2.2155535221
3070.0000000000            2.2153165340
3071.0000000000            2.2150795460
3072.0000000000            2.2148420811
3073.0000000000            2.2146048546
3074.0000000000            2.2143671513
3075.0000000000            2.2141296864
3076.0000000000            2.2138917446
3077.0000000000            2.2136540413
3078.0000000000            2.2134158611
3079.0000000000            2.2131776810
3080.0000000000            2.2129392624
3081.0000000000            2.2127008438
3082.0000000000            2.2124624252
3083.0000000000            2.2122235298
3084.0000000000            2.2119848728
3085.0000000000            2.2117457390
3086.0000000000            2.2115066051
3087.0000000000            2.2112674713
3088.0000000000            2.2110280991
3089.0000000000            2.2107884884
3090.0000000000            2.2105488777
3091.0000000000            2.2103090286
3092.0000000000            2.2100691795
3093.0000000000            2.2098290920
3094.0000000000            2.2095890045
3095.0000000000            2.2093486786
3096.0000000000            2.2091083527
3097.0000000000            2.2088675499
3098.0000000000            2.2086269855
3099.0000000000            2.2083859444
3100.0000000000            2.2081451416
3101.0000000000            2.2079038620
3102.0000000000            2.2076625824
3103.0000000000            2.2074215412
3104.0000000000            2.2071797848
3105.0000000000            2.2069382668
3106.0000000000            2.2066965103
3107.0000000000            2.2064545155
3108.0000000000            2.2062125206
3109.0000000000            2.2059702873
3110.0000000000            2.2057280540
3111.0000000000            2.2054855824
3112.0000000000            2.2052428722
3113.0000000000            2.2050001621
3114.0000000000            2.2047574520
3115.0000000000            2.2045145035
3116.0000000000            2.2042713165
3117.0000000000            2.2040281296
3118.0000000000            2.2037847042
3119.0000000000            2.2035410404
3120.0000000000            2.2032976151
3121.0000000000            2.2030537128
3122.0000000000            2.2028098106
3123.0000000000            2.2025659084
3124.0000000000            2.2023215294
3125.0000000000            2.2020773888
3126.0000000000            2.2018330097
3127.0000000000            2.2015883923
3128.0000000000            2.2013437748
3129.0000000000            2.2010989189
3130.0000000000            2.2008538246
3131.0000000000            2.2006087303
3132.0000000000            2.2003636360
3133.0000000000            2.2001183033
3134.0000000000            2.1998727322
3135.0000000000            2.1996271610
3136.0000000000            2.1993813515
3137.0000000000            2.1991355419
3138.0000000000            2.1988894939
3139.0000000000            2.1986434460
3140.0000000000            2.1983969212
3141.0000000000            2.1981506348
3142.0000000000            2.1979041100
3143.0000000000            2.1976573467
3144.0000000000            2.1974105835
3145.0000000000            2.1971635818
3146.0000000000            2.1969165802
3147.0000000000            2.1966693401
3148.0000000000            2.1964221001
3149.0000000000            2.1961746216
3150.0000000000            2.1959269047
3151.0000000000            2.1956791878
3152.0000000000            2.1954312325
3153.0000000000            2.1951832771
3154.0000000000            2.1949353218
3155.0000000000            2.1946868896
3156.0000000000            2.1944386959
3157.0000000000            2.1941900253
3158.0000000000            2.1939413548
3159.0000000000            2.1936924458
3160.0000000000            2.1934437752
3161.0000000000            2.1931946278
3162.0000000000            2.1929454803
3163.0000000000            2.1926960945
3164.0000000000            2.1924467087
3165.0000000000            2.1921970844
3166.0000000000            2.1919474602
3167.0000000000            2.1916975975
3168.0000000000            2.1914474964
3169.0000000000            2.1911973953
3170.0000000000            2.1909470558
3171.0000000000            2.1906969547
3172.0000000000            2.1904463768
3173.0000000000            2.1901957989
3174.0000000000            2.1899447441
3175.0000000000            2.1896939278
3176.0000000000            2.1894431114
3177.0000000000            2.1891920567
3178.0000000000            2.1889407635
3179.0000000000            2.1886892319
3180.0000000000            2.1884377003
3181.0000000000            2.1881859303
3182.0000000000            2.1879341602
3183.0000000000            2.1876821518
3184.0000000000            2.1874301434
3185.0000000000            2.1871778965
3186.0000000000            2.1869256496
3187.0000000000            2.1866731644
3188.0000000000            2.1864204407
3189.0000000000            2.1861677170
3190.0000000000            2.1859147549
3191.0000000000            2.1856620312
3192.0000000000            2.1854088306
3193.0000000000            2.1851556301
3194.0000000000            2.1849021912
3195.0000000000            2.1846487522
3196.0000000000            2.1843950748
3197.0000000000            2.1841411591
3198.0000000000            2.1838874817
3199.0000000000            2.1836333275
3200.0000000000            2.1833791733
3201.0000000000            2.1831250191
3202.0000000000            2.1828703880
3203.0000000000            2.1826159954
3204.0000000000            2.1823611259
3205.0000000000            2.1821064949
3206.0000000000            2.1818513870
3207.0000000000            2.1815965176
3208.0000000000            2.1813411713
3209.0000000000            2.1810858250
3210.0000000000            2.1808304787
3211.0000000000            2.1805748940
3212.0000000000            2.1803190708
3213.0000000000            2.1800632477
3214.0000000000            2.1798071861
3215.0000000000            2.1795511246
3216.0000000000            2.1792948246
3217.0000000000            2.1790385246
3218.0000000000            2.1787819862
3219.0000000000            2.1785252094
3220.0000000000            2.1782686710
3221.0000000000            2.1780116558
3222.0000000000            2.1777544022
3223.0000000000            2.1774973869
3224.0000000000            2.1772401333
3225.0000000000            2.1769826412
3226.0000000000            2.1767251492
3227.0000000000            2.1764674187
3228.0000000000            2.1762096882
3229.0000000000            2.1759517193
3230.0000000000            2.1756937504
3231.0000000000            2.1754355431
3232.0000000000            2.1751773357
3233.0000000000            2.1749188900
3234.0000000000            2.1746602058
3235.0000000000            2.1744015217
3236.0000000000            2.1741425991
3237.0000000000            2.1738836765
3238.0000000000            2.1736245155
3239.0000000000            2.1733653545
3240.0000000000            2.1731059551
3241.0000000000            2.1728463173
3242.0000000000            2.1725869179
3243.0000000000            2.1723270416
3244.0000000000            2.1720671654
3245.0000000000            2.1718070507
3246.0000000000            2.1715469360
3247.0000000000            2.1712868214
3248.0000000000            2.1710264683
3249.0000000000            2.1707658768
3250.0000000000            2.1705052853
3251.0000000000            2.1702444553
3252.0000000000            2.1699836254
3253.0000000000            2.1697225571
3254.0000000000            2.1694612503
3255.0000000000            2.1691999435
3256.0000000000            2.1689386368
3257.0000000000            2.1686770916
3258.0000000000            2.1684155464
3259.0000000000            2.1681535244
3260.0000000000            2.1678915024
3261.0000000000            2.1676294804
3262.0000000000            2.1673674583
3263.0000000000            2.1671049595
3264.0000000000            2.1668426991
3265.0000000000            2.1665799618
3266.0000000000            2.1663172245
3267.0000000000            2.1660544872
3268.0000000000            2.1657915115
3269.0000000000            2.1655285358
3270.0000000000            2.1652653217
3271.0000000000            2.1650018692
3272.0000000000            2.1647384167
3273.0000000000            2.1644747257
3274.0000000000            2.1642110348
3275.0000000000            2.1639471054
3276.0000000000            2.1636831760
3277.0000000000            2.1634190083
3278.0000000000            2.1631546021
3279.0000000000            2.1628904343
3280.0000000000            2.1626257896
3281.0000000000            2.1623611450
3282.0000000000            2.1620965004
3283.0000000000            2.1618316174
3284.0000000000            2.1615667343
3285.0000000000            2.1613013744
3286.0000000000            2.1610360146
3287.0000000000            2.1607706547
3288.0000000000            2.1605052948
3289.0000000000            2.1602394581
3290.0000000000            2.1599738598
3291.0000000000            2.1597077847
3292.0000000000            2.1594419479
3293.0000000000            2.1591756344
3294.0000000000            2.1589093208
3295.0000000000            2.1586427689
3296.0000000000            2.1583764553
3297.0000000000            2.1581096649
3298.0000000000            2.1578428745
3299.0000000000            2.1575758457
3300.0000000000            2.1573090553
3301.0000000000            2.1570415497
3302.0000000000            2.1567742825
3303.0000000000            2.1565067768
3304.0000000000            2.1562392712
3305.0000000000            2.1559715271
3306.0000000000            2.1557037830
3307.0000000000            2.1554360390
3308.0000000000            2.1551678181
3309.0000000000            2.1548995972
3310.0000000000            2.1546313763
3311.0000000000            2.1543626785
3312.0000000000            2.1540942192
3313.0000000000            2.1538255215
3314.0000000000            2.1535565853
3315.0000000000            2.1532876492
3316.0000000000            2.1530187130
3317.0000000000            2.1527493000
3318.0000000000            2.1524798870
3319.0000000000            2.1522104740
3320.0000000000            2.1519410610
3321.0000000000            2.1516711712
3322.0000000000            2.1514015198
3323.0000000000            2.1511313915
3324.0000000000            2.1508612633
3325.0000000000            2.1505911350
3326.0000000000            2.1503207684
3327.0000000000            2.1500501633
3328.0000000000            2.1497795582
3329.0000000000            2.1495087147
3330.0000000000            2.1492378712
3331.0000000000            2.1489667892
3332.0000000000            2.1486959457
3333.0000000000            2.1484243870
3334.0000000000            2.1481533051
3335.0000000000            2.1478817463
3336.0000000000            2.1476099491
3337.0000000000            2.1473383904
3338.0000000000            2.1470663548
3339.0000000000            2.1467945576
3340.0000000000            2.1465222836
3341.0000000000            2.1462500095
3342.0000000000            2.1459774971
3343.0000000000            2.1457052231
3344.0000000000            2.1454324722
3345.0000000000            2.1451599598
3346.0000000000            2.1448867321
3347.0000000000            2.1446139812
3348.0000000000            2.1443407536
3349.0000000000            2.1440675259
3350.0000000000            2.1437940598
3351.0000000000            2.1435205936
3352.0000000000            2.1432471275
3353.0000000000            2.1429731846
3354.0000000000            2.1426992416
3355.0000000000            2.1424252987
3356.0000000000            2.1421511173
3357.0000000000            2.1418766975
3358.0000000000            2.1416025162
3359.0000000000            2.1413280964
3360.0000000000            2.1410531998
3361.0000000000            2.1407785416
3362.0000000000            2.1405036449
3363.0000000000            2.1402285099
3364.0000000000            2.1399533749
3365.0000000000            2.1396782398
3366.0000000000            2.1394028664
3367.0000000000            2.1391272545
3368.0000000000            2.1388516426
3369.0000000000            2.1385757923
3370.0000000000            2.1382999420
3371.0000000000            2.1380240917
3372.0000000000            2.1377477646
3373.0000000000            2.1374714375
3374.0000000000            2.1371951103
3375.0000000000            2.1369185448
3376.0000000000            2.1366419792
3377.0000000000            2.1363654137
3378.0000000000            2.1360883713
3379.0000000000            2.1358113289
3380.0000000000            2.1355342865
3381.0000000000            2.1352567673
3382.0000000000            2.1349794865
3383.0000000000            2.1347022057
3384.0000000000            2.1344244480
3385.0000000000            2.1341464520
3386.0000000000            2.1338686943
3387.0000000000            2.1335906982
3388.0000000000            2.1333127022
3389.0000000000            2.1330344677
3390.0000000000            2.1327559948
3391.0000000000            2.1324775219
3392.0000000000            2.1321988106
3393.0000000000            2.1319200993
3394.0000000000            2.1316411495
3395.0000000000            2.1313621998
3396.0000000000            2.1310832500
3397.0000000000            2.1308038235
3398.0000000000            2.1305246353
3399.0000000000            2.1302449703
3400.0000000000            2.1299653053
3401.0000000000            2.1296856403
3402.0000000000            2.1294057369
3403.0000000000            2.1291258335
3404.0000000000            2.1288454533
3405.0000000000            2.1285653114
3406.0000000000            2.1282849312
3407.0000000000            2.1280045509
3408.0000000000            2.1277239323
3409.0000000000            2.1274430752
3410.0000000000            2.1271622181
3411.0000000000            2.1268813610
3412.0000000000            2.1266002655
3413.0000000000            2.1263189316
3414.0000000000            2.1260375977
3415.0000000000            2.1257560253
3416.0000000000            2.1254744530
3417.0000000000            2.1251928806
3418.0000000000            2.1249110699
3419.0000000000            2.1246290207
3420.0000000000            2.1243467331
3421.0000000000            2.1240646839
3422.0000000000            2.1237823963
3423.0000000000            2.1234998703
3424.0000000000            2.1232171059
3425.0000000000            2.1229345798
3426.0000000000            2.1226518154
3427.0000000000            2.1223688126
3428.0000000000            2.1220858097
3429.0000000000            2.1218023300
3430.0000000000            2.1215190887
3431.0000000000            2.1212358475
3432.0000000000            2.1209523678
3433.0000000000            2.1206684113
3434.0000000000            2.1203846931
3435.0000000000            2.1201007366
3436.0000000000            2.1198167801
3437.0000000000            2.1195325851
3438.0000000000            2.1192481518
3439.0000000000            2.1189639568
3440.0000000000            2.1186792850
3441.0000000000            2.1183946133
3442.0000000000            2.1181097031
3443.0000000000            2.1178247929
3444.0000000000            2.1175398827
3445.0000000000            2.1172547340
3446.0000000000            2.1169695854
3447.0000000000            2.1166841984
3448.0000000000            2.1163985729
3449.0000000000            2.1161129475
3450.0000000000            2.1158270836
3451.0000000000            2.1155412197
3452.0000000000            2.1152551174
3453.0000000000            2.1149690151
3454.0000000000            2.1146826744
3455.0000000000            2.1143963337
3456.0000000000            2.1141099930
3457.0000000000            2.1138234138
3458.0000000000            2.1135365963
3459.0000000000            2.1132497787
3460.0000000000            2.1129627228
3461.0000000000            2.1126756668
3462.0000000000            2.1123883724
3463.0000000000            2.1121010780
3464.0000000000            2.1118135452
3465.0000000000            2.1115260124
3466.0000000000            2.1112382412
3467.0000000000            2.1109504700
3468.0000000000            2.1106626987
3469.0000000000            2.1103744507
3470.0000000000            2.1100864410
3471.0000000000            2.1097979546
3472.0000000000            2.1095097065
3473.0000000000            2.1092209816
3474.0000000000            2.1089322567
3475.0000000000            2.1086435318
3476.0000000000            2.1083545685
3477.0000000000            2.1080656052
3478.0000000000            2.1077764034
3479.0000000000            2.1074872017
3480.0000000000            2.1071977615
3481.0000000000            2.1069080830
3482.0000000000            2.1066184044
3483.0000000000            2.1063287258
3484.0000000000            2.1060388088
3485.0000000000            2.1057491302
3486.0000000000            2.1054587364
3487.0000000000            2.1051685810
3488.0000000000            2.1048784256
3489.0000000000            2.1045877934
3490.0000000000            2.1042971611
3491.0000000000            2.1040062904
3492.0000000000            2.1037156582
3493.0000000000            2.1034245491
3494.0000000000            2.1031336784
3495.0000000000            2.1028423309
3496.0000000000            2.1025509834
3497.0000000000            2.1022596359
3498.0000000000            2.1019680500
3499.0000000000            2.1016762257
3500.0000000000            2.1013846397
3501.0000000000            2.1010925770
3502.0000000000            2.1008005142
3503.0000000000            2.1005084515
3504.0000000000            2.1002161503
3505.0000000000            2.0999236107
3506.0000000000            2.0996313095
3507.0000000000            2.0993385315
3508.0000000000            2.0990457535
3509.0000000000            2.0987529755
3510.0000000000            2.0984599590
3511.0000000000            2.0981667042
3512.0000000000            2.0978736877
3513.0000000000            2.0975801945
3514.0000000000            2.0972869396
3515.0000000000            2.0969932079
3516.0000000000            2.0966994762
3517.0000000000            2.0964057446
3518.0000000000            2.0961117744
3519.0000000000            2.0958175659
3520.0000000000            2.0955233574
3521.0000000000            2.0952291489
3522.0000000000            2.0949347019
3523.0000000000            2.0946402550
3524.0000000000            2.0943455696
3525.0000000000            2.0940508842
3526.0000000000            2.0937557220
3527.0000000000            2.0934607983
3528.0000000000            2.0931656361
3529.0000000000            2.0928704739
3530.0000000000            2.0925750732
3531.0000000000            2.0922796726
3532.0000000000            2.0919840336
3533.0000000000            2.0916883945
3534.0000000000            2.0913925171
3535.0000000000            2.0910964012
3536.0000000000            2.0908002853
3537.0000000000            2.0905041695
3538.0000000000            2.0902078152
3539.0000000000            2.0899114609
3540.0000000000            2.0896148682
3541.0000000000            2.0893182755
3542.0000000000            2.0890214443
3543.0000000000            2.0887246132
3544.0000000000            2.0884275436
3545.0000000000            2.0881302357
3546.0000000000            2.0878331661
3547.0000000000            2.0875356197
3548.0000000000            2.0872380733
3549.0000000000            2.0869405270
3550.0000000000            2.0866429806
3551.0000000000            2.0863449574
3552.0000000000            2.0860471725
3553.0000000000            2.0857489109
3554.0000000000            2.0854506493
3555.0000000000            2.0851523876
3556.0000000000            2.0848541260
3557.0000000000            2.0845553875
3558.0000000000            2.0842568874
3559.0000000000            2.0839579105
3560.0000000000            2.0836591721
3561.0000000000            2.0833599567
3562.0000000000            2.0830609798
3563.0000000000            2.0827617645
3564.0000000000            2.0824623108
3565.0000000000            2.0821628571
3566.0000000000            2.0818631649
3567.0000000000            2.0815634727
3568.0000000000            2.0812635422
3569.0000000000            2.0809636116
3570.0000000000            2.0806636810
3571.0000000000            2.0803632736
3572.0000000000            2.0800631046
3573.0000000000            2.0797626972
3574.0000000000            2.0794622898
3575.0000000000            2.0791614056
3576.0000000000            2.0788607597
3577.0000000000            2.0785598755
3578.0000000000            2.0782587528
3579.0000000000            2.0779578686
3580.0000000000            2.0776562691
3581.0000000000            2.0773549080
3582.0000000000            2.0770535469
3583.0000000000            2.0767517090
3584.0000000000            2.0764498711
3585.0000000000            2.0761480331
3586.0000000000            2.0758454800
3587.0000000000            2.0755429268
3588.0000000000            2.0752398968
3589.0000000000            2.0749363899
3590.0000000000            2.0746321678
3591.0000000000            2.0743269920
3592.0000000000            2.0740206242
3593.0000000000            2.0737121105
3594.0000000000            2.0734016895
3595.0000000000            2.0730872154
3596.0000000000            2.0727684498
3597.0000000000            2.0724430084
3598.0000000000            2.0721089840
3599.0000000000            2.0717632771
3600.0000000000            2.0714015961
3601.0000000000            2.0710191727
3602.0000000000            2.0706090927
3603.0000000000            2.0701625347
3604.0000000000            2.0696690083
3605.0000000000            2.0691144466
3606.0000000000            2.0684812069
3607.0000000000            2.0677480698
3608.0000000000            2.0668888092
3609.0000000000            2.0658710003
3610.0000000000            2.0646557808
3611.0000000000            2.0631966591
3612.0000000000            2.0614383221
3613.0000000000            2.0593159199
3614.0000000000            2.0567536354
3615.0000000000            2.0536644459
3616.0000000000            2.0499484539
3617.0000000000            2.0454936028
3618.0000000000            2.0401735306
3619.0000000000            2.0338494778
3620.0000000000            2.0263690948
3621.0000000000            2.0175678730
3622.0000000000            2.0072712898
3623.0000000000            1.9952948093
3624.0000000000            1.9814478159
3625.0000000000            1.9655359983
3626.0000000000            1.9473652840
3627.0000000000            1.9267454147
3628.0000000000            1.9034953117
3629.0000000000            1.8774471283
3630.0000000000            1.8484524488
3631.0000000000            1.8163862228
3632.0000000000            1.7811533213
3633.0000000000            1.7426930666
3634.0000000000            1.7009825706
3635.0000000000            1.6560423374
3636.0000000000            1.6079379320
3637.0000000000            1.5567821264
3638.0000000000            1.5027362108
3639.0000000000            1.4460089207
3640.0000000000            1.3868550062
3641.0000000000            1.3255720139
3642.0000000000            1.2624959946
3643.0000000000            1.1979963779
3644.0000000000            1.1324685812
3645.0000000000            1.0663276911
3646.0000000000            1.0000000000
3647.0000000000            0.9339146614
3648.0000000000            0.8684959412
3649.0000000000            0.8041542768
3650.0000000000            0.7412792444
3651.0000000000            0.6802322865
3652.0000000000            0.6213404536
3653.0000000000            0.5648917556
3654.0000000000            0.5111308098
3655.0000000000            0.4602568150
3656.0000000000            0.4124216735
3657.0000000000            0.3677302897
3658.0000000000            0.3262414932
3659.0000000000            0.2879702449
3660.0000000000            0.2528907657
3661.0000000000            0.2209402472
3662.0000000000            0.1920235008
3663.0000000000            0.1660174876
3664.0000000000            0.1427764893
3665.0000000000            0.1221371144
3666.0000000000            0.1039231643
3667.0000000000            0.0879503414
3668.0000000000            0.0740305334
3669.0000000000            0.0619756244
3670.0000000000            0.0516008697
3671.0000000000            0.0427276976
3672.0000000000            0.0351859368
3673.0000000000            0.0288156010
3674.0000000000            0.0234680697
3675.0000000000            0.0190068968
3676.0000000000            0.0153081464
3677.0000000000            0.0122604296
3678.0000000000            0.0097646117
3679.0000000000            0.0077333124
3680.0000000000            0.0060902191
3681.0000000000            0.0047692829
3682.0000000000            0.0037138322
3683.0000000000            0.0028756587
3684.0000000000            0.0022140902
3685.0000000000            0.0016950935
3686.0000000000            0.0012904170
3687.0000000000            0.0009767932
3688.0000000000            0.0007352071
3689.0000000000            0.0005502371
3690.0000000000            0.0004094699
3691.0000000000            0.0003029878
3692.0000000000            0.0002229249
3693.0000000000            0.0001630880
3694.0000000000            0.0001186356
3695.0000000000            0.0000858099
3696.0000000000            0.0000617149
3697.0000000000            0.0000441338
