1897.0000000000            3.7473645210
1898.0000000000            3.7467329502
1899.0000000000            3.7461006641
1900.0000000000            3.7454676628
1901.0000000000            3.7448341846
1902.0000000000            3.7441997528
1903.0000000000            3.7435653210
1904.0000000000            3.7429296970
1905.0000000000            3.7422938347
1906.0000000000            3.7416572571
1907.0000000000            3.7410199642
1908.0000000000            3.7403821945
1909.0000000000            3.7397437096
1910.0000000000            3.7391045094
1911.0000000000            3.7384650707
1912.0000000000            3.7378244400
1913.0000000000            3.7371835709
1914.0000000000            3.7365419865
1915.0000000000            3.7358999252
1916.0000000000            3.7352571487
1917.0000000000            3.7346136570
1918.0000000000            3.7339699268
1919.0000000000            3.7333250046
1920.0000000000            3.7326798439
1921.0000000000            3.7320337296
1922.0000000000            3.7313873768
1923.0000000000            3.7307400703
1924.0000000000            3.7300927639
1925.0000000000            3.7294442654
1926.0000000000            3.7287952900
1927.0000000000            3.7281458378
1928.0000000000            3.7274956703
1929.0000000000            3.7268445492
1930.0000000000            3.7261931896
1931.0000000000            3.7255415916
1932.0000000000            3.7248888016
1933.0000000000            3.7242352962
1934.0000000000            3.7235815525
1935.0000000000            3.7229273319
1936.0000000000            3.7222719193
1937.0000000000            3.7216162682
1938.0000000000            3.7209599018
1939.0000000000            3.7203030586
1940.0000000000            3.7196455002
1941.0000000000            3.7189874649
1942.0000000000            3.7183284760
1943.0000000000            3.7176690102
1944.0000000000            3.7170090675
1945.0000000000            3.7163484097
1946.0000000000            3.7156875134
1947.0000000000            3.7150254250
1948.0000000000            3.7143633366
1949.0000000000            3.7137002945
1950.0000000000            3.7130365372
1951.0000000000            3.7123723030
1952.0000000000            3.7117073536
1953.0000000000            3.7110419273
1954.0000000000            3.7103757858
1955.0000000000            3.7097089291
1956.0000000000            3.7090415955
1957.0000000000            3.7083737850
1958.0000000000            3.7077052593
1959.0000000000            3.7070362568
1960.0000000000            3.7063663006
1961.0000000000            3.7056961060
1962.0000000000            3.7050249577
1963.0000000000            3.7043533325
1964.0000000000            3.7036812305
1965.0000000000            3.7030086517
1966.0000000000            3.7023351192
1967.0000000000            3.7016613483
1968.0000000000            3.7009863853
1969.0000000000            3.7003111839
1970.0000000000            3.6996355057
1971.0000000000            3.6989593506
1972.0000000000            3.6982820034
1973.0000000000            3.6976046562
1974.0000000000            3.6969261169
1975.0000000000            3.6962473392
1976.0000000000            3.6955680847
1977.0000000000            3.6948881149
1978.0000000000            3.6942071915
1979.0000000000            3.6935260296
1980.0000000000            3.6928443909
1981.0000000000            3.6921617985
1982.0000000000            3.6914787292
1983.0000000000            3.6907949448
1984.0000000000            3.6901109219
1985.0000000000            3.6894259453
1986.0000000000            3.6887404919
1987.0000000000            3.6880543232
1988.0000000000            3.6873676777
1989.0000000000            3.6866805553
1990.0000000000            3.6859924793
1991.0000000000            3.6853041649
1992.0000000000            3.6846151352
1993.0000000000            3.6839253902
1994.0000000000            3.6832349300
1995.0000000000            3.6825442314
1996.0000000000            3.6818525791
1997.0000000000            3.6811606884
1998.0000000000            3.6804678440
1999.0000000000            3.6797745228
2000.0000000000            3.6790809631
2001.0000000000            3.6783862114
2002.0000000000            3.6776912212
2003.0000000000            3.6769957542
2004.0000000000            3.6762993336
2005.0000000000            3.6756026745
2006.0000000000            3.6749050617
2007.0000000000            3.6742072105
2008.0000000000            3.6735084057
2009.0000000000            3.6728091240
2010.0000000000            3.6721096039
2011.0000000000            3.6714088917
2012.0000000000            3.6707081795
2013.0000000000            3.6700065136
2014.0000000000            3.6693041325
2015.0000000000            3.6686012745
2016.0000000000            3.6678981781
2017.0000000000            3.6671938896
2018.0000000000            3.6664893627
2019.0000000000            3.6657841206
2020.0000000000            3.6650784016
2021.0000000000            3.6643719673
2022.0000000000            3.6636650562
2023.0000000000            3.6629576683
2024.0000000000            3.6622493267
2025.0000000000            3.6615405083
2026.0000000000            3.6608312130
2027.0000000000            3.6601214409
2028.0000000000            3.6594109535
2029.0000000000            3.6586997509
2030.0000000000            3.6579880714
2031.0000000000            3.6572759151
2032.0000000000            3.6565630436
2033.0000000000            3.6558494568
2034.0000000000            3.6551353931
2035.0000000000            3.6544206142
2036.0000000000            3.6537053585
2037.0000000000            3.6529896259
2038.0000000000            3.6522731781
2039.0000000000            3.6515560150
2040.0000000000            3.6508386135
2041.0000000000            3.6501204967
2042.0000000000            3.6494019032
2043.0000000000            3.6486823559
2044.0000000000            3.6479623318
2045.0000000000            3.6472418308
2046.0000000000            3.6465208530
2047.0000000000            3.6457991600
2048.0000000000            3.6450767517
2049.0000000000            3.6443541050
2050.0000000000            3.6436305046
2051.0000000000            3.6429066658
2052.0000000000            3.6421818733
2053.0000000000            3.6414566040
2054.0000000000            3.6407308578
2055.0000000000            3.6400043964
2056.0000000000            3.6392774582
2057.0000000000            3.6385498047
2058.0000000000            3.6378216743
2059.0000000000            3.6370930672
2060.0000000000            3.6363637447
2061.0000000000            3.6356337070
2062.0000000000            3.6349034309
2063.0000000000            3.6341724396
2064.0000000000            3.6334409714
2065.0000000000            3.6327085495
2066.0000000000            3.6319758892
2067.0000000000            3.6312422752
2068.0000000000            3.6305084229
2069.0000000000            3.6297740936
2070.0000000000            3.6290388107
2071.0000000000            3.6283032894
2072.0000000000            3.6275670528
2073.0000000000            3.6268301010
2074.0000000000            3.6260929108
2075.0000000000            3.6253545284
2076.0000000000            3.6246159077
2077.0000000000            3.6238770485
2078.0000000000            3.6231372356
2079.0000000000            3.6223969460
2080.0000000000            3.6216561794
2081.0000000000            3.6209146976
2082.0000000000            3.6201727390
2083.0000000000            3.6194298267
2084.0000000000            3.6186866760
2085.0000000000            3.6179430485
2086.0000000000            3.6171987057
2087.0000000000            3.6164538860
2088.0000000000            3.6157083511
2089.0000000000            3.6149621010
2090.0000000000            3.6142156124
2091.0000000000            3.6134684086
2092.0000000000            3.6127207279
2093.0000000000            3.6119720936
2094.0000000000            3.6112234592
2095.0000000000            3.6104738712
2096.0000000000            3.6097238064
2097.0000000000            3.6089730263
2098.0000000000            3.6082220078
2099.0000000000            3.6074700356
2100.0000000000            3.6067175865
2101.0000000000            3.6059646606
2102.0000000000            3.6052112579
2103.0000000000            3.6044571400
2104.0000000000            3.6037025452
2105.0000000000            3.6029472351
2106.0000000000            3.6021914482
2107.0000000000            3.6014351845
2108.0000000000            3.6006784439
2109.0000000000            3.5999207497
2110.0000000000            3.5991625786
2111.0000000000            3.5984041691
2112.0000000000            3.5976448059
2113.0000000000            3.5968852043
2114.0000000000            3.5961248875
2115.0000000000            3.5953640938
2116.0000000000            3.5946023464
2117.0000000000            3.5938403606
2118.0000000000            3.5930781364
2119.0000000000            3.5923147202
2120.0000000000            3.5915510654
2121.0000000000            3.5907866955
2122.0000000000            3.5900218487
2123.0000000000            3.5892565250
2124.0000000000            3.5884904861
2125.0000000000            3.5877239704
2126.0000000000            3.5869569778
2127.0000000000            3.5861892700
2128.0000000000            3.5854210854
2129.0000000000            3.5846519470
2130.0000000000            3.5838828087
2131.0000000000            3.5831129551
2132.0000000000            3.5823426247
2133.0000000000            3.5815713406
2134.0000000000            3.5807998180
2135.0000000000            3.5800278187
2136.0000000000            3.5792548656
2137.0000000000            3.5784816742
2138.0000000000            3.5777077675
2139.0000000000            3.5769336224
2140.0000000000            3.5761587620
2141.0000000000            3.5753831863
2142.0000000000            3.5746068954
2143.0000000000            3.5738303661
2144.0000000000            3.5730531216
2145.0000000000            3.5722756386
2146.0000000000            3.5714972019
2147.0000000000            3.5707182884
2148.0000000000            3.5699391365
2149.0000000000            3.5691590309
2150.0000000000            3.5683784485
2151.0000000000            3.5675973892
2152.0000000000            3.5668158531
2153.0000000000            3.5660336018
2154.0000000000            3.5652508736
2155.0000000000            3.5644676685
2156.0000000000            3.5636839867
2157.0000000000            3.5628993511
2158.0000000000            3.5621142387
2159.0000000000            3.5613288879
2160.0000000000            3.5605428219
2161.0000000000            3.5597562790
2162.0000000000            3.5589692593
2163.0000000000            3.5581815243
2164.0000000000            3.5573930740
2165.0000000000            3.5566041470
2166.0000000000            3.5558152199
2167.0000000000            3.5550251007
2168.0000000000            3.5542347431
2169.0000000000            3.5534436703
2170.0000000000            3.5526521206
2171.0000000000            3.5518598557
2172.0000000000            3.5510673523
2173.0000000000            3.5502741337
2174.0000000000            3.5494804382
2175.0000000000            3.5486860275
2176.0000000000            3.5478913784
2177.0000000000            3.5470960140
2178.0000000000            3.5462999344
2179.0000000000            3.5455036163
2180.0000000000            3.5447065830
2181.0000000000            3.5439088345
2182.0000000000            3.5431108475
2183.0000000000            3.5423123837
2184.0000000000            3.5415129662
2185.0000000000            3.5407133102
2186.0000000000            3.5399129391
2187.0000000000            3.5391123295
2188.0000000000            3.5383107662
2189.0000000000            3.5375092030
2190.0000000000            3.5367064476
2191.0000000000            3.5359034538
2192.0000000000            3.5350999832
2193.0000000000            3.5342960358
2194.0000000000            3.5334913731
2195.0000000000            3.5326859951
2196.0000000000            3.5318806171
2197.0000000000            3.5310742855
2198.0000000000            3.5302672386
2199.0000000000            3.5294601917
2200.0000000000            3.5286521912
2201.0000000000            3.5278439522
2202.0000000000            3.5270349979
2203.0000000000            3.5262255669
2204.0000000000            3.5254156590
2205.0000000000            3.5246050358
2206.0000000000            3.5237939358
2207.0000000000            3.5229823589
2208.0000000000            3.5221700668
2209.0000000000            3.5213575363
2210.0000000000            3.5205445290
2211.0000000000            3.5197305679
2212.0000000000            3.5189163685
2213.0000000000            3.5181016922
2214.0000000000            3.5172860622
2215.0000000000            3.5164701939
2216.0000000000            3.5156538486
2217.0000000000            3.5148370266
2218.0000000000            3.5140194893
2219.0000000000            3.5132012367
2220.0000000000            3.5123829842
2221.0000000000            3.5115637779
2222.0000000000            3.5107443333
2223.0000000000            3.5099241734
2224.0000000000            3.5091032982
2225.0000000000            3.5082821846
2226.0000000000            3.5074605942
2227.0000000000            3.5066385269
2228.0000000000            3.5058152676
2229.0000000000            3.5049922466
2230.0000000000            3.5041685104
2231.0000000000            3.5033440590
2232.0000000000            3.5025188923
2233.0000000000            3.5016934872
2234.0000000000            3.5008678436
2235.0000000000            3.5000414848
2236.0000000000            3.4992144108
2237.0000000000            3.4983866215
2238.0000000000            3.4975585938
2239.0000000000            3.4967303276
2240.0000000000            3.4959013462
2241.0000000000            3.4950716496
2242.0000000000            3.4942414761
2243.0000000000            3.4934108257
2244.0000000000            3.4925794601
2245.0000000000            3.4917478561
2246.0000000000            3.4909157753
2247.0000000000            3.4900832176
2248.0000000000            3.4892499447
2249.0000000000            3.4884159565
2250.0000000000            3.4875814915
2251.0000000000            3.4867467880
2252.0000000000            3.4859116077
2253.0000000000            3.4850757122
2254.0000000000            3.4842393398
2255.0000000000            3.4834024906
2256.0000000000            3.4825651646
2257.0000000000            3.4817271233
2258.0000000000            3.4808886051
2259.0000000000            3.4800496101
2260.0000000000            3.4792103767
2261.0000000000            3.4783704281
2262.0000000000            3.4775297642
2263.0000000000            3.4766888618
2264.0000000000            3.4758472443
2265.0000000000            3.4750051498
2266.0000000000            3.4741625786
2267.0000000000            3.4733195305
2268.0000000000            3.4724760056
2269.0000000000            3.4716317654
2270.0000000000            3.4707872868
2271.0000000000            3.4699420929
2272.0000000000            3.4690964222
2273.0000000000            3.4682502747
2274.0000000000            3.4674038887
2275.0000000000            3.4665565491
2276.0000000000            3.4657087326
2277.0000000000            3.4648604393
2278.0000000000            3.4640121460
2279.0000000000            3.4631628990
2280.0000000000            3.4623129368
2281.0000000000            3.4614629745
2282.0000000000            3.4606120586
2283.0000000000            3.4597609043
2284.0000000000            3.4589090347
2285.0000000000            3.4580569267
2286.0000000000            3.4572041035
2287.0000000000            3.4563510418
2288.0000000000            3.4554972649
2289.0000000000            3.4546430111
2290.0000000000            3.4537882805
2291.0000000000            3.4529328346
2292.0000000000            3.4520771503
2293.0000000000            3.4512209892
2294.0000000000            3.4503641129
2295.0000000000            3.4495067596
2296.0000000000            3.4486489296
2297.0000000000            3.4477906227
2298.0000000000            3.4469318390
2299.0000000000            3.4460728168
2300.0000000000            3.4452130795
2301.0000000000            3.4443526268
2302.0000000000            3.4434919357
2303.0000000000            3.4426305294
2304.0000000000            3.4417688847
2305.0000000000            3.4409065247
2306.0000000000            3.4400436878
2307.0000000000            3.4391803741
2308.0000000000            3.4383165836
2309.0000000000            3.4374523163
2310.0000000000            3.4365875721
2311.0000000000            3.4357223511
2312.0000000000            3.4348566532
2313.0000000000            3.4339902401
2314.0000000000            3.4331235886
2315.0000000000            3.4322562218
2316.0000000000            3.4313886166
2317.0000000000            3.4305205345
2318.0000000000            3.4296514988
2319.0000000000            3.4287827015
2320.0000000000            3.4279129505
2321.0000000000            3.4270427227
2322.0000000000            3.4261720181
2323.0000000000            3.4253005981
2324.0000000000            3.4244291782
2325.0000000000            3.4235568047
2326.0000000000            3.4226841927
2327.0000000000            3.4218113422
2328.0000000000            3.4209375381
2329.0000000000            3.4200634956
2330.0000000000            3.4191887379
2331.0000000000            3.4183137417
2332.0000000000            3.4174382687
2333.0000000000            3.4165620804
2334.0000000000            3.4156854153
2335.0000000000            3.4148085117
2336.0000000000            3.4139308929
2337.0000000000            3.4130530357
2338.0000000000            3.4121744633
2339.0000000000            3.4112956524
2340.0000000000            3.4104161263
2341.0000000000            3.4095361233
2342.0000000000            3.4086556435
2343.0000000000            3.4077746868
2344.0000000000            3.4068934917
2345.0000000000            3.4060118198
2346.0000000000            3.4051291943
2347.0000000000            3.4042468071
2348.0000000000            3.4033632278
2349.0000000000            3.4024794102
2350.0000000000            3.4015951157
2351.0000000000            3.4007103443
2352.0000000000            3.3998250961
2353.0000000000            3.3989396095
2354.0000000000            3.3980531693
2355.0000000000            3.3971667290
2356.0000000000            3.3962795734
2357.0000000000            3.3953921795
2358.0000000000            3.3945040703
2359.0000000000            3.3936154842
2360.0000000000            3.3927264214
2361.0000000000            3.3918368816
2362.0000000000            3.3909468651
2363.0000000000            3.3900563717
2364.0000000000            3.3891656399
2365.0000000000            3.3882741928
2366.0000000000            3.3873825073
2367.0000000000            3.3864901066
2368.0000000000            3.3855972290
2369.0000000000            3.3847038746
2370.0000000000            3.3838100433
2371.0000000000            3.3829159737
2372.0000000000            3.3820211887
2373.0000000000            3.3811261654
2374.0000000000            3.3802304268
2375.0000000000            3.3793344498
2376.0000000000            3.3784377575
2377.0000000000            3.3775405884
2378.0000000000            3.3766434193
2379.0000000000            3.3757452965
2380.0000000000            3.3748469353
2381.0000000000            3.3739480972
2382.0000000000            3.3730487823
2383.0000000000            3.3721487522
2384.0000000000            3.3712484837
2385.0000000000            3.3703477383
2386.0000000000            3.3694467545
2387.0000000000            3.3685450554
2388.0000000000            3.3676428795
2389.0000000000            3.3667402267
2390.0000000000            3.3658370972
2391.0000000000            3.3649334908
2392.0000000000            3.3640294075
2393.0000000000            3.3631253242
2394.0000000000            3.3622202873
2395.0000000000            3.3613150120
2396.0000000000            3.3604092598
2397.0000000000            3.3595030308
2398.0000000000            3.3585960865
2399.0000000000            3.3576891422
2400.0000000000            3.3567812443
2401.0000000000            3.3558733463
2402.0000000000            3.3549647331
2403.0000000000            3.3540556431
2404.0000000000            3.3531460762
2405.0000000000            3.3522362709
2406.0000000000            3.3513259888
2407.0000000000            3.3504149914
2408.0000000000            3.3495037556
2409.0000000000            3.3485922813
2410.0000000000            3.3476798534
2411.0000000000            3.3467674255
2412.0000000000            3.3458542824
2413.0000000000            3.3449406624
2414.0000000000            3.3440268040
2415.0000000000            3.3431122303
2416.0000000000            3.3421974182
2417.0000000000            3.3412821293
2418.0000000000            3.3403663635
2419.0000000000            3.3394501209
2420.0000000000            3.3385331631
2421.0000000000            3.3376159668
2422.0000000000            3.3366985321
2423.0000000000            3.3357806206
2424.0000000000            3.3348622322
2425.0000000000            3.3339433670
2426.0000000000            3.3330237865
2427.0000000000            3.3321039677
2428.0000000000            3.3311839104
2429.0000000000            3.3302628994
2430.0000000000            3.3293418884
2431.0000000000            3.3284204006
2432.0000000000            3.3274981976
2433.0000000000            3.3265757561
2434.0000000000            3.3256530762
2435.0000000000            3.3247294426
2436.0000000000            3.3238060474
2437.0000000000            3.3228816986
2438.0000000000            3.3219571114
2439.0000000000            3.3210320473
2440.0000000000            3.3201062679
2441.0000000000            3.3191804886
2442.0000000000            3.3182539940
2443.0000000000            3.3173272610
2444.0000000000            3.3163998127
2445.0000000000            3.3154721260
2446.0000000000            3.3145439625
2447.0000000000            3.3136153221
2448.0000000000            3.3126866817
2449.0000000000            3.3117568493
2450.0000000000            3.3108270168
2451.0000000000            3.3098967075
2452.0000000000            3.3089659214
2453.0000000000            3.3080348969
2454.0000000000            3.3071031570
2455.0000000000            3.3061711788
2456.0000000000            3.3052387238
2457.0000000000            3.3043057919
2458.0000000000            3.3033723831
2459.0000000000            3.3024387360
2460.0000000000            3.3015046120
2461.0000000000            3.3005700111
2462.0000000000            3.2996349335
2463.0000000000            3.2986993790
2464.0000000000            3.2977635860
2465.0000000000            3.2968273163
2466.0000000000            3.2958903313
2467.0000000000            3.2949533463
2468.0000000000            3.2940156460
2469.0000000000            3.2930777073
2470.0000000000            3.2921392918
2471.0000000000            3.2912003994
2472.0000000000            3.2902610302
2473.0000000000            3.2893214226
2474.0000000000            3.2883810997
2475.0000000000            3.2874405384
2476.0000000000            3.2864995003
2477.0000000000            3.2855582237
2478.0000000000            3.2846167088
2479.0000000000            3.2836744785
2480.0000000000            3.2827317715
2481.0000000000            3.2817885876
2482.0000000000            3.2808449268
2483.0000000000            3.2799012661
2484.0000000000            3.2789566517
2485.0000000000            3.2780120373
2486.0000000000            3.2770669460
2487.0000000000            3.2761213779
2488.0000000000            3.2751753330
2489.0000000000            3.2742288113
2490.0000000000            3.2732822895
2491.0000000000            3.2723350525
2492.0000000000            3.2713873386
2493.0000000000            3.2704391479
2494.0000000000            3.2694907188
2495.0000000000            3.2685418129
2496.0000000000            3.2675926685
2497.0000000000            3.2666430473
2498.0000000000            3.2656929493
2499.0000000000            3.2647423744
2500.0000000000            3.2637915611
2501.0000000000            3.2628400326
2502.0000000000            3.2618885040
2503.0000000000            3.2609362602
2504.0000000000            3.2599837780
2505.0000000000            3.2590308189
2506.0000000000            3.2580773830
2507.0000000000            3.2571234703
2508.0000000000            3.2561693192
2509.0000000000            3.2552149296
2510.0000000000            3.2542598248
2511.0000000000            3.2533044815
2512.0000000000            3.2523486614
2513.0000000000            3.2513926029
2514.0000000000            3.2504358292
2515.0000000000            3.2494790554
2516.0000000000            3.2485215664
2517.0000000000            3.2475638390
2518.0000000000            3.2466056347
2519.0000000000            3.2456467152
2520.0000000000            3.2446880341
2521.0000000000            3.2437286377
2522.0000000000            3.2427687645
2523.0000000000            3.2418086529
2524.0000000000            3.2408478260
2525.0000000000            3.2398872375
2526.0000000000            3.2389256954
2527.0000000000            3.2379639149
2528.0000000000            3.2370018959
2529.0000000000            3.2360391617
2530.0000000000            3.2350764275
2531.0000000000            3.2341129780
2532.0000000000            3.2331492901
2533.0000000000            3.2321851254
2534.0000000000            3.2312207222
2535.0000000000            3.2302556038
2536.0000000000            3.2292907238
2537.0000000000            3.2283248901
2538.0000000000            3.2273588181
2539.0000000000            3.2263922691
2540.0000000000            3.2254254818
2541.0000000000            3.2244584560
2542.0000000000            3.2234907150
2543.0000000000            3.2225227356
2544.0000000000            3.2215542793
2545.0000000000            3.2205855846
2546.0000000000            3.2196161747
2547.0000000000            3.2186470032
2548.0000000000            3.2176768780
2549.0000000000            3.2167065144
2550.0000000000            3.2157359123
2551.0000000000            3.2147648335
2552.0000000000            3.2137932777
2553.0000000000            3.2128214836
2554.0000000000            3.2118492126
2555.0000000000            3.2108767033
2556.0000000000            3.2099037170
2557.0000000000            3.2089302540
2558.0000000000            3.2079565525
2559.0000000000            3.2069823742
2560.0000000000            3.2060079575
2561.0000000000            3.2050330639
2562.0000000000            3.2040576935
2563.0000000000            3.2030820847
2564.0000000000            3.2021062374
2565.0000000000            3.2011299133
2566.0000000000            3.2001531124
2567.0000000000            3.1991760731
2568.0000000000            3.1981985569
2569.0000000000            3.1972205639
2570.0000000000            3.1962423325
2571.0000000000            3.1952636242
2572.0000000000            3.1942846775
2573.0000000000            3.1933054924
2574.0000000000            3.1923258305
2575.0000000000            3.1913456917
2576.0000000000            3.1903650761
2577.0000000000            3.1893844604
2578.0000000000            3.1884031296
2579.0000000000            3.1874215603
2580.0000000000            3.1864397526
2581.0000000000            3.1854572296
2582.0000000000            3.1844747066
2583.0000000000            3.1834917068
2584.0000000000            3.1825082302
2585.0000000000            3.1815242767
2586.0000000000            3.1805405617
2587.0000000000            3.1795558929
2588.0000000000            3.1785709858
2589.0000000000            3.1775858402
2590.0000000000            3.1766002178
2591.0000000000            3.1756143570
2592.0000000000            3.1746280193
2593.0000000000            3.1736414433
2594.0000000000            3.1726541519
2595.0000000000            3.1716670990
2596.0000000000            3.1706793308
2597.0000000000            3.1696910858
2598.0000000000            3.1687028408
2599.0000000000            3.1677141190
2600.0000000000            3.1667249203
2601.0000000000            3.1657354832
2602.0000000000            3.1647455692
2603.0000000000            3.1637551785
2604.0000000000            3.1627645493
2605.0000000000            3.1617739201
2606.0000000000            3.1607823372
2607.0000000000            3.1597907543
2608.0000000000            3.1587986946
2609.0000000000            3.1578066349
2610.0000000000            3.1568138599
2611.0000000000            3.1558206081
2612.0000000000            3.1548271179
2613.0000000000            3.1538338661
2614.0000000000            3.1528396606
2615.0000000000            3.1518452168
2616.0000000000            3.1508505344
2617.0000000000            3.1498553753
2618.0000000000            3.1488595009
2619.0000000000            3.1478638649
2620.0000000000            3.1468677521
2621.0000000000            3.1458714008
2622.0000000000            3.1448745728
2623.0000000000            3.1438770294
2624.0000000000            3.1428797245
2625.0000000000            3.1418817043
2626.0000000000            3.1408834457
2627.0000000000            3.1398851871
2628.0000000000            3.1388859749
2629.0000000000            3.1378870010
2630.0000000000            3.1368873119
2631.0000000000            3.1358871460
2632.0000000000            3.1348872185
2633.0000000000            3.1338865757
2634.0000000000            3.1328854561
2635.0000000000            3.1318843365
2636.0000000000            3.1308827400
2637.0000000000            3.1298806667
2638.0000000000            3.1288785934
2639.0000000000            3.1278758049
2640.0000000000            3.1268727779
2641.0000000000            3.1258695126
2642.0000000000            3.1248662472
2643.0000000000            3.1238620281
2644.0000000000            3.1228578091
2645.0000000000            3.1218531132
2646.0000000000            3.1208481789
2647.0000000000            3.1198430061
2648.0000000000            3.1188373566
2649.0000000000            3.1178314686
2650.0000000000            3.1168251038
2651.0000000000            3.1158187389
2652.0000000000            3.1148116589
2653.0000000000            3.1138043404
2654.0000000000            3.1127967834
2655.0000000000            3.1117892265
2656.0000000000            3.1107809544
2657.0000000000            3.1097722054
2658.0000000000            3.1087632179
2659.0000000000            3.1077542305
2660.0000000000            3.1067445278
2661.0000000000            3.1057350636
2662.0000000000            3.1047246456
2663.0000000000            3.1037139893
2664.0000000000            3.1027035713
2665.0000000000            3.1016921997
2666.0000000000            3.1006808281
2667.0000000000            3.0996692181
2668.0000000000            3.0986571312
2669.0000000000            3.0976448059
2670.0000000000            3.0966317654
2671.0000000000            3.0956189632
2672.0000000000            3.0946056843
2673.0000000000            3.0935919285
2674.0000000000            3.0925781727
2675.0000000000            3.0915634632
2676.0000000000            3.0905489922
2677.0000000000            3.0895340443
2678.0000000000            3.0885188580
2679.0000000000            3.0875034332
2680.0000000000            3.0864875317
2681.0000000000            3.0854713917
2682.0000000000            3.0844547749
2683.0000000000            3.0834381580
2684.0000000000            3.0824210644
2685.0000000000            3.0814037323
2686.0000000000            3.0803859234
2687.0000000000            3.0793681145
2688.0000000000            3.0783495903
2689.0000000000            3.0773310661
2690.0000000000            3.0763120651
2691.0000000000            3.0752928257
2692.0000000000            3.0742733479
2693.0000000000            3.0732533932
2694.0000000000            3.0722332001
2695.0000000000            3.0712127686
2696.0000000000            3.0701923370
2697.0000000000            3.0691709518
2698.0000000000            3.0681498051
2699.0000000000            3.0671279430
2700.0000000000            3.0661060810
2701.0000000000            3.0650839806
2702.0000000000            3.0640611649
2703.0000000000            3.0630383492
2704.0000000000            3.0620150566
2705.0000000000            3.0609915257
2706.0000000000            3.0599682331
2707.0000000000            3.0589439869
2708.0000000000            3.0579197407
2709.0000000000            3.0568950176
2710.0000000000            3.0558702946
2711.0000000000            3.0548450947
2712.0000000000            3.0538191795
2713.0000000000            3.0527935028
2714.0000000000            3.0517675877
2715.0000000000            3.0507411957
2716.0000000000            3.0497143269
2717.0000000000            3.0486874580
2718.0000000000            3.0476601124
2719.0000000000            3.0466325283
2720.0000000000            3.0456049442
2721.0000000000            3.0445766449
2722.0000000000            3.0435483456
2723.0000000000            3.0425195694
2724.0000000000            3.0414907932
2725.0000000000            3.0404613018
2726.0000000000            3.0394318104
2727.0000000000            3.0384020805
2728.0000000000            3.0373718739
2729.0000000000            3.0363414288
2730.0000000000            3.0353107452
2731.0000000000            3.0342795849
2732.0000000000            3.0332486629
2733.0000000000            3.0322172642
2734.0000000000            3.0311851501
2735.0000000000            3.0301530361
2736.0000000000            3.0291206837
2737.0000000000            3.0280880928
2738.0000000000            3.0270550251
2739.0000000000            3.0260219574
2740.0000000000            3.0249886513
2741.0000000000            3.0239546299
2742.0000000000            3.0229208469
2743.0000000000            3.0218863487
2744.0000000000            3.0208516121
2745.0000000000            3.0198168755
2746.0000000000            3.0187819004
2747.0000000000            3.0177464485
2748.0000000000            3.0167107582
2749.0000000000            3.0156748295
2750.0000000000            3.0146384239
2751.0000000000            3.0136020184
2752.0000000000            3.0125653744
2753.0000000000            3.0115282536
2754.0000000000            3.0104908943
2755.0000000000            3.0094535351
2756.0000000000            3.0084154606
2757.0000000000            3.0073776245
2758.0000000000            3.0063390732
2759.0000000000            3.0053005219
2760.0000000000            3.0042614937
2761.0000000000            3.0032224655
2762.0000000000            3.0021831989
2763.0000000000            3.0011434555
2764.0000000000            3.0001034737
2765.0000000000            2.9990630150
2766.0000000000            2.9980227947
2767.0000000000            2.9969820976
2768.0000000000            2.9959411621
2769.0000000000            2.9948997498
2770.0000000000            2.9938583374
2771.0000000000            2.9928164482
2772.0000000000            2.9917745590
2773.0000000000            2.9907321930
2774.0000000000            2.9896898270
2775.0000000000            2.9886467457
2776.0000000000            2.9876039028
2777.0000000000            2.9865605831
2778.0000000000            2.9855170250
2779.0000000000            2.9844732285
2780.0000000000            2.9834289551
2781.0000000000            2.9823846817
2782.0000000000            2.9813404083
2783.0000000000            2.9802954197
2784.0000000000            2.9792504311
2785.0000000000            2.9782052040
2786.0000000000            2.9771595001
2787.0000000000            2.9761135578
2788.0000000000            2.9750676155
2789.0000000000            2.9740214348
2790.0000000000            2.9729747772
2791.0000000000            2.9719278812
2792.0000000000            2.9708809853
2793.0000000000            2.9698336124
2794.0000000000            2.9687860012
2795.0000000000            2.9677381516
2796.0000000000            2.9666900635
2797.0000000000            2.9656419754
2798.0000000000            2.9645934105
2799.0000000000            2.9635448456
2800.0000000000            2.9624955654
2801.0000000000            2.9614462852
2802.0000000000            2.9603970051
2803.0000000000            2.9593470097
2804.0000000000            2.9582972527
2805.0000000000            2.9572470188
2806.0000000000            2.9561967850
2807.0000000000            2.9551458359
2808.0000000000            2.9540948868
2809.0000000000            2.9530439377
2810.0000000000            2.9519925117
2811.0000000000            2.9509408474
2812.0000000000            2.9498889446
2813.0000000000            2.9488368034
2814.0000000000            2.9477844238
2815.0000000000            2.9467320442
2816.0000000000            2.9456791878
2817.0000000000            2.9446260929
2818.0000000000            2.9435729980
2819.0000000000            2.9425194263
2820.0000000000            2.9414658546
2821.0000000000            2.9404120445
2822.0000000000            2.9393577576
2823.0000000000            2.9383032322
2824.0000000000            2.9372487068
2825.0000000000            2.9361939430
2826.0000000000            2.9351387024
2827.0000000000            2.9340834618
2828.0000000000            2.9330279827
2829.0000000000            2.9319725037
2830.0000000000            2.9309163094
2831.0000000000            2.9298601151
2832.0000000000            2.9288039207
2833.0000000000            2.9277470112
2834.0000000000            2.9266903400
2835.0000000000            2.9256334305
2836.0000000000            2.9245758057
2837.0000000000            2.9235186577
2838.0000000000            2.9224607944
2839.0000000000            2.9214029312
2840.0000000000            2.9203448296
2841.0000000000            2.9192864895
2842.0000000000            2.9182279110
2843.0000000000            2.9171690941
2844.0000000000            2.9161098003
2845.0000000000            2.9150507450
2846.0000000000            2.9139912128
2847.0000000000            2.9129316807
2848.0000000000            2.9118719101
2849.0000000000            2.9108119011
2850.0000000000            2.9097514153
2851.0000000000            2.9086909294
2852.0000000000            2.9076304436
2853.0000000000            2.9065692425
2854.0000000000            2.9055080414
2855.0000000000            2.9044470787
2856.0000000000            2.9033851624
2857.0000000000            2.9023237228
2858.0000000000            2.9012615681
2859.0000000000            2.9001994133
2860.0000000000            2.8991370201
2861.0000000000            2.8980746269
2862.0000000000            2.8970117569
2863.0000000000            2.8959486485
2864.0000000000            2.8948855400
2865.0000000000            2.8938224316
2866.0000000000            2.8927586079
2867.0000000000            2.8916947842
2868.0000000000            2.8906307220
2869.0000000000            2.8895666599
2870.0000000000            2.8885021210
2871.0000000000            2.8874378204
2872.0000000000            2.8863730431
2873.0000000000            2.8853080273
2874.0000000000            2.8842427731
2875.0000000000            2.8831772804
2876.0000000000            2.8821120262
2877.0000000000            2.8810462952
2878.0000000000            2.8799803257
2879.0000000000            2.8789141178
2880.0000000000            2.8778479099
2881.0000000000            2.8767812252
2882.0000000000            2.8757145405
2883.0000000000            2.8746476173
2884.0000000000            2.8735806942
2885.0000000000            2.8725132942
2886.0000000000            2.8714458942
2887.0000000000            2.8703780174
2888.0000000000            2.8693103790
2889.0000000000            2.8682422638
2890.0000000000            2.8671741486
2891.0000000000            2.8661057949
2892.0000000000            2.8650369644
2893.0000000000            2.8639683723
2894.0000000000            2.8628993034
2895.0000000000            2.8618302345
2896.0000000000            2.8607606888
2897.0000000000            2.8596913815
2898.0000000000            2.8586215973
2899.0000000000            2.8575520515
2900.0000000000            2.8564820290
2901.0000000000            2.8554115295
2902.0000000000            2.8543412685
2903.0000000000            2.8532705307
2904.0000000000            2.8521997929
2905.0000000000            2.8511288166
2906.0000000000            2.8500576019
2907.0000000000            2.8489863873
2908.0000000000            2.8479149342
2909.0000000000            2.8468432426
2910.0000000000            2.8457715511
2911.0000000000            2.8446993828
2912.0000000000            2.8436274529
2913.0000000000            2.8425550461
2914.0000000000            2.8414824009
2915.0000000000            2.8404097557
2916.0000000000            2.8393371105
2917.0000000000            2.8382639885
2918.0000000000            2.8371906281
2919.0000000000            2.8361172676
2920.0000000000            2.8350439072
2921.0000000000            2.8339703083
2922.0000000000            2.8328962326
2923.0000000000            2.8318221569
2924.0000000000            2.8307483196
2925.0000000000            2.8296737671
2926.0000000000            2.8285992146
2927.0000000000            2.8275244236
2928.0000000000            2.8264496326
2929.0000000000            2.8253746033
2930.0000000000            2.8242995739
2931.0000000000            2.8232243061
2932.0000000000            2.8221485615
2933.0000000000            2.8210728168
2934.0000000000            2.8199973106
2935.0000000000            2.8189210892
2936.0000000000            2.8178451061
2937.0000000000            2.8167688847
2938.0000000000            2.8156921864
2939.0000000000            2.8146159649
2940.0000000000            2.8135390282
2941.0000000000            2.8124618530
2942.0000000000            2.8113849163
2943.0000000000            2.8103077412
2944.0000000000            2.8092303276
2945.0000000000            2.8081529140
2946.0000000000            2.8070750237
2947.0000000000            2.8059973717
2948.0000000000            2.8049194813
2949.0000000000            2.8038411140
2950.0000000000            2.8027632236
2951.0000000000            2.8016846180
2952.0000000000            2.8006057739
2953.0000000000            2.7995271683
2954.0000000000            2.7984483242
2955.0000000000            2.7973692417
2956.0000000000            2.7962903976
2957.0000000000            2.7952110767
2958.0000000000            2.7941315174
2959.0000000000            2.7930517197
2960.0000000000            2.7919721603
2961.0000000000            2.7908921242
2962.0000000000            2.7898123264
2963.0000000000            2.7887320518
2964.0000000000            2.7876517773
2965.0000000000            2.7865715027
2966.0000000000            2.7854907513
2967.0000000000            2.7844097614
2968.0000000000            2.7833292484
2969.0000000000            2.7822482586
2970.0000000000            2.7811670303
2971.0000000000            2.7800858021
2972.0000000000            2.7790045738
2973.0000000000            2.7779228687
2974.0000000000            2.7768411636
2975.0000000000            2.7757592201
2976.0000000000            2.7746772766
2977.0000000000            2.7735950947
2978.0000000000            2.7725131512
2979.0000000000            2.7714304924
2980.0000000000            2.7703483105
2981.0000000000            2.7692656517
2982.0000000000            2.7681829929
2983.0000000000            2.7671000957
2984.0000000000            2.7660171986
2985.0000000000            2.7649340630
2986.0000000000            2.7638506889
2987.0000000000            2.7627673149
2988.0000000000            2.7616839409
2989.0000000000            2.7606000900
2990.0000000000            2.7595164776
2991.0000000000            2.7584326267
2992.0000000000            2.7573485374
2993.0000000000            2.7562644482
2994.0000000000            2.7551803589
2995.0000000000            2.7540957928
2996.0000000000            2.7530114651
2997.0000000000            2.7519268990
2998.0000000000            2.7508420944
2999.0000000000            2.7497572899
3000.0000000000            2.7486722469
3001.0000000000            2.7475872040
3002.0000000000            2.7465019226
3003.0000000000            2.7454166412
3004.0000000000            2.7443311214
3005.0000000000            2.7432458401
3006.0000000000            2.7421600819
3007.0000000000            2.7410743237
3008.0000000000            2.7399883270
3009.0000000000            2.7389023304
3010.0000000000            2.7378163338
3011.0000000000            2.7367300987
3012.0000000000            2.7356436253
3013.0000000000            2.7345571518
3014.0000000000            2.7334706783
3015.0000000000            2.7323842049
3016.0000000000            2.7312972546
3017.0000000000            2.7302103043
3018.0000000000            2.7291233540
3019.0000000000            2.7280361652
3020.0000000000            2.7269492149
3021.0000000000            2.7258617878
3022.0000000000            2.7247743607
3023.0000000000            2.7236869335
3024.0000000000            2.7225992680
3025.0000000000            2.7215116024
3026.0000000000            2.7204236984
3027.0000000000            2.7193357944
3028.0000000000            2.7182478905
3029.0000000000            2.7171595097
3030.0000000000            2.7160713673
3031.0000000000            2.7149829865
3032.0000000000            2.7138946056
3033.0000000000            2.7128062248
3034.0000000000            2.7117176056
3035.0000000000            2.7106289864
3036.0000000000            2.7095398903
3037.0000000000            2.7084510326
3038.0000000000            2.7073621750
3039.0000000000            2.7062730789
3040.0000000000            2.7051837444
3041.0000000000            2.7040944099
3042.0000000000            2.7030050755
3043.0000000000            2.7019157410
3044.0000000000            2.7008261681
3045.0000000000            2.6997365952
3046.0000000000            2.6986467838
3047.0000000000            2.6975567341
3048.0000000000            2.6964669228
3049.0000000000            2.6953768730
3050.0000000000            2.6942868233
3051.0000000000            2.6931967735
3052.0000000000            2.6921062469
3053.0000000000            2.6910159588
3054.0000000000            2.6899256706
3055.0000000000            2.6888351440
3056.0000000000            2.6877443790
3057.0000000000            2.6866538525
3058.0000000000            2.6855630875
3059.0000000000            2.6844723225
3060.0000000000            2.6833813190
3061.0000000000            2.6822900772
3062.0000000000            2.6811990738
3063.0000000000            2.6801080704
3064.0000000000            2.6790165901
3065.0000000000            2.6779255867
3066.0000000000            2.6768338680
3067.0000000000            2.6757423878
3068.0000000000            2.6746509075
3069.0000000000            2.6735591888
3070.0000000000            2.6724674702
3071.0000000000            2.6713757515
3072.0000000000            2.6702837944
3073.0000000000            2.6691920757
3074.0000000000            2.6681001186
3075.0000000000            2.6670079231
3076.0000000000            2.6659157276
3077.0000000000            2.6648235321
3078.0000000000            2.6637310982
3079.0000000000            2.6626389027
3080.0000000000            2.6615464687
3081.0000000000            2.6604540348
3082.0000000000            2.6593613625
3083.0000000000            2.6582686901
3084.0000000000            2.6571760178
3085.0000000000            2.6560833454
3086.0000000000            2.6549904346
3087.0000000000            2.6538975239
3088.0000000000            2.6528046131
3089.0000000000            2.6517114639
3090.0000000000            2.6506185532
3091.0000000000            2.6495254040
3092.0000000000            2.6484320164
3093.0000000000            2.6473388672
3094.0000000000            2.6462454796
3095.0000000000            2.6451520920
3096.0000000000            2.6440587044
3097.0000000000            2.6429653168
3098.0000000000            2.6418716908
3099.0000000000            2.6407780647
3100.0000000000            2.6396842003
3101.0000000000            2.6385905743
3102.0000000000            2.6374967098
3103.0000000000            2.6364030838
3104.0000000000            2.6353089809
3105.0000000000            2.6342151165
3106.0000000000            2.6331210136
3107.0000000000            2.6320271492
3108.0000000000            2.6309328079
3109.0000000000            2.6298387051
3110.0000000000            2.6287446022
3111.0000000000            2.6276502609
3112.0000000000            2.6265559196
3113.0000000000            2.6254615784
3114.0000000000            2.6243672371
3115.0000000000            2.6232726574
3116.0000000000            2.6221780777
3117.0000000000            2.6210837364
3118.0000000000            2.6199891567
3119.0000000000            2.6188943386
3120.0000000000            2.6177997589
3121.0000000000            2.6167049408
3122.0000000000            2.6156101227
3123.0000000000            2.6145153046
3124.0000000000            2.6134204865
3125.0000000000            2.6123256683
3126.0000000000            2.6112306118
3127.0000000000            2.6101357937
3128.0000000000            2.6090404987
3129.0000000000            2.6079456806
3130.0000000000            2.6068503857
3131.0000000000            2.6057553291
3132.0000000000            2.6046602726
3133.0000000000            2.6035649776
3134.0000000000            2.6024696827
3135.0000000000            2.6013743877
3136.0000000000            2.6002790928
3137.0000000000            2.5991837978
3138.0000000000            2.5980882645
3139.0000000000            2.5969929695
3140.0000000000            2.5958976746
3141.0000000000            2.5948021412
3142.0000000000            2.5937066078
3143.0000000000            2.5926110744
3144.0000000000            2.5915155411
3145.0000000000            2.5904197693
3146.0000000000            2.5893242359
3147.0000000000            2.5882287025
3148.0000000000            2.5871329308
3149.0000000000            2.5860371590
3150.0000000000            2.5849416256
3151.0000000000            2.5838456154
3152.0000000000            2.5827498436
3153.0000000000            2.5816540718
3154.0000000000            2.5805583000
3155.0000000000            2.5794622898
3156.0000000000            2.5783665180
3157.0000000000            2.5772705078
3158.0000000000            2.5761747360
3159.0000000000            2.5750787258
3160.0000000000            2.5739829540
3161.0000000000            2.5728869438
3162.0000000000            2.5717909336
3163.0000000000            2.5706946850
3164.0000000000            2.5695989132
3165.0000000000            2.5685026646
3166.0000000000            2.5674066544
3167.0000000000            2.5663106441
3168.0000000000            2.5652143955
3169.0000000000            2.5641183853
3170.0000000000            2.5630221367
3171.0000000000            2.5619261265
3172.0000000000            2.5608298779
3173.0000000000            2.5597338676
3174.0000000000            2.5586376190
3175.0000000000            2.5575413704
3176.0000000000            2.5564451218
3177.0000000000            2.5553488731
3178.0000000000            2.5542528629
3179.0000000000            2.5531563759
3180.0000000000            2.5520603657
3181.0000000000            2.5509641171
3182.0000000000            2.5498676300
3183.0000000000            2.5487716198
3184.0000000000            2.5476753712
3185.0000000000            2.5465791225
3186.0000000000            2.5454826355
3187.0000000000            2.5443863869
3188.0000000000            2.5432901382
3189.0000000000            2.5421938896
3190.0000000000            2.5410976410
3191.0000000000            2.5400013924
3192.0000000000            2.5389051437
3193.0000000000            2.5378088951
3194.0000000000            2.5367124081
3195.0000000000            2.5356161594
3196.0000000000            2.5345199108
3197.0000000000            2.5334236622
3198.0000000000            2.5323274136
3199.0000000000            2.5312311649
3200.0000000000            2.5301349163
3201.0000000000            2.5290386677
3202.0000000000            2.5279421806
3203.0000000000            2.5268461704
3204.0000000000            2.5257499218
3205.0000000000            2.5246534348
3206.0000000000            2.5235574245
3207.0000000000            2.5224611759
3208.0000000000            2.5213649273
3209.0000000000            2.5202686787
3210.0000000000            2.5191724300
3211.0000000000            2.5180764198
3212.0000000000            2.5169801712
3213.0000000000            2.5158839226
3214.0000000000            2.5147879124
3215.0000000000            2.5136916637
3216.0000000000            2.5125956535
3217.0000000000            2.5114994049
3218.0000000000            2.5104033947
3219.0000000000            2.5093073845
3220.0000000000            2.5082111359
3221.0000000000            2.5071153641
3222.0000000000            2.5060193539
3223.0000000000            2.5049231052
3224.0000000000            2.5038270950
3225.0000000000            2.5027313232
3226.0000000000            2.5016353130
3227.0000000000            2.5005395412
3228.0000000000            2.4994435310
3229.0000000000            2.4983475208
3230.0000000000            2.4972517490
3231.0000000000            2.4961559772
3232.0000000000            2.4950602055
3233.0000000000            2.4939641953
3234.0000000000            2.4928684235
3235.0000000000            2.4917726517
3236.0000000000            2.4906771183
3237.0000000000            2.4895813465
3238.0000000000            2.4884855747
3239.0000000000            2.4873900414
3240.0000000000            2.4862942696
3241.0000000000            2.4851989746
3242.0000000000            2.4841032028
3243.0000000000            2.4830076694
3244.0000000000            2.4819123745
3245.0000000000            2.4808168411
3246.0000000000            2.4797213078
3247.0000000000            2.4786260128
3248.0000000000            2.4775304794
3249.0000000000            2.4764351845
3250.0000000000            2.4753398895
3251.0000000000            2.4742445946
3252.0000000000            2.4731495380
3253.0000000000            2.4720542431
3254.0000000000            2.4709589481
3255.0000000000            2.4698638916
3256.0000000000            2.4687688351
3257.0000000000            2.4676737785
3258.0000000000            2.4665787220
3259.0000000000            2.4654839039
3260.0000000000            2.4643888474
3261.0000000000            2.4632940292
3262.0000000000            2.4621992111
3263.0000000000            2.4611043930
3264.0000000000            2.4600095749
3265.0000000000            2.4589149952
3266.0000000000            2.4578201771
3267.0000000000            2.4567255974
3268.0000000000            2.4556310177
3269.0000000000            2.4545364380
3270.0000000000            2.4534418583
3271.0000000000            2.4523472786
3272.0000000000            2.4512531757
3273.0000000000            2.4501588345
3274.0000000000            2.4490644932
3275.0000000000            2.4479701519
3276.0000000000            2.4468760490
3277.0000000000            2.4457817078
3278.0000000000            2.4446876049
3279.0000000000            2.4435935020
3280.0000000000            2.4424996376
3281.0000000000            2.4414055347
3282.0000000000            2.4403116703
3283.0000000000            2.4392178059
3284.0000000000            2.4381241798
3285.0000000000            2.4370303154
3286.0000000000            2.4359366894
3287.0000000000            2.4348428249
3288.0000000000            2.4337491989
3289.0000000000            2.4326558113
3290.0000000000            2.4315621853
3291.0000000000            2.4304690361
3292.0000000000            2.4293756485
3293.0000000000            2.4282822609
3294.0000000000            2.4271891117
3295.0000000000            2.4260957241
3296.0000000000            2.4250028133
3297.0000000000            2.4239096642
3298.0000000000            2.4228167534
3299.0000000000            2.4217238426
3300.0000000000            2.4206309319
3301.0000000000            2.4195382595
3302.0000000000            2.4184453487
3303.0000000000            2.4173526764
3304.0000000000            2.4162602425
3305.0000000000            2.4151675701
3306.0000000000            2.4140751362
3307.0000000000            2.4129827023
3308.0000000000            2.4118902683
3309.0000000000            2.4107980728
3310.0000000000            2.4097058773
3311.0000000000            2.4086139202
3312.0000000000            2.4075217247
3313.0000000000            2.4064295292
3314.0000000000            2.4053378105
3315.0000000000            2.4042458534
3316.0000000000            2.4031541348
3317.0000000000            2.4020624161
3318.0000000000            2.4009706974
3319.0000000000            2.3998792171
3320.0000000000            2.3987877369
3321.0000000000            2.3976964951
3322.0000000000            2.3966050148
3323.0000000000            2.3955137730
3324.0000000000            2.3944225311
3325.0000000000            2.3933315277
3326.0000000000            2.3922405243
3327.0000000000            2.3911495209
3328.0000000000            2.3900585175
3329.0000000000            2.3889677525
3330.0000000000            2.3878769875
3331.0000000000            2.3867864609
3332.0000000000            2.3856959343
3333.0000000000            2.3846056461
3334.0000000000            2.3835151196
3335.0000000000            2.3824248314
3336.0000000000            2.3813345432
3337.0000000000            2.3802444935
3338.0000000000            2.3791544437
3339.0000000000            2.3780643940
3340.0000000000            2.3769745827
3341.0000000000            2.3758847713
3342.0000000000            2.3747949600
3343.0000000000            2.3737053871
3344.0000000000            2.3726158142
3345.0000000000            2.3715264797
3346.0000000000            2.3704371452
3347.0000000000            2.3693478107
3348.0000000000            2.3682587147
3349.0000000000            2.3671696186
3350.0000000000            2.3660805225
3351.0000000000            2.3649916649
3352.0000000000            2.3639030457
3353.0000000000            2.3628141880
3354.0000000000            2.3617255688
3355.0000000000            2.3606369495
3356.0000000000            2.3595485687
3357.0000000000            2.3584601879
3358.0000000000            2.3573720455
3359.0000000000            2.3562839031
3360.0000000000            2.3551957607
3361.0000000000            2.3541078568
3362.0000000000            2.3530199528
3363.0000000000            2.3519322872
3364.0000000000            2.3508446217
3365.0000000000            2.3497571945
3366.0000000000            2.3486697674
3367.0000000000            2.3475823402
3368.0000000000            2.3464951515
3369.0000000000            2.3454079628
3370.0000000000            2.3443207741
3371.0000000000            2.3432338238
3372.0000000000            2.3421471119
3373.0000000000            2.3410604000
3374.0000000000            2.3399736881
3375.0000000000            2.3388872147
3376.0000000000            2.3378007412
3377.0000000000            2.3367145061
3378.0000000000            2.3356282711
3379.0000000000            2.3345420361
3380.0000000000            2.3334560394
3381.0000000000            2.3323702812
3382.0000000000            2.3312845230
3383.0000000000            2.3301987648
3384.0000000000            2.3291132450
3385.0000000000            2.3280277252
3386.0000000000            2.3269424438
3387.0000000000            2.3258571625
3388.0000000000            2.3247721195
3389.0000000000            2.3236870766
3390.0000000000            2.3226022720
3391.0000000000            2.3215174675
3392.0000000000            2.3204329014
3393.0000000000            2.3193483353
3394.0000000000            2.3182640076
3395.0000000000            2.3171796799
3396.0000000000            2.3160953522
3397.0000000000            2.3150112629
3398.0000000000            2.3139274120
3399.0000000000            2.3128435612
3400.0000000000            2.3117597103
3401.0000000000            2.3106760979
3402.0000000000            2.3095927238
3403.0000000000            2.3085093498
3404.0000000000            2.3074262142
3405.0000000000            2.3063428402
3406.0000000000            2.3052599430
3407.0000000000            2.3041770458
3408.0000000000            2.3030943871
3409.0000000000            2.3020117283
3410.0000000000            2.3009293079
3411.0000000000            2.2998468876
3412.0000000000            2.2987647057
3413.0000000000            2.2976825237
3414.0000000000            2.2966005802
3415.0000000000            2.2955186367
3416.0000000000            2.2944369316
3417.0000000000            2.2933552265
3418.0000000000            2.2922737598
3419.0000000000            2.2911925316
3420.0000000000            2.2901113033
3421.0000000000            2.2890300751
3422.0000000000            2.2879493237
3423.0000000000            2.2868683338
3424.0000000000            2.2857875824
3425.0000000000            2.2847070694
3426.0000000000            2.2836265564
3427.0000000000            2.2825462818
3428.0000000000            2.2814662457
3429.0000000000            2.2803859711
3430.0000000000            2.2793061733
3431.0000000000            2.2782263756
3432.0000000000            2.2771468163
3433.0000000000            2.2760674953
3434.0000000000            2.2749879360
3435.0000000000            2.2739088535
3436.0000000000            2.2728297710
3437.0000000000            2.2717506886
3438.0000000000            2.2706718445
3439.0000000000            2.2695932388
3440.0000000000            2.2685148716
3441.0000000000            2.2674362659
3442.0000000000            2.2663581371
3443.0000000000            2.2652800083
3444.0000000000            2.2642021179
3445.0000000000            2.2631242275
3446.0000000000            2.2620465755
3447.0000000000            2.2609691620
3448.0000000000            2.2598917484
3449.0000000000            2.2588145733
3450.0000000000            2.2577373981
3451.0000000000            2.2566604614
3452.0000000000            2.2555835247
3453.0000000000            2.2545068264
3454.0000000000            2.2534303665
3455.0000000000            2.2523541451
3456.0000000000            2.2512779236
3457.0000000000            2.2502017021
3458.0000000000            2.2491259575
3459.0000000000            2.2480502129
3460.0000000000            2.2469747066
3461.0000000000            2.2458992004
3462.0000000000            2.2448236942
3463.0000000000            2.2437486649
3464.0000000000            2.2426736355
3465.0000000000            2.2415988445
3466.0000000000            2.2405240536
3467.0000000000            2.2394495010
3468.0000000000            2.2383751869
3469.0000000000            2.2373008728
3470.0000000000            2.2362270355
3471.0000000000            2.2351529598
3472.0000000000            2.2340791225
3473.0000000000            2.2330057621
3474.0000000000            2.2319321632
3475.0000000000            2.2308590412
3476.0000000000            2.2297859192
3477.0000000000            2.2287127972
3478.0000000000            2.2276401520
3479.0000000000            2.2265675068
3480.0000000000            2.2254948616
3481.0000000000            2.2244226933
3482.0000000000            2.2233505249
3483.0000000000            2.2222783566
3484.0000000000            2.2212066650
3485.0000000000            2.2201349735
3486.0000000000            2.2190635204
3487.0000000000            2.2179920673
3488.0000000000            2.2169208527
3489.0000000000            2.2158498764
3490.0000000000            2.2147791386
3491.0000000000            2.2137084007
3492.0000000000            2.2126379013
3493.0000000000            2.2115676403
3494.0000000000            2.2104973793
3495.0000000000            2.2094273567
3496.0000000000            2.2083575726
3497.0000000000            2.2072877884
3498.0000000000            2.2062182426
3499.0000000000            2.2051491737
3500.0000000000            2.2040798664
3501.0000000000            2.2030110359
3502.0000000000            2.2019419670
3503.0000000000            2.2008733749
3504.0000000000            2.1998050213
3505.0000000000            2.1987366676
3506.0000000000            2.1976685524
3507.0000000000            2.1966004372
3508.0000000000            2.1955327988
3509.0000000000            2.1944651604
3510.0000000000            2.1933977604
3511.0000000000            2.1923305988
3512.0000000000            2.1912634373
3513.0000000000            2.1901967525
3514.0000000000            2.1891300678
3515.0000000000            2.1880633831
3516.0000000000            2.1869971752
3517.0000000000            2.1859309673
3518.0000000000            2.1848649979
3519.0000000000            2.1837990284
3520.0000000000            2.1827335358
3521.0000000000            2.1816680431
3522.0000000000            2.1806027889
3523.0000000000            2.1795377731
3524.0000000000            2.1784727573
3525.0000000000            2.1774082184
3526.0000000000            2.1763434410
3527.0000000000            2.1752793789
3528.0000000000            2.1742150784
3529.0000000000            2.1731510162
3530.0000000000            2.1720871925
3531.0000000000            2.1710236073
3532.0000000000            2.1699604988
3533.0000000000            2.1688971519
3534.0000000000            2.1678340435
3535.0000000000            2.1667711735
3536.0000000000            2.1657085419
3537.0000000000            2.1646461487
3538.0000000000            2.1635837555
3539.0000000000            2.1625216007
3540.0000000000            2.1614596844
3541.0000000000            2.1603980064
3542.0000000000            2.1593365669
3543.0000000000            2.1582751274
3544.0000000000            2.1572141647
3545.0000000000            2.1561529636
3546.0000000000            2.1550924778
3547.0000000000            2.1540317535
3548.0000000000            2.1529715061
3549.0000000000            2.1519112587
3550.0000000000            2.1508512497
3551.0000000000            2.1497914791
3552.0000000000            2.1487319469
3553.0000000000            2.1476726532
3554.0000000000            2.1466133595
3555.0000000000            2.1455545425
3556.0000000000            2.1444954872
3557.0000000000            2.1434371471
3558.0000000000            2.1423785686
3559.0000000000            2.1413204670
3560.0000000000            2.1402623653
3561.0000000000            2.1392047405
3562.0000000000            2.1381471157
3563.0000000000            2.1370897293
3564.0000000000            2.1360325813
3565.0000000000            2.1349756718
3566.0000000000            2.1339190006
3567.0000000000            2.1328623295
3568.0000000000            2.1318058968
3569.0000000000            2.1307497025
3570.0000000000            2.1296937466
3571.0000000000            2.1286380291
3572.0000000000            2.1275825500
3573.0000000000            2.1265270710
3574.0000000000            2.1254720688
3575.0000000000            2.1244170666
3576.0000000000            2.1233623028
3577.0000000000            2.1223080158
3578.0000000000            2.1212537289
3579.0000000000            2.1201994419
3580.0000000000            2.1191456318
3581.0000000000            2.1180918217
3582.0000000000            2.1170382500
3583.0000000000            2.1159851551
3584.0000000000            2.1149318218
3585.0000000000            2.1138787270
3586.0000000000            2.1128258705
3587.0000000000            2.1117727757
3588.0000000000            2.1107199192
3589.0000000000            2.1096665859
3590.0000000000            2.1086130142
3591.0000000000            2.1075587273
3592.0000000000            2.1065034866
3593.0000000000            2.1054470539
3594.0000000000            2.1043882370
3595.0000000000            2.1033263206
3596.0000000000            2.1022598743
3597.0000000000            2.1011877060
3598.0000000000            2.1001071930
3599.0000000000            2.0990152359
3600.0000000000            2.0979077816
3601.0000000000            2.0967800617
3602.0000000000            2.0956251621
3603.0000000000            2.0944342613
3604.0000000000            2.0931968689
3605.0000000000            2.0918989182
3606.0000000000            2.0905232430
3607.0000000000            2.0890486240
3608.0000000000            2.0874483585
3609.0000000000            2.0856912136
3610.0000000000            2.0837376118
3611.0000000000            2.0815417767
3612.0000000000            2.0790486336
3613.0000000000            2.0761935711
3614.0000000000            2.0729010105
3615.0000000000            2.0690848827
3616.0000000000            2.0646455288
3617.0000000000            2.0594716072
3618.0000000000            2.0534372330
3619.0000000000            2.0464048386
3620.0000000000            2.0382227898
3621.0000000000            2.0287280083
3622.0000000000            2.0177462101
3623.0000000000            2.0050945282
3624.0000000000            1.9905836582
3625.0000000000            1.9740208387
3626.0000000000            1.9552131891
3627.0000000000            1.9339721203
3628.0000000000            1.9101181030
3629.0000000000            1.8834847212
3630.0000000000            1.8539247513
3631.0000000000            1.8213152885
3632.0000000000            1.7855623960
3633.0000000000            1.7466063499
3634.0000000000            1.7044260502
3635.0000000000            1.6590428352
3636.0000000000            1.6105232239
3637.0000000000            1.5589807034
3638.0000000000            1.5045769215
3639.0000000000            1.4475209713
3640.0000000000            1.3880677223
3641.0000000000            1.3265143633
3642.0000000000            1.2631964684
3643.0000000000            1.1984826326
3644.0000000000            1.1327675581
3645.0000000000            1.0664650202
3646.0000000000            1.0000000000
3647.0000000000            0.9338001609
3648.0000000000            0.8682879806
3649.0000000000            0.8038724065
3650.0000000000            0.7409409881
3651.0000000000            0.6798533797
3652.0000000000            0.6209347844
3653.0000000000            0.5644713640
3654.0000000000            0.5107060671
3655.0000000000            0.4598362446
3656.0000000000            0.4120123386
3657.0000000000            0.3673376739
3658.0000000000            0.3258698285
3659.0000000000            0.2876225114
3660.0000000000            0.2525689304
3661.0000000000            0.2206453681
3662.0000000000            0.1917558163
3663.0000000000            0.1657766402
3664.0000000000            0.1425616443
3665.0000000000            0.1219470054
3666.0000000000            0.1037562639
3667.0000000000            0.0878049359
3668.0000000000            0.0739047825
3669.0000000000            0.0618676618
3670.0000000000            0.0515088364
3671.0000000000            0.0426497832
3672.0000000000            0.0351204351
3673.0000000000            0.0287608989
3674.0000000000            0.0234226920
3675.0000000000            0.0189695023
3676.0000000000            0.0152775319
3677.0000000000            0.0122355279
3678.0000000000            0.0097444858
3679.0000000000            0.0077171493
3680.0000000000            0.0060773212
3681.0000000000            0.0047590537
3682.0000000000            0.0037057712
3683.0000000000            0.0028693452
3684.0000000000            0.0022091761
3685.0000000000            0.0016912917
3686.0000000000            0.0012874940
3687.0000000000            0.0009745595
3688.0000000000            0.0007335105
3689.0000000000            0.0005489562
3690.0000000000            0.0004085087
3691.0000000000            0.0003022708
3692.0000000000            0.0002223933
3693.0000000000            0.0001626962
3694.0000000000            0.0001183486
3695.0000000000            0.0000856009
3696.0000000000            0.0000615635
3697.0000000000            0.0000440249
