1897.00            4.0817084312
1898.00            4.0808959007
1899.00            4.0800824165
1900.00            4.0792684555
1901.00            4.0784535408
1902.00            4.0776376724
1903.00            4.0768213272
1904.00            4.0760040283
1905.00            4.0751862526
1906.00            4.0743680000
1907.00            4.0735483170
1908.00            4.0727281570
1909.00            4.0719075203
1910.00            4.0710859299
1911.00            4.0702633858
1912.00            4.0694403648
1913.00            4.0686163902
1914.00            4.0677924156
1915.00            4.0669670105
1916.00            4.0661406517
1917.00            4.0653142929
1918.00            4.0644869804
1919.00            4.0636587143
1920.00            4.0628294945
1921.00            4.0619997978
1922.00            4.0611696243
1923.00            4.0603380203
1924.00            4.0595064163
1925.00            4.0586738586
1926.00            4.0578403473
1927.00            4.0570063591
1928.00            4.0561714172
1929.00            4.0553359985
1930.00            4.0544996262
1931.00            4.0536627769
1932.00            4.0528249741
1933.00            4.0519866943
1934.00            4.0511469841
1935.00            4.0503072739
1936.00            4.0494666100
1937.00            4.0486254692
1938.00            4.0477828979
1939.00            4.0469403267
1940.00            4.0460963249
1941.00            4.0452523232
1942.00            4.0444073677
1943.00            4.0435614586
1944.00            4.0427150726
1945.00            4.0418677330
1946.00            4.0410199165
1947.00            4.0401711464
1948.00            4.0393214226
1949.00            4.0384716988
1950.00            4.0376205444
1951.00            4.0367693901
1952.00            4.0359168053
1953.00            4.0350637436
1954.00            4.0342102051
1955.00            4.0333557129
1956.00            4.0325007439
1957.00            4.0316448212
1958.00            4.0307879448
1959.00            4.0299305916
1960.00            4.0290727615
1961.00            4.0282135010
1962.00            4.0273542404
1963.00            4.0264940262
1964.00            4.0256328583
1965.00            4.0247712135
1966.00            4.0239086151
1967.00            4.0230455399
1968.00            4.0221819878
1969.00            4.0213174820
1970.00            4.0204520226
1971.00            4.0195860863
1972.00            4.0187191963
1973.00            4.0178518295
1974.00            4.0169839859
1975.00            4.0161147118
1976.00            4.0152449608
1977.00            4.0143747330
1978.00            4.0135040283
1979.00            4.0126323700
1980.00            4.0117597580
1981.00            4.0108866692
1982.00            4.0100126266
1983.00            4.0091381073
1984.00            4.0082626343
1985.00            4.0073866844
1986.00            4.0065102577
1987.00            4.0056328773
1988.00            4.0047545433
1989.00            4.0038757324
1990.00            4.0029964447
1991.00            4.0021157265
1992.00            4.0012350082
1993.00            4.0003533363
1994.00            3.9994709492
1995.00            3.9985876083
1996.00            3.9977040291
1997.00            3.9968192577
1998.00            3.9959340096
1999.00            3.9950482845
2000.00            3.9941618443
2001.00            3.9932744503
2002.00            3.9923863411
2003.00            3.9914977551
2004.00            3.9906079769
2005.00            3.9897179604
2006.00            3.9888269901
2007.00            3.9879355431
2008.00            3.9870433807
2009.00            3.9861505032
2010.00            3.9852566719
2011.00            3.9843626022
2012.00            3.9834673405
2013.00            3.9825713634
2014.00            3.9816749096
2015.00            3.9807779789
2016.00            3.9798798561
2017.00            3.9789814949
2018.00            3.9780821800
2019.00            3.9771821499
2020.00            3.9762816429
2021.00            3.9753801823
2022.00            3.9744780064
2023.00            3.9735753536
2024.00            3.9726719856
2025.00            3.9717676640
2026.00            3.9708628654
2027.00            3.9699573517
2028.00            3.9690513611
2029.00            3.9681441784
2030.00            3.9672367573
2031.00            3.9663283825
2032.00            3.9654192924
2033.00            3.9645097256
2034.00            3.9635992050
2035.00            3.9626879692
2036.00            3.9617762566
2037.00            3.9608640671
2038.00            3.9599509239
2039.00            3.9590370655
2040.00            3.9581224918
2041.00            3.9572072029
2042.00            3.9562914371
2043.00            3.9553747177
2044.00            3.9544575214
2045.00            3.9535393715
2046.00            3.9526207447
2047.00            3.9517016411
2048.00            3.9507813454
2049.00            3.9498610497
2050.00            3.9489395618
2051.00            3.9480175972
2052.00            3.9470944405
2053.00            3.9461712837
2054.00            3.9452469349
2055.00            3.9443221092
2056.00            3.9433968067
2057.00            3.9424705505
2058.00            3.9415438175
2059.00            3.9406163692
2060.00            3.9396879673
2061.00            3.9387590885
2062.00            3.9378294945
2063.00            3.9368994236
2064.00            3.9359683990
2065.00            3.9350366592
2066.00            3.9341046810
2067.00            3.9331717491
2068.00            3.9322378635
2069.00            3.9313035011
2070.00            3.9303686619
2071.00            3.9294328690
2072.00            3.9284965992
2073.00            3.9275596142
2074.00            3.9266219139
2075.00            3.9256832600
2076.00            3.9247446060
2077.00            3.9238047600
2078.00            3.9228644371
2079.00            3.9219233990
2080.00            3.9209814072
2081.00            3.9200391769
2082.00            3.9190962315
2083.00            3.9181523323
2084.00            3.9172079563
2085.00            3.9162631035
2086.00            3.9153172970
2087.00            3.9143710136
2088.00            3.9134235382
2089.00            3.9124760628
2090.00            3.9115273952
2091.00            3.9105787277
2092.00            3.9096288681
2093.00            3.9086782932
2094.00            3.9077274799
2095.00            3.9067757130
2096.00            3.9058229923
2097.00            3.9048702717
2098.00            3.9039163589
2099.00            3.9029622078
2100.00            3.9020071030
2101.00            3.9010512829
2102.00            3.9000949860
2103.00            3.8991379738
2104.00            3.8981804848
2105.00            3.8972218037
2106.00            3.8962631226
2107.00            3.8953032494
2108.00            3.8943428993
2109.00            3.8933818340
2110.00            3.8924205303
2111.00            3.8914577961
2112.00            3.8904950619
2113.00            3.8895313740
2114.00            3.8885674477
2115.00            3.8876023293
2116.00            3.8866369724
2117.00            3.8856704235
2118.00            3.8847036362
2119.00            3.8837363720
2120.00            3.8827681541
2121.00            3.8817992210
2122.00            3.8808298111
2123.00            3.8798594475
2124.00            3.8788888454
2125.00            3.8779175282
2126.00            3.8769452572
2127.00            3.8759725094
2128.00            3.8749990463
2129.00            3.8740253448
2130.00            3.8730504513
2131.00            3.8720750809
2132.00            3.8710992336
2133.00            3.8701224327
2134.00            3.8691453934
2135.00            3.8681674004
2136.00            3.8671889305
2137.00            3.8662097454
2138.00            3.8652300835
2139.00            3.8642494678
2140.00            3.8632683754
2141.00            3.8622865677
2142.00            3.8613042831
2143.00            3.8603210449
2144.00            3.8593375683
2145.00            3.8583531380
2146.00            3.8573679924
2147.00            3.8563828468
2148.00            3.8553965092
2149.00            3.8544094563
2150.00            3.8534219265
2151.00            3.8524339199
2152.00            3.8514449596
2153.00            3.8504555225
2154.00            3.8494656086
2155.00            3.8484749794
2156.00            3.8474836349
2157.00            3.8464918137
2158.00            3.8454992771
2159.00            3.8445060253
2160.00            3.8435120583
2161.00            3.8425176144
2162.00            3.8415224552
2163.00            3.8405268192
2164.00            3.8395302296
2165.00            3.8385334015
2166.00            3.8375358582
2167.00            3.8365378380
2168.00            3.8355386257
2169.00            3.8345391750
2170.00            3.8335390091
2171.00            3.8325383663
2172.00            3.8315370083
2173.00            3.8305349350
2174.00            3.8295323849
2175.00            3.8285291195
2176.00            3.8275251389
2177.00            3.8265206814
2178.00            3.8255157471
2179.00            3.8245098591
2180.00            3.8235034943
2181.00            3.8224966526
2182.00            3.8214888573
2183.00            3.8204805851
2184.00            3.8194718361
2185.00            3.8184623718
2186.00            3.8174521923
2187.00            3.8164415359
2188.00            3.8154304028
2189.00            3.8144183159
2190.00            3.8134057522
2191.00            3.8123927116
2192.00            3.8113789558
2193.00            3.8103644848
2194.00            3.8093495369
2195.00            3.8083338737
2196.00            3.8073177338
2197.00            3.8063008785
2198.00            3.8052833080
2199.00            3.8042652607
2200.00            3.8032467365
2201.00            3.8022274971
2202.00            3.8012075424
2203.00            3.8001871109
2204.00            3.7991659641
2205.00            3.7981441021
2206.00            3.7971220016
2207.00            3.7960991859
2208.00            3.7950754166
2209.00            3.7940514088
2210.00            3.7930266857
2211.00            3.7920010090
2212.00            3.7909750938
2213.00            3.7899487019
2214.00            3.7889215946
2215.00            3.7878937721
2216.00            3.7868657112
2217.00            3.7858366966
2218.00            3.7848069668
2219.00            3.7837767601
2220.00            3.7827460766
2221.00            3.7817146778
2222.00            3.7806828022
2223.00            3.7796502113
2224.00            3.7786171436
2225.00            3.7775831223
2226.00            3.7765488625
2227.00            3.7755138874
2228.00            3.7744786739
2229.00            3.7734425068
2230.00            3.7724056244
2231.00            3.7713685036
2232.00            3.7703304291
2233.00            3.7692921162
2234.00            3.7682530880
2235.00            3.7672133446
2236.00            3.7661731243
2237.00            3.7651321888
2238.00            3.7640907764
2239.00            3.7630486488
2240.00            3.7620062828
2241.00            3.7609627247
2242.00            3.7599191666
2243.00            3.7588748932
2244.00            3.7578299046
2245.00            3.7567844391
2246.00            3.7557382584
2247.00            3.7546913624
2248.00            3.7536442280
2249.00            3.7525961399
2250.00            3.7515478134
2251.00            3.7504987717
2252.00            3.7494492531
2253.00            3.7483990192
2254.00            3.7473480701
2255.00            3.7462968826
2256.00            3.7452447414
2257.00            3.7441923618
2258.00            3.7431395054
2259.00            3.7420856953
2260.00            3.7410314083
2261.00            3.7399764061
2262.00            3.7389214039
2263.00            3.7378652096
2264.00            3.7368085384
2265.00            3.7357516289
2266.00            3.7346937656
2267.00            3.7336354256
2268.00            3.7325768471
2269.00            3.7315173149
2270.00            3.7304573059
2271.00            3.7293968201
2272.00            3.7283356190
2273.00            3.7272741795
2274.00            3.7262117863
2275.00            3.7251491547
2276.00            3.7240858078
2277.00            3.7230217457
2278.00            3.7219572067
2279.00            3.7208921909
2280.00            3.7198264599
2281.00            3.7187602520
2282.00            3.7176935673
2283.00            3.7166261673
2284.00            3.7155585289
2285.00            3.7144896984
2286.00            3.7134208679
2287.00            3.7123513222
2288.00            3.7112812996
2289.00            3.7102105618
2290.00            3.7091393471
2291.00            3.7080676556
2292.00            3.7069952488
2293.00            3.7059223652
2294.00            3.7048490047
2295.00            3.7037746906
2296.00            3.7027001381
2297.00            3.7016248703
2298.00            3.7005493641
2299.00            3.6994733810
2300.00            3.6983966827
2301.00            3.6973192692
2302.00            3.6962411404
2303.00            3.6951630116
2304.00            3.6940836906
2305.00            3.6930043697
2306.00            3.6919243336
2307.00            3.6908433437
2308.00            3.6897623539
2309.00            3.6886806488
2310.00            3.6875984669
2311.00            3.6865155697
2312.00            3.6854321957
2313.00            3.6843483448
2314.00            3.6832640171
2315.00            3.6821789742
2316.00            3.6810934544
2317.00            3.6800072193
2318.00            3.6789209843
2319.00            3.6778335571
2320.00            3.6767458916
2321.00            3.6756575108
2322.00            3.6745688915
2323.00            3.6734797955
2324.00            3.6723899841
2325.00            3.6712994576
2326.00            3.6702086926
2327.00            3.6691172123
2328.00            3.6680252552
2329.00            3.6669325829
2330.00            3.6658396721
2331.00            3.6647460461
2332.00            3.6636517048
2333.00            3.6625571251
2334.00            3.6614620686
2335.00            3.6603662968
2336.00            3.6592702866
2337.00            3.6581735611
2338.00            3.6570761204
2339.00            3.6559784412
2340.00            3.6548798084
2341.00            3.6537814140
2342.00            3.6526818275
2343.00            3.6515820026
2344.00            3.6504814625
2345.00            3.6493804455
2346.00            3.6482789516
2347.00            3.6471769810
2348.00            3.6460747719
2349.00            3.6449713707
2350.00            3.6438679695
2351.00            3.6427640915
2352.00            3.6416592598
2353.00            3.6405544281
2354.00            3.6394486427
2355.00            3.6383426189
2356.00            3.6372358799
2357.00            3.6361284256
2358.00            3.6350209713
2359.00            3.6339125633
2360.00            3.6328041553
2361.00            3.6316945553
2362.00            3.6305849552
2363.00            3.6294746399
2364.00            3.6283638477
2365.00            3.6272528172
2366.00            3.6261408329
2367.00            3.6250286102
2368.00            3.6239159107
2369.00            3.6228022575
2370.00            3.6216888428
2371.00            3.6205742359
2372.00            3.6194593906
2373.00            3.6183440685
2374.00            3.6172282696
2375.00            3.6161119938
2376.00            3.6149952412
2377.00            3.6138777733
2378.00            3.6127600670
2379.00            3.6116414070
2380.00            3.6105227470
2381.00            3.6094033718
2382.00            3.6082837582
2383.00            3.6071631908
2384.00            3.6060426235
2385.00            3.6049211025
2386.00            3.6037991047
2387.00            3.6026768684
2388.00            3.6015539169
2389.00            3.6004307270
2390.00            3.5993068218
2391.00            3.5981826782
2392.00            3.5970580578
2393.00            3.5959324837
2394.00            3.5948069096
2395.00            3.5936803818
2396.00            3.5925538540
2397.00            3.5914266109
2398.00            3.5902986526
2399.00            3.5891704559
2400.00            3.5880420208
2401.00            3.5869123936
2402.00            3.5857830048
2403.00            3.5846529007
2404.00            3.5835220814
2405.00            3.5823907852
2406.00            3.5812592506
2407.00            3.5801272392
2408.00            3.5789947510
2409.00            3.5778617859
2410.00            3.5767278671
2411.00            3.5755941868
2412.00            3.5744595528
2413.00            3.5733244419
2414.00            3.5721890926
2415.00            3.5710532665
2416.00            3.5699167252
2417.00            3.5687799454
2418.00            3.5676426888
2419.00            3.5665047169
2420.00            3.5653665066
2421.00            3.5642278194
2422.00            3.5630881786
2423.00            3.5619487762
2424.00            3.5608084202
2425.00            3.5596678257
2426.00            3.5585267544
2427.00            3.5573852062
2428.00            3.5562431812
2429.00            3.5551006794
2430.00            3.5539577007
2431.00            3.5528142452
2432.00            3.5516700745
2433.00            3.5505256653
2434.00            3.5493810177
2435.00            3.5482356548
2436.00            3.5470898151
2437.00            3.5459434986
2438.00            3.5447969437
2439.00            3.5436496735
2440.00            3.5425021648
2441.00            3.5413541794
2442.00            3.5402054787
2443.00            3.5390567780
2444.00            3.5379071236
2445.00            3.5367572308
2446.00            3.5356068611
2447.00            3.5344562531
2448.00            3.5333049297
2449.00            3.5321531296
2450.00            3.5310010910
2451.00            3.5298483372
2452.00            3.5286953449
2453.00            3.5275418758
2454.00            3.5263879299
2455.00            3.5252335072
2456.00            3.5240786076
2457.00            3.5229232311
2458.00            3.5217676163
2459.00            3.5206115246
2460.00            3.5194547176
2461.00            3.5182976723
2462.00            3.5171401501
2463.00            3.5159819126
2464.00            3.5148239136
2465.00            3.5136647224
2466.00            3.5125057697
2467.00            3.5113458633
2468.00            3.5101857185
2469.00            3.5090248585
2470.00            3.5078639984
2471.00            3.5067024231
2472.00            3.5055403709
2473.00            3.5043783188
2474.00            3.5032155514
2475.00            3.5020523071
2476.00            3.5008885860
2477.00            3.4997243881
2478.00            3.4985599518
2479.00            3.4973950386
2480.00            3.4962296486
2481.00            3.4950637817
2482.00            3.4938974380
2483.00            3.4927308559
2484.00            3.4915635586
2485.00            3.4903960228
2486.00            3.4892282486
2487.00            3.4880597591
2488.00            3.4868910313
2489.00            3.4857215881
2490.00            3.4845523834
2491.00            3.4833819866
2492.00            3.4822115898
2493.00            3.4810407162
2494.00            3.4798693657
2495.00            3.4786975384
2496.00            3.4775252342
2497.00            3.4763529301
2498.00            3.4751796722
2499.00            3.4740061760
2500.00            3.4728324413
2501.00            3.4716582298
2502.00            3.4704835415
2503.00            3.4693083763
2504.00            3.4681327343
2505.00            3.4669568539
2506.00            3.4657804966
2507.00            3.4646041393
2508.00            3.4634268284
2509.00            3.4622492790
2510.00            3.4610712528
2511.00            3.4598927498
2512.00            3.4587140083
2513.00            3.4575350285
2514.00            3.4563553333
2515.00            3.4551753998
2516.00            3.4539949894
2517.00            3.4528141022
2518.00            3.4516327381
2519.00            3.4504513741
2520.00            3.4492690563
2521.00            3.4480869770
2522.00            3.4469041824
2523.00            3.4457206726
2524.00            3.4445371628
2525.00            3.4433531761
2526.00            3.4421689510
2527.00            3.4409837723
2528.00            3.4397988319
2529.00            3.4386131763
2530.00            3.4374270439
2531.00            3.4362409115
2532.00            3.4350538254
2533.00            3.4338667393
2534.00            3.4326791763
2535.00            3.4314911366
2536.00            3.4303030968
2537.00            3.4291143417
2538.00            3.4279251099
2539.00            3.4267356396
2540.00            3.4255456924
2541.00            3.4243552685
2542.00            3.4231648445
2543.00            3.4219739437
2544.00            3.4207823277
2545.00            3.4195904732
2546.00            3.4183983803
2547.00            3.4172058105
2548.00            3.4160127640
2549.00            3.4148197174
2550.00            3.4136259556
2551.00            3.4124314785
2552.00            3.4112372398
2553.00            3.4100422859
2554.00            3.4088473320
2555.00            3.4076516628
2556.00            3.4064555168
2557.00            3.4052593708
2558.00            3.4040625095
2559.00            3.4028656483
2560.00            3.4016680717
2561.00            3.4004700184
2562.00            3.3992719650
2563.00            3.3980736732
2564.00            3.3968746662
2565.00            3.3956751823
2566.00            3.3944754601
2567.00            3.3932754993
2568.00            3.3920750618
2569.00            3.3908743858
2570.00            3.3896732330
2571.00            3.3884718418
2572.00            3.3872699738
2573.00            3.3860673904
2574.00            3.3848650455
2575.00            3.3836622238
2576.00            3.3824589252
2577.00            3.3812551498
2578.00            3.3800511360
2579.00            3.3788468838
2580.00            3.3776421547
2581.00            3.3764369488
2582.00            3.3752317429
2583.00            3.3740258217
2584.00            3.3728196621
2585.00            3.3716130257
2586.00            3.3704061508
2587.00            3.3691990376
2588.00            3.3679914474
2589.00            3.3667836189
2590.00            3.3655753136
2591.00            3.3643667698
2592.00            3.3631577492
2593.00            3.3619484901
2594.00            3.3607389927
2595.00            3.3595290184
2596.00            3.3583183289
2597.00            3.3571078777
2598.00            3.3558969498
2599.00            3.3546855450
2600.00            3.3534739017
2601.00            3.3522617817
2602.00            3.3510494232
2603.00            3.3498365879
2604.00            3.3486235142
2605.00            3.3474102020
2606.00            3.3461964130
2607.00            3.3449826241
2608.00            3.3437678814
2609.00            3.3425533772
2610.00            3.3413383961
2611.00            3.3401226997
2612.00            3.3389072418
2613.00            3.3376910686
2614.00            3.3364746571
2615.00            3.3352580070
2616.00            3.3340408802
2617.00            3.3328235149
2618.00            3.3316059113
2619.00            3.3303878307
2620.00            3.3291695118
2621.00            3.3279507160
2622.00            3.3267316818
2623.00            3.3255124092
2624.00            3.3242928982
2625.00            3.3230729103
2626.00            3.3218526840
2627.00            3.3206322193
2628.00            3.3194110394
2629.00            3.3181898594
2630.00            3.3169682026
2631.00            3.3157465458
2632.00            3.3145241737
2633.00            3.3133018017
2634.00            3.3120789528
2635.00            3.3108556271
2636.00            3.3096323013
2637.00            3.3084084988
2638.00            3.3071842194
2639.00            3.3059599400
2640.00            3.3047354221
2641.00            3.3035104275
2642.00            3.3022849560
2643.00            3.3010594845
2644.00            3.2998335361
2645.00            3.2986073494
2646.00            3.2973806858
2647.00            3.2961537838
2648.00            3.2949268818
2649.00            3.2936992645
2650.00            3.2924716473
2651.00            3.2912435532
2652.00            3.2900152206
2653.00            3.2887866497
2654.00            3.2875576019
2655.00            3.2863283157
2656.00            3.2850987911
2657.00            3.2838687897
2658.00            3.2826385498
2659.00            3.2814085484
2660.00            3.2801775932
2661.00            3.2789463997
2662.00            3.2777152061
2663.00            3.2764835358
2664.00            3.2752518654
2665.00            3.2740197182
2666.00            3.2727868557
2667.00            3.2715542316
2668.00            3.2703211308
2669.00            3.2690877914
2670.00            3.2678542137
2671.00            3.2666203976
2672.00            3.2653863430
2673.00            3.2641518116
2674.00            3.2629168034
2675.00            3.2616820335
2676.00            3.2604465485
2677.00            3.2592108250
2678.00            3.2579751015
2679.00            3.2567389011
2680.00            3.2555024624
2681.00            3.2542657852
2682.00            3.2530286312
2683.00            3.2517914772
2684.00            3.2505538464
2685.00            3.2493162155
2686.00            3.2480781078
2687.00            3.2468395233
2688.00            3.2456009388
2689.00            3.2443618774
2690.00            3.2431230545
2691.00            3.2418835163
2692.00            3.2406439781
2693.00            3.2394037247
2694.00            3.2381634712
2695.00            3.2369229794
2696.00            3.2356822491
2697.00            3.2344410419
2698.00            3.2331998348
2699.00            3.2319581509
2700.00            3.2307164669
2701.00            3.2294743061
2702.00            3.2282319069
2703.00            3.2269892693
2704.00            3.2257461548
2705.00            3.2245032787
2706.00            3.2232599258
2707.00            3.2220158577
2708.00            3.2207722664
2709.00            3.2195281982
2710.00            3.2182834148
2711.00            3.2170388699
2712.00            3.2157940865
2713.00            3.2145488262
2714.00            3.2133033276
2715.00            3.2120575905
2716.00            3.2108118534
2717.00            3.2095656395
2718.00            3.2083191872
2719.00            3.2070724964
2720.00            3.2058253288
2721.00            3.2045783997
2722.00            3.2033309937
2723.00            3.2020833492
2724.00            3.2008352280
2725.00            3.1995873451
2726.00            3.1983387470
2727.00            3.1970901489
2728.00            3.1958415508
2729.00            3.1945922375
2730.00            3.1933429241
2731.00            3.1920933723
2732.00            3.1908435822
2733.00            3.1895933151
2734.00            3.1883432865
2735.00            3.1870927811
2736.00            3.1858420372
2737.00            3.1845908165
2738.00            3.1833395958
2739.00            3.1820883751
2740.00            3.1808364391
2741.00            3.1795845032
2742.00            3.1783323288
2743.00            3.1770801544
2744.00            3.1758275032
2745.00            3.1745743752
2746.00            3.1733214855
2747.00            3.1720681190
2748.00            3.1708147526
2749.00            3.1695609093
2750.00            3.1683070660
2751.00            3.1670527458
2752.00            3.1657984257
2753.00            3.1645441055
2754.00            3.1632890701
2755.00            3.1620340347
2756.00            3.1607787609
2757.00            3.1595232487
2758.00            3.1582674980
2759.00            3.1570117474
2760.00            3.1557555199
2761.00            3.1544992924
2762.00            3.1532425880
2763.00            3.1519856453
2764.00            3.1507287025
2765.00            3.1494717598
2766.00            3.1482143402
2767.00            3.1469566822
2768.00            3.1456987858
2769.00            3.1444406509
2770.00            3.1431825161
2771.00            3.1419241428
2772.00            3.1406655312
2773.00            3.1394066811
2774.00            3.1381478310
2775.00            3.1368885040
2776.00            3.1356289387
2777.00            3.1343693733
2778.00            3.1331095695
2779.00            3.1318495274
2780.00            3.1305892467
2781.00            3.1293287277
2782.00            3.1280679703
2783.00            3.1268072128
2784.00            3.1255462170
2785.00            3.1242849827
2786.00            3.1230237484
2787.00            3.1217617989
2788.00            3.1205000877
2789.00            3.1192381382
2790.00            3.1179757118
2791.00            3.1167135239
2792.00            3.1154510975
2793.00            3.1141881943
2794.00            3.1129252911
2795.00            3.1116621494
2796.00            3.1103990078
2797.00            3.1091353893
2798.00            3.1078717709
2799.00            3.1066079140
2800.00            3.1053435802
2801.00            3.1040794849
2802.00            3.1028151512
2803.00            3.1015508175
2804.00            3.1002857685
2805.00            3.0990207195
2806.00            3.0977559090
2807.00            3.0964903831
2808.00            3.0952248573
2809.00            3.0939590931
2810.00            3.0926933289
2811.00            3.0914275646
2812.00            3.0901613235
2813.00            3.0888950825
2814.00            3.0876283646
2815.00            3.0863616467
2816.00            3.0850949287
2817.00            3.0838279724
2818.00            3.0825607777
2819.00            3.0812933445
2820.00            3.0800259113
2821.00            3.0787584782
2822.00            3.0774903297
2823.00            3.0762224197
2824.00            3.0749542713
2825.00            3.0736858845
2826.00            3.0724172592
2827.00            3.0711488724
2828.00            3.0698797703
2829.00            3.0686109066
2830.00            3.0673418045
2831.00            3.0660724640
2832.00            3.0648031235
2833.00            3.0635335445
2834.00            3.0622637272
2835.00            3.0609939098
2836.00            3.0597240925
2837.00            3.0584535599
2838.00            3.0571835041
2839.00            3.0559127331
2840.00            3.0546422005
2841.00            3.0533714294
2842.00            3.0521004200
2843.00            3.0508294106
2844.00            3.0495579243
2845.00            3.0482864380
2846.00            3.0470151901
2847.00            3.0457434654
2848.00            3.0444717407
2849.00            3.0431997776
2850.00            3.0419273376
2851.00            3.0406553745
2852.00            3.0393826962
2853.00            3.0381104946
2854.00            3.0368378162
2855.00            3.0355648994
2856.00            3.0342919827
2857.00            3.0330190659
2858.00            3.0317456722
2859.00            3.0304725170
2860.00            3.0291988850
2861.00            3.0279252529
2862.00            3.0266513824
2863.00            3.0253775120
2864.00            3.0241036415
2865.00            3.0228295326
2866.00            3.0215551853
2867.00            3.0202808380
2868.00            3.0190062523
2869.00            3.0177316666
2870.00            3.0164568424
2871.00            3.0151817799
2872.00            3.0139069557
2873.00            3.0126318932
2874.00            3.0113563538
2875.00            3.0100812912
2876.00            3.0088055134
2877.00            3.0075299740
2878.00            3.0062544346
2879.00            3.0049781799
2880.00            3.0037024021
2881.00            3.0024263859
2882.00            3.0011501312
2883.00            2.9998736382
2884.00            2.9985973835
2885.00            2.9973208904
2886.00            2.9960441589
2887.00            2.9947671890
2888.00            2.9934904575
2889.00            2.9922134876
2890.00            2.9909365177
2891.00            2.9896593094
2892.00            2.9883818626
2893.00            2.9871041775
2894.00            2.9858269691
2895.00            2.9845492840
2896.00            2.9832713604
2897.00            2.9819936752
2898.00            2.9807157516
2899.00            2.9794375896
2900.00            2.9781596661
2901.00            2.9768815041
2902.00            2.9756028652
2903.00            2.9743244648
2904.00            2.9730460644
2905.00            2.9717671871
2906.00            2.9704885483
2907.00            2.9692096710
2908.00            2.9679307938
2909.00            2.9666516781
2910.00            2.9653728008
2911.00            2.9640936852
2912.00            2.9628140926
2913.00            2.9615349770
2914.00            2.9602553844
2915.00            2.9589755535
2916.00            2.9576961994
2917.00            2.9564163685
2918.00            2.9551365376
2919.00            2.9538567066
2920.00            2.9525766373
2921.00            2.9512963295
2922.00            2.9500162601
2923.00            2.9487361908
2924.00            2.9474556446
2925.00            2.9461753368
2926.00            2.9448947906
2927.00            2.9436142445
2928.00            2.9423336983
2929.00            2.9410529137
2930.00            2.9397718906
2931.00            2.9384911060
2932.00            2.9372100830
2933.00            2.9359290600
2934.00            2.9346480370
2935.00            2.9333670139
2936.00            2.9320855141
2937.00            2.9308042526
2938.00            2.9295227528
2939.00            2.9282414913
2940.00            2.9269597530
2941.00            2.9256784916
2942.00            2.9243967533
2943.00            2.9231150150
2944.00            2.9218330383
2945.00            2.9205513000
2946.00            2.9192693233
2947.00            2.9179873466
2948.00            2.9167053699
2949.00            2.9154231548
2950.00            2.9141411781
2951.00            2.9128587246
2952.00            2.9115765095
2953.00            2.9102940559
2954.00            2.9090118408
2955.00            2.9077291489
2956.00            2.9064466953
2957.00            2.9051642418
2958.00            2.9038813114
2959.00            2.9025988579
2960.00            2.9013161659
2961.00            2.9000332355
2962.00            2.8987505436
2963.00            2.8974676132
2964.00            2.8961846828
2965.00            2.8949017525
2966.00            2.8936185837
2967.00            2.8923356533
2968.00            2.8910524845
2969.00            2.8897690773
2970.00            2.8884859085
2971.00            2.8872027397
2972.00            2.8859193325
2973.00            2.8846361637
2974.00            2.8833527565
2975.00            2.8820693493
2976.00            2.8807859421
2977.00            2.8795022964
2978.00            2.8782186508
2979.00            2.8769352436
2980.00            2.8756515980
2981.00            2.8743677139
2982.00            2.8730843067
2983.00            2.8718004227
2984.00            2.8705167770
2985.00            2.8692328930
2986.00            2.8679490089
2987.00            2.8666651249
2988.00            2.8653812408
2989.00            2.8640975952
2990.00            2.8628137112
2991.00            2.8615293503
2992.00            2.8602454662
2993.00            2.8589613438
2994.00            2.8576774597
2995.00            2.8563933372
2996.00            2.8551092148
2997.00            2.8538250923
2998.00            2.8525412083
2999.00            2.8512568474
3000.00            2.8499727249
3001.00            2.8486883640
3002.00            2.8474040031
3003.00            2.8461198807
3004.00            2.8448357582
3005.00            2.8435511589
3006.00            2.8422670364
3007.00            2.8409829140
3008.00            2.8396985531
3009.00            2.8384141922
3010.00            2.8371298313
3011.00            2.8358452320
3012.00            2.8345611095
3013.00            2.8332765102
3014.00            2.8319921494
3015.00            2.8307080269
3016.00            2.8294234276
3017.00            2.8281390667
3018.00            2.8268544674
3019.00            2.8255701065
3020.00            2.8242857456
3021.00            2.8230013847
3022.00            2.8217167854
3023.00            2.8204324245
3024.00            2.8191478252
3025.00            2.8178634644
3026.00            2.8165788651
3027.00            2.8152945042
3028.00            2.8140101433
3029.00            2.8127257824
3030.00            2.8114411831
3031.00            2.8101568222
3032.00            2.8088722229
3033.00            2.8075878620
3034.00            2.8063035011
3035.00            2.8050191402
3036.00            2.8037345409
3037.00            2.8024501801
3038.00            2.8011660576
3039.00            2.7998814583
3040.00            2.7985970974
3041.00            2.7973127365
3042.00            2.7960283756
3043.00            2.7947442532
3044.00            2.7934596539
3045.00            2.7921755314
3046.00            2.7908909321
3047.00            2.7896068096
3048.00            2.7883226871
3049.00            2.7870380878
3050.00            2.7857539654
3051.00            2.7844698429
3052.00            2.7831857204
3053.00            2.7819013596
3054.00            2.7806172371
3055.00            2.7793331146
3056.00            2.7780492306
3057.00            2.7767651081
3058.00            2.7754807472
3059.00            2.7741971016
3060.00            2.7729127407
3061.00            2.7716288567
3062.00            2.7703452110
3063.00            2.7690613270
3064.00            2.7677774429
3065.00            2.7664935589
3066.00            2.7652096748
3067.00            2.7639257908
3068.00            2.7626419067
3069.00            2.7613582611
3070.00            2.7600743771
3071.00            2.7587909698
3072.00            2.7575073242
3073.00            2.7562239170
3074.00            2.7549402714
3075.00            2.7536566257
3076.00            2.7523732185
3077.00            2.7510895729
3078.00            2.7498064041
3079.00            2.7485232353
3080.00            2.7472395897
3081.00            2.7459564209
3082.00            2.7446730137
3083.00            2.7433900833
3084.00            2.7421069145
3085.00            2.7408237457
3086.00            2.7395408154
3087.00            2.7382578850
3088.00            2.7369749546
3089.00            2.7356920242
3090.00            2.7344090939
3091.00            2.7331261635
3092.00            2.7318434715
3093.00            2.7305607796
3094.00            2.7292783260
3095.00            2.7279956341
3096.00            2.7267129421
3097.00            2.7254304886
3098.00            2.7241480350
3099.00            2.7228658199
3100.00            2.7215836048
3101.00            2.7203011513
3102.00            2.7190189362
3103.00            2.7177369595
3104.00            2.7164549828
3105.00            2.7151725292
3106.00            2.7138910294
3107.00            2.7126088142
3108.00            2.7113268375
3109.00            2.7100453377
3110.00            2.7087635994
3111.00            2.7074818611
3112.00            2.7062005997
3113.00            2.7049188614
3114.00            2.7036373615
3115.00            2.7023561001
3116.00            2.7010748386
3117.00            2.6997935772
3118.00            2.6985123158
3119.00            2.6972312927
3120.00            2.6959502697
3121.00            2.6946694851
3122.00            2.6933884621
3123.00            2.6921076775
3124.00            2.6908268929
3125.00            2.6895461082
3126.00            2.6882658005
3127.00            2.6869852543
3128.00            2.6857049465
3129.00            2.6844244003
3130.00            2.6831443310
3131.00            2.6818642616
3132.00            2.6805839539
3133.00            2.6793038845
3134.00            2.6780240536
3135.00            2.6767442226
3136.00            2.6754643917
3137.00            2.6741845608
3138.00            2.6729052067
3139.00            2.6716256142
3140.00            2.6703462601
3141.00            2.6690669060
3142.00            2.6677877903
3143.00            2.6665086746
3144.00            2.6652295589
3145.00            2.6639506817
3146.00            2.6626718044
3147.00            2.6613929272
3148.00            2.6601142883
3149.00            2.6588356495
3150.00            2.6575572491
3151.00            2.6562786102
3152.00            2.6550002098
3153.00            2.6537220478
3154.00            2.6524441242
3155.00            2.6511662006
3156.00            2.6498882771
3157.00            2.6486103535
3158.00            2.6473326683
3159.00            2.6460549831
3160.00            2.6447775364
3161.00            2.6435000896
3162.00            2.6422228813
3163.00            2.6409454346
3164.00            2.6396684647
3165.00            2.6383914948
3166.00            2.6371145248
3167.00            2.6358377934
3168.00            2.6345610619
3169.00            2.6332848072
3170.00            2.6320080757
3171.00            2.6307315826
3172.00            2.6294555664
3173.00            2.6281795502
3174.00            2.6269035339
3175.00            2.6256277561
3176.00            2.6243517399
3177.00            2.6230762005
3178.00            2.6218004227
3179.00            2.6205253601
3180.00            2.6192498207
3181.00            2.6179747581
3182.00            2.6166996956
3183.00            2.6154246330
3184.00            2.6141498089
3185.00            2.6128749847
3186.00            2.6116003990
3187.00            2.6103260517
3188.00            2.6090517044
3189.00            2.6077773571
3190.00            2.6065032482
3191.00            2.6052293777
3192.00            2.6039555073
3193.00            2.6026816368
3194.00            2.6014082432
3195.00            2.6001346111
3196.00            2.5988612175
3197.00            2.5975880623
3198.00            2.5963149071
3199.00            2.5950419903
3200.00            2.5937693119
3201.00            2.5924963951
3202.00            2.5912239552
3203.00            2.5899515152
3204.00            2.5886790752
3205.00            2.5874068737
3206.00            2.5861349106
3207.00            2.5848631859
3208.00            2.5835914612
3209.00            2.5823197365
3210.00            2.5810482502
3211.00            2.5797770023
3212.00            2.5785057545
3213.00            2.5772347450
3214.00            2.5759637356
3215.00            2.5746929646
3216.00            2.5734224319
3217.00            2.5721518993
3218.00            2.5708816051
3219.00            2.5696113110
3220.00            2.5683412552
3221.00            2.5670714378
3222.00            2.5658016205
3223.00            2.5645320415
3224.00            2.5632627010
3225.00            2.5619933605
3226.00            2.5607240200
3227.00            2.5594551563
3228.00            2.5581862926
3229.00            2.5569174290
3230.00            2.5556490421
3231.00            2.5543804169
3232.00            2.5531122684
3233.00            2.5518443584
3234.00            2.5505764484
3235.00            2.5493085384
3236.00            2.5480408669
3237.00            2.5467734337
3238.00            2.5455060005
3239.00            2.5442388058
3240.00            2.5429720879
3241.00            2.5417051315
3242.00            2.5404384136
3243.00            2.5391719341
3244.00            2.5379056931
3245.00            2.5366394520
3246.00            2.5353734493
3247.00            2.5341076851
3248.00            2.5328419209
3249.00            2.5315763950
3250.00            2.5303111076
3251.00            2.5290458202
3252.00            2.5277807713
3253.00            2.5265159607
3254.00            2.5252511501
3255.00            2.5239865780
3256.00            2.5227224827
3257.00            2.5214581490
3258.00            2.5201942921
3259.00            2.5189304352
3260.00            2.5176668167
3261.00            2.5164031982
3262.00            2.5151400566
3263.00            2.5138769150
3264.00            2.5126140118
3265.00            2.5113511086
3266.00            2.5100886822
3267.00            2.5088260174
3268.00            2.5075638294
3269.00            2.5063018799
3270.00            2.5050399303
3271.00            2.5037782192
3272.00            2.5025167465
3273.00            2.5012555122
3274.00            2.4999942780
3275.00            2.4987332821
3276.00            2.4974725246
3277.00            2.4962117672
3278.00            2.4949514866
3279.00            2.4936912060
3280.00            2.4924311638
3281.00            2.4911713600
3282.00            2.4899117947
3283.00            2.4886522293
3284.00            2.4873931408
3285.00            2.4861338139
3286.00            2.4848749638
3287.00            2.4836163521
3288.00            2.4823577404
3289.00            2.4810996056
3290.00            2.4798414707
3291.00            2.4785833359
3292.00            2.4773256779
3293.00            2.4760682583
3294.00            2.4748108387
3295.00            2.4735536575
3296.00            2.4722967148
3297.00            2.4710400105
3298.00            2.4697835445
3299.00            2.4685270786
3300.00            2.4672708511
3301.00            2.4660151005
3302.00            2.4647591114
3303.00            2.4635038376
3304.00            2.4622483253
3305.00            2.4609932899
3306.00            2.4597382545
3307.00            2.4584834576
3308.00            2.4572288990
3309.00            2.4559748173
3310.00            2.4547207355
3311.00            2.4534666538
3312.00            2.4522130489
3313.00            2.4509594440
3314.00            2.4497063160
3315.00            2.4484531879
3316.00            2.4472005367
3317.00            2.4459476471
3318.00            2.4446954727
3319.00            2.4434432983
3320.00            2.4421911240
3321.00            2.4409394264
3322.00            2.4396877289
3323.00            2.4384365082
3324.00            2.4371852875
3325.00            2.4359343052
3326.00            2.4346837997
3327.00            2.4334332943
3328.00            2.4321827888
3329.00            2.4309327602
3330.00            2.4296832085
3331.00            2.4284334183
3332.00            2.4271841049
3333.00            2.4259350300
3334.00            2.4246859550
3335.00            2.4234373569
3336.00            2.4221887589
3337.00            2.4209403992
3338.00            2.4196925163
3339.00            2.4184446335
3340.00            2.4171972275
3341.00            2.4159498215
3342.00            2.4147026539
3343.00            2.4134557247
3344.00            2.4122090340
3345.00            2.4109625816
3346.00            2.4097163677
3347.00            2.4084703922
3348.00            2.4072246552
3349.00            2.4059791565
3350.00            2.4047338963
3351.00            2.4034888744
3352.00            2.4022440910
3353.00            2.4009993076
3354.00            2.3997552395
3355.00            2.3985109329
3356.00            2.3972671032
3357.00            2.3960235119
3358.00            2.3947801590
3359.00            2.3935370445
3360.00            2.3922939301
3361.00            2.3910515308
3362.00            2.3898088932
3363.00            2.3885667324
3364.00            2.3873248100
3365.00            2.3860831261
3366.00            2.3848416805
3367.00            2.3836004734
3368.00            2.3823595047
3369.00            2.3811187744
3370.00            2.3798782825
3371.00            2.3786380291
3372.00            2.3773980141
3373.00            2.3761582375
3374.00            2.3749186993
3375.00            2.3736796379
3376.00            2.3724405766
3377.00            2.3712017536
3378.00            2.3699634075
3379.00            2.3687250614
3380.00            2.3674871922
3381.00            2.3662493229
3382.00            2.3650119305
3383.00            2.3637745380
3384.00            2.3625376225
3385.00            2.3613009453
3386.00            2.3600645065
3387.00            2.3588283062
3388.00            2.3575923443
3389.00            2.3563566208
3390.00            2.3551211357
3391.00            2.3538858891
3392.00            2.3526511192
3393.00            2.3514163494
3394.00            2.3501820564
3395.00            2.3489477634
3396.00            2.3477139473
3397.00            2.3464803696
3398.00            2.3452470303
3399.00            2.3440139294
3400.00            2.3427810669
3401.00            2.3415486813
3402.00            2.3403162956
3403.00            2.3390841484
3404.00            2.3378524780
3405.00            2.3366210461
3406.00            2.3353896141
3407.00            2.3341588974
3408.00            2.3329281807
3409.00            2.3316977024
3410.00            2.3304677010
3411.00            2.3292376995
3412.00            2.3280081749
3413.00            2.3267786503
3414.00            2.3255496025
3415.00            2.3243207932
3416.00            2.3230924606
3417.00            2.3218641281
3418.00            2.3206362724
3419.00            2.3194084167
3420.00            2.3181810379
3421.00            2.3169538975
3422.00            2.3157269955
3423.00            2.3145003319
3424.00            2.3132741451
3425.00            2.3120481968
3426.00            2.3108224869
3427.00            2.3095967770
3428.00            2.3083717823
3429.00            2.3071467876
3430.00            2.3059220314
3431.00            2.3046977520
3432.00            2.3034739494
3433.00            2.3022501469
3434.00            2.3010265827
3435.00            2.2998032570
3436.00            2.2985804081
3437.00            2.2973577976
3438.00            2.2961354256
3439.00            2.2949132919
3440.00            2.2936916351
3441.00            2.2924699783
3442.00            2.2912487984
3443.00            2.2900280952
3444.00            2.2888073921
3445.00            2.2875871658
3446.00            2.2863669395
3447.00            2.2851471901
3448.00            2.2839279175
3449.00            2.2827086449
3450.00            2.2814898491
3451.00            2.2802712917
3452.00            2.2790529728
3453.00            2.2778348923
3454.00            2.2766172886
3455.00            2.2753999233
3456.00            2.2741827965
3457.00            2.2729659081
3458.00            2.2717494965
3459.00            2.2705333233
3460.00            2.2693173885
3461.00            2.2681016922
3462.00            2.2668864727
3463.00            2.2656714916
3464.00            2.2644567490
3465.00            2.2632422447
3466.00            2.2620284557
3467.00            2.2608144283
3468.00            2.2596008778
3469.00            2.2583880424
3470.00            2.2571749687
3471.00            2.2559623718
3472.00            2.2547502518
3473.00            2.2535381317
3474.00            2.2523264885
3475.00            2.2511150837
3476.00            2.2499041557
3477.00            2.2486934662
3478.00            2.2474830151
3479.00            2.2462728024
3480.00            2.2450630665
3481.00            2.2438535690
3482.00            2.2426443100
3483.00            2.2414355278
3484.00            2.2402269840
3485.00            2.2390186787
3486.00            2.2378108501
3487.00            2.2366030216
3488.00            2.2353959084
3489.00            2.2341887951
3490.00            2.2329821587
3491.00            2.2317757607
3492.00            2.2305698395
3493.00            2.2293641567
3494.00            2.2281587124
3495.00            2.2269535065
3496.00            2.2257487774
3497.00            2.2245442867
3498.00            2.2233402729
3499.00            2.2221362591
3500.00            2.2209329605
3501.00            2.2197296619
3502.00            2.2185268402
3503.00            2.2173244953
3504.00            2.2161221504
3505.00            2.2149202824
3506.00            2.2137186527
3507.00            2.2125174999
3508.00            2.2113165855
3509.00            2.2101161480
3510.00            2.2089157104
3511.00            2.2077157497
3512.00            2.2065162659
3513.00            2.2053170204
3514.00            2.2041180134
3515.00            2.2029194832
3516.00            2.2017211914
3517.00            2.2005231380
3518.00            2.1993255615
3519.00            2.1981282234
3520.00            2.1969313622
3521.00            2.1957347393
3522.00            2.1945383549
3523.00            2.1933424473
3524.00            2.1921467781
3525.00            2.1909515858
3526.00            2.1897566319
3527.00            2.1885619164
3528.00            2.1873674393
3529.00            2.1861736774
3530.00            2.1849799156
3531.00            2.1837866306
3532.00            2.1825938225
3533.00            2.1814010143
3534.00            2.1802089214
3535.00            2.1790170670
3536.00            2.1778254509
3537.00            2.1766340733
3538.00            2.1754431725
3539.00            2.1742527485
3540.00            2.1730623245
3541.00            2.1718726158
3542.00            2.1706829071
3543.00            2.1694936752
3544.00            2.1683049202
3545.00            2.1671164036
3546.00            2.1659281254
3547.00            2.1647403240
3548.00            2.1635527611
3549.00            2.1623656750
3550.00            2.1611790657
3551.00            2.1599924564
3552.00            2.1588063240
3553.00            2.1576206684
3554.00            2.1564352512
3555.00            2.1552500725
3556.00            2.1540656090
3557.00            2.1528811455
3558.00            2.1516971588
3559.00            2.1505134106
3560.00            2.1493301392
3561.00            2.1481473446
3562.00            2.1469645500
3563.00            2.1457824707
3564.00            2.1446006298
3565.00            2.1434190273
3566.00            2.1422376633
3567.00            2.1410570145
3568.00            2.1398766041
3569.00            2.1386964321
3570.00            2.1375164986
3571.00            2.1363372803
3572.00            2.1351580620
3573.00            2.1339795589
3574.00            2.1328010559
3575.00            2.1316230297
3576.00            2.1304454803
3577.00            2.1292681694
3578.00            2.1280913353
3579.00            2.1269147396
3580.00            2.1257386208
3581.00            2.1245627403
3582.00            2.1233870983
3583.00            2.1222119331
3584.00            2.1210372448
3585.00            2.1198625565
3586.00            2.1186881065
3587.00            2.1175138950
3588.00            2.1163396835
3589.00            2.1151657104
3590.00            2.1139912605
3591.00            2.1128165722
3592.00            2.1116409302
3593.00            2.1104638577
3594.00            2.1092848778
3595.00            2.1081027985
3596.00            2.1069169044
3597.00            2.1057248116
3598.00            2.1045246124
3599.00            2.1033132076
3600.00            2.1020867825
3601.00            2.1008398533
3602.00            2.0995659828
3603.00            2.0982565880
3604.00            2.0969004631
3605.00            2.0954842567
3606.00            2.0939905643
3607.00            2.0923979282
3608.00            2.0906801224
3609.00            2.0888054371
3610.00            2.0867347717
3611.00            2.0844221115
3612.00            2.0818126202
3613.00            2.0788414478
3614.00            2.0754337311
3615.00            2.0715026855
3616.00            2.0669491291
3617.00            2.0616617203
3618.00            2.0555148125
3619.00            2.0483708382
3620.00            2.0400784016
3621.00            2.0304741859
3622.00            2.0193848610
3623.00            2.0066270828
3624.00            1.9920120239
3625.00            1.9753470421
3626.00            1.9564394951
3627.00            1.9351011515
3628.00            1.9111522436
3629.00            1.8844271898
3630.00            1.8547788858
3631.00            1.8220844269
3632.00            1.7862502337
3633.00            1.7472168207
3634.00            1.7049630880
3635.00            1.6595107317
3636.00            1.6109262705
3637.00            1.5593234301
3638.00            1.5048637390
3639.00            1.4477566481
3640.00            1.3882566690
3641.00            1.3266611099
3642.00            1.2633055449
3643.00            1.1985583305
3644.00            1.1328141689
3645.00            1.0664863586
3646.00            1.0000000000
3647.00            0.9337823391
3648.00            0.8682556748
3649.00            0.8038285971
3650.00            0.7408884168
3651.00            0.6797944307
3652.00            0.6208717227
3653.00            0.5644060373
3654.00            0.5106400251
3655.00            0.4597708583
3656.00            0.4119487107
3657.00            0.3672766387
3658.00            0.3258120716
3659.00            0.2875684798
3660.00            0.2525189221
3661.00            0.2205995470
3662.00            0.1917142272
3663.00            0.1657392383
3664.00            0.1425282657
3665.00            0.1219174713
3666.00            0.1037303433
3667.00            0.0877823457
3668.00            0.0738852546
3669.00            0.0618508942
3670.00            0.0514945462
3671.00            0.0426376872
3672.00            0.0351102613
3673.00            0.0287524071
3674.00            0.0234156493
3675.00            0.0189636964
3676.00            0.0152727794
3677.00            0.0122316619
3678.00            0.0097413613
3679.00            0.0077146403
3680.00            0.0060753189
3681.00            0.0047574663
3682.00            0.0037045202
3683.00            0.0028683655
3684.00            0.0022084133
3685.00            0.0016907019
3686.00            0.0012870404
3687.00            0.0009742129
3688.00            0.0007332473
3689.00            0.0005487574
3690.00            0.0004083595
3691.00            0.0003021596
3692.00            0.0002223108
3693.00            0.0001626354
3694.00            0.0001183040
3695.00            0.0000855685
3696.00            0.0000615400
3697.00            0.0000440080
