1897.0000000000            3.3110504150
1898.0000000000            3.3106298447
1899.0000000000            3.3102083206
1900.0000000000            3.3097865582
1901.0000000000            3.3093645573
1902.0000000000            3.3089416027
1903.0000000000            3.3085184097
1904.0000000000            3.3080949783
1905.0000000000            3.3076710701
1906.0000000000            3.3072462082
1907.0000000000            3.3068215847
1908.0000000000            3.3063960075
1909.0000000000            3.3059699535
1910.0000000000            3.3055436611
1911.0000000000            3.3051168919
1912.0000000000            3.3046894073
1913.0000000000            3.3042619228
1914.0000000000            3.3038337231
1915.0000000000            3.3034050465
1916.0000000000            3.3029758930
1917.0000000000            3.3025462627
1918.0000000000            3.3021163940
1919.0000000000            3.3016858101
1920.0000000000            3.3012547493
1921.0000000000            3.3008234501
1922.0000000000            3.3003916740
1923.0000000000            3.2999591827
1924.0000000000            3.2995266914
1925.0000000000            3.2990934849
1926.0000000000            3.2986593246
1927.0000000000            3.2982254028
1928.0000000000            3.2977907658
1929.0000000000            3.2973556519
1930.0000000000            3.2969200611
1931.0000000000            3.2964839935
1932.0000000000            3.2960476875
1933.0000000000            3.2956106663
1934.0000000000            3.2951734066
1935.0000000000            3.2947354317
1936.0000000000            3.2942972183
1937.0000000000            3.2938585281
1938.0000000000            3.2934193611
1939.0000000000            3.2929797173
1940.0000000000            3.2925393581
1941.0000000000            3.2920987606
1942.0000000000            3.2916576862
1943.0000000000            3.2912163734
1944.0000000000            3.2907745838
1945.0000000000            3.2903320789
1946.0000000000            3.2898890972
1947.0000000000            3.2894458771
1948.0000000000            3.2890021801
1949.0000000000            3.2885577679
1950.0000000000            3.2881131172
1951.0000000000            3.2876679897
1952.0000000000            3.2872223854
1953.0000000000            3.2867763042
1954.0000000000            3.2863299847
1955.0000000000            3.2858829498
1956.0000000000            3.2854354382
1957.0000000000            3.2849876881
1958.0000000000            3.2845392227
1959.0000000000            3.2840902805
1960.0000000000            3.2836410999
1961.0000000000            3.2831914425
1962.0000000000            3.2827413082
1963.0000000000            3.2822909355
1964.0000000000            3.2818393707
1965.0000000000            3.2813880444
1966.0000000000            3.2809362411
1967.0000000000            3.2804837227
1968.0000000000            3.2800307274
1969.0000000000            3.2795774937
1970.0000000000            3.2791237831
1971.0000000000            3.2786693573
1972.0000000000            3.2782146931
1973.0000000000            3.2777595520
1974.0000000000            3.2773039341
1975.0000000000            3.2768478394
1976.0000000000            3.2763915062
1977.0000000000            3.2759344578
1978.0000000000            3.2754771709
1979.0000000000            3.2750189304
1980.0000000000            3.2745609283
1981.0000000000            3.2741019726
1982.0000000000            3.2736427784
1983.0000000000            3.2731828690
1984.0000000000            3.2727229595
1985.0000000000            3.2722620964
1986.0000000000            3.2718009949
1987.0000000000            3.2713396549
1988.0000000000            3.2708778381
1989.0000000000            3.2704153061
1990.0000000000            3.2699522972
1991.0000000000            3.2694890499
1992.0000000000            3.2690253258
1993.0000000000            3.2685608864
1994.0000000000            3.2680964470
1995.0000000000            3.2676312923
1996.0000000000            3.2671656609
1997.0000000000            3.2666993141
1998.0000000000            3.2662332058
1999.0000000000            3.2657661438
2000.0000000000            3.2652988434
2001.0000000000            3.2648310661
2002.0000000000            3.2643623352
2003.0000000000            3.2638938427
2004.0000000000            3.2634246349
2005.0000000000            3.2629549503
2006.0000000000            3.2624850273
2007.0000000000            3.2620143890
2008.0000000000            3.2615432739
2009.0000000000            3.2610721588
2010.0000000000            3.2605998516
2011.0000000000            3.2601277828
2012.0000000000            3.2596549988
2013.0000000000            3.2591817379
2014.0000000000            3.2587080002
2015.0000000000            3.2582340240
2016.0000000000            3.2577590942
2017.0000000000            3.2572839260
2018.0000000000            3.2568087578
2019.0000000000            3.2563328743
2020.0000000000            3.2558560371
2021.0000000000            3.2553794384
2022.0000000000            3.2549021244
2023.0000000000            3.2544243336
2024.0000000000            3.2539460659
2025.0000000000            3.2534675598
2026.0000000000            3.2529883385
2027.0000000000            3.2525091171
2028.0000000000            3.2520289421
2029.0000000000            3.2515482903
2030.0000000000            3.2510674000
2031.0000000000            3.2505862713
2032.0000000000            3.2501044273
2033.0000000000            3.2496223450
2034.0000000000            3.2491395473
2035.0000000000            3.2486562729
2036.0000000000            3.2481729984
2037.0000000000            3.2476887703
2038.0000000000            3.2472043037
2039.0000000000            3.2467195988
2040.0000000000            3.2462339401
2041.0000000000            3.2457482815
2042.0000000000            3.2452619076
2043.0000000000            3.2447752953
2044.0000000000            3.2442877293
2045.0000000000            3.2438004017
2046.0000000000            3.2433121204
2047.0000000000            3.2428236008
2048.0000000000            3.2423348427
2049.0000000000            3.2418453693
2050.0000000000            3.2413556576
2051.0000000000            3.2408652306
2052.0000000000            3.2403745651
2053.0000000000            3.2398834229
2054.0000000000            3.2393918037
2055.0000000000            3.2388997078
2056.0000000000            3.2384073734
2057.0000000000            3.2379143238
2058.0000000000            3.2374210358
2059.0000000000            3.2369272709
2060.0000000000            3.2364327908
2061.0000000000            3.2359378338
2062.0000000000            3.2354428768
2063.0000000000            3.2349474430
2064.0000000000            3.2344510555
2065.0000000000            3.2339546680
2066.0000000000            3.2334575653
2067.0000000000            3.2329599857
2068.0000000000            3.2324621677
2069.0000000000            3.2319641113
2070.0000000000            3.2314655781
2071.0000000000            3.2309660912
2072.0000000000            3.2304663658
2073.0000000000            3.2299664021
2074.0000000000            3.2294659615
2075.0000000000            3.2289650440
2076.0000000000            3.2284636497
2077.0000000000            3.2279617786
2078.0000000000            3.2274594307
2079.0000000000            3.2269566059
2080.0000000000            3.2264537811
2081.0000000000            3.2259500027
2082.0000000000            3.2254462242
2083.0000000000            3.2249414921
2084.0000000000            3.2244367599
2085.0000000000            3.2239310741
2086.0000000000            3.2234253883
2087.0000000000            3.2229189873
2088.0000000000            3.2224123478
2089.0000000000            3.2219052315
2090.0000000000            3.2213976383
2091.0000000000            3.2208895683
2092.0000000000            3.2203812599
2093.0000000000            3.2198722363
2094.0000000000            3.2193629742
2095.0000000000            3.2188532352
2096.0000000000            3.2183427811
2097.0000000000            3.2178323269
2098.0000000000            3.2173211575
2099.0000000000            3.2168095112
2100.0000000000            3.2162976265
2101.0000000000            3.2157852650
2102.0000000000            3.2152721882
2103.0000000000            3.2147588730
2104.0000000000            3.2142453194
2105.0000000000            3.2137312889
2106.0000000000            3.2132163048
2107.0000000000            3.2127013206
2108.0000000000            3.2121856213
2109.0000000000            3.2116699219
2110.0000000000            3.2111537457
2111.0000000000            3.2106368542
2112.0000000000            3.2101192474
2113.0000000000            3.2096018791
2114.0000000000            3.2090835571
2115.0000000000            3.2085649967
2116.0000000000            3.2080459595
2117.0000000000            3.2075266838
2118.0000000000            3.2070069313
2119.0000000000            3.2064864635
2120.0000000000            3.2059655190
2121.0000000000            3.2054443359
2122.0000000000            3.2049226761
2123.0000000000            3.2044007778
2124.0000000000            3.2038784027
2125.0000000000            3.2033553123
2126.0000000000            3.2028317451
2127.0000000000            3.2023079395
2128.0000000000            3.2017838955
2129.0000000000            3.2012593746
2130.0000000000            3.2007339001
2131.0000000000            3.2002081871
2132.0000000000            3.1996824741
2133.0000000000            3.1991558075
2134.0000000000            3.1986289024
2135.0000000000            3.1981017590
2136.0000000000            3.1975739002
2137.0000000000            3.1970460415
2138.0000000000            3.1965174675
2139.0000000000            3.1959884167
2140.0000000000            3.1954588890
2141.0000000000            3.1949288845
2142.0000000000            3.1943986416
2143.0000000000            3.1938679218
2144.0000000000            3.1933364868
2145.0000000000            3.1928050518
2146.0000000000            3.1922729015
2147.0000000000            3.1917402744
2148.0000000000            3.1912074089
2149.0000000000            3.1906740665
2150.0000000000            3.1901402473
2151.0000000000            3.1896059513
2152.0000000000            3.1890714169
2153.0000000000            3.1885359287
2154.0000000000            3.1880006790
2155.0000000000            3.1874647141
2156.0000000000            3.1869280338
2157.0000000000            3.1863913536
2158.0000000000            3.1858541965
2159.0000000000            3.1853165627
2160.0000000000            3.1847782135
2161.0000000000            3.1842396259
2162.0000000000            3.1837005615
2163.0000000000            3.1831612587
2164.0000000000            3.1826212406
2165.0000000000            3.1820812225
2166.0000000000            3.1815402508
2167.0000000000            3.1809992790
2168.0000000000            3.1804578304
2169.0000000000            3.1799156666
2170.0000000000            3.1793732643
2171.0000000000            3.1788301468
2172.0000000000            3.1782870293
2173.0000000000            3.1777431965
2174.0000000000            3.1771993637
2175.0000000000            3.1766548157
2176.0000000000            3.1761097908
2177.0000000000            3.1755640507
2178.0000000000            3.1750183105
2179.0000000000            3.1744718552
2180.0000000000            3.1739253998
2181.0000000000            3.1733782291
2182.0000000000            3.1728305817
2183.0000000000            3.1722826958
2184.0000000000            3.1717338562
2185.0000000000            3.1711852551
2186.0000000000            3.1706357002
2187.0000000000            3.1700863838
2188.0000000000            3.1695361137
2189.0000000000            3.1689856052
2190.0000000000            3.1684343815
2191.0000000000            3.1678829193
2192.0000000000            3.1673309803
2193.0000000000            3.1667788029
2194.0000000000            3.1662261486
2195.0000000000            3.1656730175
2196.0000000000            3.1651194096
2197.0000000000            3.1645655632
2198.0000000000            3.1640110016
2199.0000000000            3.1634562016
2200.0000000000            3.1629009247
2201.0000000000            3.1623451710
2202.0000000000            3.1617889404
2203.0000000000            3.1612324715
2204.0000000000            3.1606757641
2205.0000000000            3.1601181030
2206.0000000000            3.1595604420
2207.0000000000            3.1590020657
2208.0000000000            3.1584434509
2209.0000000000            3.1578843594
2210.0000000000            3.1573247910
2211.0000000000            3.1567649841
2212.0000000000            3.1562047005
2213.0000000000            3.1556439400
2214.0000000000            3.1550824642
2215.0000000000            3.1545212269
2216.0000000000            3.1539590359
2217.0000000000            3.1533963680
2218.0000000000            3.1528334618
2219.0000000000            3.1522703171
2220.0000000000            3.1517064571
2221.0000000000            3.1511425972
2222.0000000000            3.1505777836
2223.0000000000            3.1500127316
2224.0000000000            3.1494474411
2225.0000000000            3.1488816738
2226.0000000000            3.1483151913
2227.0000000000            3.1477487087
2228.0000000000            3.1471812725
2229.0000000000            3.1466140747
2230.0000000000            3.1460461617
2231.0000000000            3.1454777718
2232.0000000000            3.1449089050
2233.0000000000            3.1443397999
2234.0000000000            3.1437699795
2235.0000000000            3.1432001591
2236.0000000000            3.1426296234
2237.0000000000            3.1420586109
2238.0000000000            3.1414871216
2239.0000000000            3.1409156322
2240.0000000000            3.1403434277
2241.0000000000            3.1397709846
2242.0000000000            3.1391980648
2243.0000000000            3.1386246681
2244.0000000000            3.1380510330
2245.0000000000            3.1374766827
2246.0000000000            3.1369020939
2247.0000000000            3.1363270283
2248.0000000000            3.1357514858
2249.0000000000            3.1351757050
2250.0000000000            3.1345992088
2251.0000000000            3.1340227127
2252.0000000000            3.1334452629
2253.0000000000            3.1328678131
2254.0000000000            3.1322896481
2255.0000000000            3.1317112446
2256.0000000000            3.1311326027
2257.0000000000            3.1305534840
2258.0000000000            3.1299738884
2259.0000000000            3.1293935776
2260.0000000000            3.1288132668
2261.0000000000            3.1282322407
2262.0000000000            3.1276509762
2263.0000000000            3.1270692348
2264.0000000000            3.1264872551
2265.0000000000            3.1259045601
2266.0000000000            3.1253218651
2267.0000000000            3.1247382164
2268.0000000000            3.1241545677
2269.0000000000            3.1235702038
2270.0000000000            3.1229858398
2271.0000000000            3.1224007607
2272.0000000000            3.1218154430
2273.0000000000            3.1212296486
2274.0000000000            3.1206433773
2275.0000000000            3.1200563908
2276.0000000000            3.1194696426
2277.0000000000            3.1188821793
2278.0000000000            3.1182942390
2279.0000000000            3.1177058220
2280.0000000000            3.1171169281
2281.0000000000            3.1165282726
2282.0000000000            3.1159381866
2283.0000000000            3.1153483391
2284.0000000000            3.1147580147
2285.0000000000            3.1141674519
2286.0000000000            3.1135761738
2287.0000000000            3.1129844189
2288.0000000000            3.1123924255
2289.0000000000            3.1118001938
2290.0000000000            3.1112072468
2291.0000000000            3.1106140614
2292.0000000000            3.1100203991
2293.0000000000            3.1094262600
2294.0000000000            3.1088318825
2295.0000000000            3.1082370281
2296.0000000000            3.1076416969
2297.0000000000            3.1070461273
2298.0000000000            3.1064500809
2299.0000000000            3.1058535576
2300.0000000000            3.1052565575
2301.0000000000            3.1046593189
2302.0000000000            3.1040616035
2303.0000000000            3.1034634113
2304.0000000000            3.1028649807
2305.0000000000            3.1022658348
2306.0000000000            3.1016664505
2307.0000000000            3.1010668278
2308.0000000000            3.1004667282
2309.0000000000            3.0998659134
2310.0000000000            3.0992650986
2311.0000000000            3.0986638069
2312.0000000000            3.0980620384
2313.0000000000            3.0974597931
2314.0000000000            3.0968573093
2315.0000000000            3.0962541103
2316.0000000000            3.0956509113
2317.0000000000            3.0950469971
2318.0000000000            3.0944428444
2319.0000000000            3.0938382149
2320.0000000000            3.0932331085
2321.0000000000            3.0926280022
2322.0000000000            3.0920219421
2323.0000000000            3.0914158821
2324.0000000000            3.0908091068
2325.0000000000            3.0902020931
2326.0000000000            3.0895946026
2327.0000000000            3.0889868736
2328.0000000000            3.0883786678
2329.0000000000            3.0877699852
2330.0000000000            3.0871610641
2331.0000000000            3.0865516663
2332.0000000000            3.0859417915
2333.0000000000            3.0853314400
2334.0000000000            3.0847208500
2335.0000000000            3.0841100216
2336.0000000000            3.0834984779
2337.0000000000            3.0828864574
2338.0000000000            3.0822741985
2339.0000000000            3.0816617012
2340.0000000000            3.0810487270
2341.0000000000            3.0804350376
2342.0000000000            3.0798215866
2343.0000000000            3.0792071819
2344.0000000000            3.0785925388
2345.0000000000            3.0779774189
2346.0000000000            3.0773620605
2347.0000000000            3.0767462254
2348.0000000000            3.0761299133
2349.0000000000            3.0755133629
2350.0000000000            3.0748963356
2351.0000000000            3.0742790699
2352.0000000000            3.0736613274
2353.0000000000            3.0730428696
2354.0000000000            3.0724244118
2355.0000000000            3.0718054771
2356.0000000000            3.0711860657
2357.0000000000            3.0705661774
2358.0000000000            3.0699460506
2359.0000000000            3.0693254471
2360.0000000000            3.0687043667
2361.0000000000            3.0680830479
2362.0000000000            3.0674612522
2363.0000000000            3.0668392181
2364.0000000000            3.0662167072
2365.0000000000            3.0655937195
2366.0000000000            3.0649702549
2367.0000000000            3.0643465519
2368.0000000000            3.0637226105
2369.0000000000            3.0630979538
2370.0000000000            3.0624730587
2371.0000000000            3.0618476868
2372.0000000000            3.0612220764
2373.0000000000            3.0605959892
2374.0000000000            3.0599696636
2375.0000000000            3.0593426228
2376.0000000000            3.0587153435
2377.0000000000            3.0580878258
2378.0000000000            3.0574595928
2379.0000000000            3.0568313599
2380.0000000000            3.0562024117
2381.0000000000            3.0555732250
2382.0000000000            3.0549438000
2383.0000000000            3.0543136597
2384.0000000000            3.0536832809
2385.0000000000            3.0530524254
2386.0000000000            3.0524213314
2387.0000000000            3.0517897606
2388.0000000000            3.0511577129
2389.0000000000            3.0505256653
2390.0000000000            3.0498926640
2391.0000000000            3.0492596626
2392.0000000000            3.0486261845
2393.0000000000            3.0479924679
2394.0000000000            3.0473580360
2395.0000000000            3.0467233658
2396.0000000000            3.0460882187
2397.0000000000            3.0454528332
2398.0000000000            3.0448172092
2399.0000000000            3.0441808701
2400.0000000000            3.0435442924
2401.0000000000            3.0429072380
2402.0000000000            3.0422699451
2403.0000000000            3.0416321754
2404.0000000000            3.0409941673
2405.0000000000            3.0403554440
2406.0000000000            3.0397167206
2407.0000000000            3.0390772820
2408.0000000000            3.0384376049
2409.0000000000            3.0377976894
2410.0000000000            3.0371572971
2411.0000000000            3.0365164280
2412.0000000000            3.0358750820
2413.0000000000            3.0352337360
2414.0000000000            3.0345916748
2415.0000000000            3.0339493752
2416.0000000000            3.0333065987
2417.0000000000            3.0326633453
2418.0000000000            3.0320200920
2419.0000000000            3.0313761234
2420.0000000000            3.0307319164
2421.0000000000            3.0300872326
2422.0000000000            3.0294420719
2423.0000000000            3.0287966728
2424.0000000000            3.0281507969
2425.0000000000            3.0275046825
2426.0000000000            3.0268583298
2427.0000000000            3.0262112617
2428.0000000000            3.0255641937
2429.0000000000            3.0249161720
2430.0000000000            3.0242681503
2431.0000000000            3.0236198902
2432.0000000000            3.0229709148
2433.0000000000            3.0223219395
2434.0000000000            3.0216722488
2435.0000000000            3.0210223198
2436.0000000000            3.0203719139
2437.0000000000            3.0197212696
2438.0000000000            3.0190701485
2439.0000000000            3.0184187889
2440.0000000000            3.0177669525
2441.0000000000            3.0171146393
2442.0000000000            3.0164620876
2443.0000000000            3.0158090591
2444.0000000000            3.0151557922
2445.0000000000            3.0145020485
2446.0000000000            3.0138478279
2447.0000000000            3.0131936073
2448.0000000000            3.0125386715
2449.0000000000            3.0118834972
2450.0000000000            3.0112278461
2451.0000000000            3.0105717182
2452.0000000000            3.0099153519
2453.0000000000            3.0092587471
2454.0000000000            3.0086016655
2455.0000000000            3.0079443455
2456.0000000000            3.0072865486
2457.0000000000            3.0066282749
2458.0000000000            3.0059697628
2459.0000000000            3.0053107738
2460.0000000000            3.0046513081
2461.0000000000            3.0039916039
2462.0000000000            3.0033316612
2463.0000000000            3.0026712418
2464.0000000000            3.0020103455
2465.0000000000            3.0013492107
2466.0000000000            3.0006875992
2467.0000000000            3.0000257492
2468.0000000000            2.9993634224
2469.0000000000            2.9987008572
2470.0000000000            2.9980378151
2471.0000000000            2.9973745346
2472.0000000000            2.9967107773
2473.0000000000            2.9960465431
2474.0000000000            2.9953820705
2475.0000000000            2.9947171211
2476.0000000000            2.9940519333
2477.0000000000            2.9933865070
2478.0000000000            2.9927203655
2479.0000000000            2.9920539856
2480.0000000000            2.9913873672
2481.0000000000            2.9907202721
2482.0000000000            2.9900527000
2483.0000000000            2.9893851280
2484.0000000000            2.9887168407
2485.0000000000            2.9880483150
2486.0000000000            2.9873795509
2487.0000000000            2.9867100716
2488.0000000000            2.9860405922
2489.0000000000            2.9853703976
2490.0000000000            2.9847002029
2491.0000000000            2.9840295315
2492.0000000000            2.9833583832
2493.0000000000            2.9826869965
2494.0000000000            2.9820151329
2495.0000000000            2.9813430309
2496.0000000000            2.9806704521
2497.0000000000            2.9799976349
2498.0000000000            2.9793243408
2499.0000000000            2.9786508083
2500.0000000000            2.9779767990
2501.0000000000            2.9773025513
2502.0000000000            2.9766278267
2503.0000000000            2.9759526253
2504.0000000000            2.9752771854
2505.0000000000            2.9746015072
2506.0000000000            2.9739253521
2507.0000000000            2.9732489586
2508.0000000000            2.9725718498
2509.0000000000            2.9718947411
2510.0000000000            2.9712171555
2511.0000000000            2.9705390930
2512.0000000000            2.9698607922
2513.0000000000            2.9691822529
2514.0000000000            2.9685032368
2515.0000000000            2.9678239822
2516.0000000000            2.9671442509
2517.0000000000            2.9664640427
2518.0000000000            2.9657835960
2519.0000000000            2.9651029110
2520.0000000000            2.9644215107
2521.0000000000            2.9637401104
2522.0000000000            2.9630582333
2523.0000000000            2.9623761177
2524.0000000000            2.9616935253
2525.0000000000            2.9610106945
2526.0000000000            2.9603273869
2527.0000000000            2.9596436024
2528.0000000000            2.9589598179
2529.0000000000            2.9582753181
2530.0000000000            2.9575905800
2531.0000000000            2.9569056034
2532.0000000000            2.9562201500
2533.0000000000            2.9555344582
2534.0000000000            2.9548482895
2535.0000000000            2.9541616440
2536.0000000000            2.9534749985
2537.0000000000            2.9527878761
2538.0000000000            2.9521002769
2539.0000000000            2.9514124393
2540.0000000000            2.9507241249
2541.0000000000            2.9500355721
2542.0000000000            2.9493467808
2543.0000000000            2.9486575127
2544.0000000000            2.9479677677
2545.0000000000            2.9472777843
2546.0000000000            2.9465875626
2547.0000000000            2.9458968639
2548.0000000000            2.9452059269
2549.0000000000            2.9445145130
2550.0000000000            2.9438228607
2551.0000000000            2.9431307316
2552.0000000000            2.9424383640
2553.0000000000            2.9417455196
2554.0000000000            2.9410524368
2555.0000000000            2.9403588772
2556.0000000000            2.9396653175
2557.0000000000            2.9389710426
2558.0000000000            2.9382765293
2559.0000000000            2.9375815392
2560.0000000000            2.9368865490
2561.0000000000            2.9361910820
2562.0000000000            2.9354951382
2563.0000000000            2.9347987175
2564.0000000000            2.9341022968
2565.0000000000            2.9334053993
2566.0000000000            2.9327082634
2567.0000000000            2.9320106506
2568.0000000000            2.9313125610
2569.0000000000            2.9306142330
2570.0000000000            2.9299159050
2571.0000000000            2.9292168617
2572.0000000000            2.9285175800
2573.0000000000            2.9278180599
2574.0000000000            2.9271180630
2575.0000000000            2.9264175892
2576.0000000000            2.9257168770
2577.0000000000            2.9250159264
2578.0000000000            2.9243144989
2579.0000000000            2.9236128330
2580.0000000000            2.9229109287
2581.0000000000            2.9222085476
2582.0000000000            2.9215059280
2583.0000000000            2.9208028316
2584.0000000000            2.9200994968
2585.0000000000            2.9193956852
2586.0000000000            2.9186916351
2587.0000000000            2.9179873466
2588.0000000000            2.9172823429
2589.0000000000            2.9165773392
2590.0000000000            2.9158720970
2591.0000000000            2.9151663780
2592.0000000000            2.9144601822
2593.0000000000            2.9137537479
2594.0000000000            2.9130470753
2595.0000000000            2.9123401642
2596.0000000000            2.9116325378
2597.0000000000            2.9109249115
2598.0000000000            2.9102168083
2599.0000000000            2.9095082283
2600.0000000000            2.9087996483
2601.0000000000            2.9080903530
2602.0000000000            2.9073810577
2603.0000000000            2.9066712856
2604.0000000000            2.9059612751
2605.0000000000            2.9052507877
2606.0000000000            2.9045400620
2607.0000000000            2.9038288593
2608.0000000000            2.9031174183
2609.0000000000            2.9024057388
2610.0000000000            2.9016938210
2611.0000000000            2.9009814262
2612.0000000000            2.9002685547
2613.0000000000            2.8995556831
2614.0000000000            2.8988420963
2615.0000000000            2.8981282711
2616.0000000000            2.8974142075
2617.0000000000            2.8966999054
2618.0000000000            2.8959851265
2619.0000000000            2.8952701092
2620.0000000000            2.8945548534
2621.0000000000            2.8938391209
2622.0000000000            2.8931231499
2623.0000000000            2.8924067020
2624.0000000000            2.8916900158
2625.0000000000            2.8909730911
2626.0000000000            2.8902556896
2627.0000000000            2.8895380497
2628.0000000000            2.8888201714
2629.0000000000            2.8881018162
2630.0000000000            2.8873829842
2631.0000000000            2.8866641521
2632.0000000000            2.8859448433
2633.0000000000            2.8852252960
2634.0000000000            2.8845052719
2635.0000000000            2.8837852478
2636.0000000000            2.8830645084
2637.0000000000            2.8823435307
2638.0000000000            2.8816225529
2639.0000000000            2.8809008598
2640.0000000000            2.8801791668
2641.0000000000            2.8794567585
2642.0000000000            2.8787343502
2643.0000000000            2.8780114651
2644.0000000000            2.8772883415
2645.0000000000            2.8765647411
2646.0000000000            2.8758411407
2647.0000000000            2.8751170635
2648.0000000000            2.8743925095
2649.0000000000            2.8736679554
2650.0000000000            2.8729429245
2651.0000000000            2.8722174168
2652.0000000000            2.8714916706
2653.0000000000            2.8707656860
2654.0000000000            2.8700392246
2655.0000000000            2.8693125248
2656.0000000000            2.8685858250
2657.0000000000            2.8678584099
2658.0000000000            2.8671307564
2659.0000000000            2.8664031029
2660.0000000000            2.8656744957
2661.0000000000            2.8649461269
2662.0000000000            2.8642172813
2663.0000000000            2.8634881973
2664.0000000000            2.8627586365
2665.0000000000            2.8620288372
2666.0000000000            2.8612985611
2667.0000000000            2.8605680466
2668.0000000000            2.8598375320
2669.0000000000            2.8591063023
2670.0000000000            2.8583750725
2671.0000000000            2.8576433659
2672.0000000000            2.8569114208
2673.0000000000            2.8561789989
2674.0000000000            2.8554465771
2675.0000000000            2.8547134399
2676.0000000000            2.8539803028
2677.0000000000            2.8532466888
2678.0000000000            2.8525128365
2679.0000000000            2.8517785072
2680.0000000000            2.8510441780
2681.0000000000            2.8503093719
2682.0000000000            2.8495743275
2683.0000000000            2.8488388062
2684.0000000000            2.8481030464
2685.0000000000            2.8473670483
2686.0000000000            2.8466308117
2687.0000000000            2.8458940983
2688.0000000000            2.8451573849
2689.0000000000            2.8444199562
2690.0000000000            2.8436822891
2691.0000000000            2.8429443836
2692.0000000000            2.8422062397
2693.0000000000            2.8414678574
2694.0000000000            2.8407289982
2695.0000000000            2.8399899006
2696.0000000000            2.8392505646
2697.0000000000            2.8385109901
2698.0000000000            2.8377709389
2699.0000000000            2.8370306492
2700.0000000000            2.8362898827
2701.0000000000            2.8355491161
2702.0000000000            2.8348078728
2703.0000000000            2.8340663910
2704.0000000000            2.8333246708
2705.0000000000            2.8325824738
2706.0000000000            2.8318400383
2707.0000000000            2.8310973644
2708.0000000000            2.8303544521
2709.0000000000            2.8296108246
2710.0000000000            2.8288674355
2711.0000000000            2.8281235695
2712.0000000000            2.8273792267
2713.0000000000            2.8266346455
2714.0000000000            2.8258900642
2715.0000000000            2.8251447678
2716.0000000000            2.8243994713
2717.0000000000            2.8236536980
2718.0000000000            2.8229076862
2719.0000000000            2.8221614361
2720.0000000000            2.8214147091
2721.0000000000            2.8206677437
2722.0000000000            2.8199207783
2723.0000000000            2.8191733360
2724.0000000000            2.8184254169
2725.0000000000            2.8176772594
2726.0000000000            2.8169288635
2727.0000000000            2.8161802292
2728.0000000000            2.8154313564
2729.0000000000            2.8146820068
2730.0000000000            2.8139326572
2731.0000000000            2.8131825924
2732.0000000000            2.8124325275
2733.0000000000            2.8116819859
2734.0000000000            2.8109314442
2735.0000000000            2.8101804256
2736.0000000000            2.8094289303
2737.0000000000            2.8086774349
2738.0000000000            2.8079257011
2739.0000000000            2.8071734905
2740.0000000000            2.8064210415
2741.0000000000            2.8056683540
2742.0000000000            2.8049151897
2743.0000000000            2.8041617870
2744.0000000000            2.8034081459
2745.0000000000            2.8026545048
2746.0000000000            2.8019001484
2747.0000000000            2.8011455536
2748.0000000000            2.8003909588
2749.0000000000            2.7996358871
2750.0000000000            2.7988805771
2751.0000000000            2.7981247902
2752.0000000000            2.7973690033
2753.0000000000            2.7966127396
2754.0000000000            2.7958562374
2755.0000000000            2.7950994968
2756.0000000000            2.7943425179
2757.0000000000            2.7935850620
2758.0000000000            2.7928273678
2759.0000000000            2.7920694351
2760.0000000000            2.7913115025
2761.0000000000            2.7905528545
2762.0000000000            2.7897942066
2763.0000000000            2.7890350819
2764.0000000000            2.7882757187
2765.0000000000            2.7875161171
2766.0000000000            2.7867562771
2767.0000000000            2.7859961987
2768.0000000000            2.7852356434
2769.0000000000            2.7844750881
2770.0000000000            2.7837138176
2771.0000000000            2.7829527855
2772.0000000000            2.7821910381
2773.0000000000            2.7814292908
2774.0000000000            2.7806670666
2775.0000000000            2.7799048424
2776.0000000000            2.7791421413
2777.0000000000            2.7783792019
2778.0000000000            2.7776157856
2779.0000000000            2.7768523693
2780.0000000000            2.7760884762
2781.0000000000            2.7753245831
2782.0000000000            2.7745602131
2783.0000000000            2.7737956047
2784.0000000000            2.7730307579
2785.0000000000            2.7722654343
2786.0000000000            2.7715001106
2787.0000000000            2.7707343102
2788.0000000000            2.7699685097
2789.0000000000            2.7692022324
2790.0000000000            2.7684354782
2791.0000000000            2.7676687241
2792.0000000000            2.7669017315
2793.0000000000            2.7661345005
2794.0000000000            2.7653667927
2795.0000000000            2.7645990849
2796.0000000000            2.7638306618
2797.0000000000            2.7630622387
2798.0000000000            2.7622935772
2799.0000000000            2.7615244389
2800.0000000000            2.7607553005
2801.0000000000            2.7599859238
2802.0000000000            2.7592160702
2803.0000000000            2.7584459782
2804.0000000000            2.7576756477
2805.0000000000            2.7569050789
2806.0000000000            2.7561342716
2807.0000000000            2.7553632259
2808.0000000000            2.7545917034
2809.0000000000            2.7538201809
2810.0000000000            2.7530481815
2811.0000000000            2.7522759438
2812.0000000000            2.7515034676
2813.0000000000            2.7507307529
2814.0000000000            2.7499577999
2815.0000000000            2.7491846085
2816.0000000000            2.7484111786
2817.0000000000            2.7476372719
2818.0000000000            2.7468631268
2819.0000000000            2.7460889816
2820.0000000000            2.7453143597
2821.0000000000            2.7445394993
2822.0000000000            2.7437644005
2823.0000000000            2.7429890633
2824.0000000000            2.7422134876
2825.0000000000            2.7414376736
2826.0000000000            2.7406616211
2827.0000000000            2.7398850918
2828.0000000000            2.7391085625
2829.0000000000            2.7383315563
2830.0000000000            2.7375545502
2831.0000000000            2.7367768288
2832.0000000000            2.7359993458
2833.0000000000            2.7352213860
2834.0000000000            2.7344431877
2835.0000000000            2.7336647511
2836.0000000000            2.7328858376
2837.0000000000            2.7321069241
2838.0000000000            2.7313277721
2839.0000000000            2.7305481434
2840.0000000000            2.7297685146
2841.0000000000            2.7289886475
2842.0000000000            2.7282083035
2843.0000000000            2.7274277210
2844.0000000000            2.7266469002
2845.0000000000            2.7258660793
2846.0000000000            2.7250847816
2847.0000000000            2.7243030071
2848.0000000000            2.7235214710
2849.0000000000            2.7227394581
2850.0000000000            2.7219569683
2851.0000000000            2.7211747169
2852.0000000000            2.7203917503
2853.0000000000            2.7196087837
2854.0000000000            2.7188253403
2855.0000000000            2.7180418968
2856.0000000000            2.7172582150
2857.0000000000            2.7164740562
2858.0000000000            2.7156898975
2859.0000000000            2.7149052620
2860.0000000000            2.7141203880
2861.0000000000            2.7133355141
2862.0000000000            2.7125504017
2863.0000000000            2.7117648125
2864.0000000000            2.7109787464
2865.0000000000            2.7101929188
2866.0000000000            2.7094066143
2867.0000000000            2.7086200714
2868.0000000000            2.7078332901
2869.0000000000            2.7070465088
2870.0000000000            2.7062590122
2871.0000000000            2.7054715157
2872.0000000000            2.7046837807
2873.0000000000            2.7038958073
2874.0000000000            2.7031078339
2875.0000000000            2.7023191452
2876.0000000000            2.7015304565
2877.0000000000            2.7007415295
2878.0000000000            2.6999523640
2879.0000000000            2.6991629601
2880.0000000000            2.6983733177
2881.0000000000            2.6975834370
2882.0000000000            2.6967933178
2883.0000000000            2.6960029602
2884.0000000000            2.6952121258
2885.0000000000            2.6944212914
2886.0000000000            2.6936302185
2887.0000000000            2.6928386688
2888.0000000000            2.6920473576
2889.0000000000            2.6912553310
2890.0000000000            2.6904633045
2891.0000000000            2.6896710396
2892.0000000000            2.6888785362
2893.0000000000            2.6880857944
2894.0000000000            2.6872928143
2895.0000000000            2.6864993572
2896.0000000000            2.6857061386
2897.0000000000            2.6849124432
2898.0000000000            2.6841185093
2899.0000000000            2.6833240986
2900.0000000000            2.6825296879
2901.0000000000            2.6817350388
2902.0000000000            2.6809401512
2903.0000000000            2.6801450253
2904.0000000000            2.6793498993
2905.0000000000            2.6785542965
2906.0000000000            2.6777582169
2907.0000000000            2.6769623756
2908.0000000000            2.6761660576
2909.0000000000            2.6753695011
2910.0000000000            2.6745729446
2911.0000000000            2.6737756729
2912.0000000000            2.6729786396
2913.0000000000            2.6721811295
2914.0000000000            2.6713833809
2915.0000000000            2.6705856323
2916.0000000000            2.6697874069
2917.0000000000            2.6689891815
2918.0000000000            2.6681907177
2919.0000000000            2.6673917770
2920.0000000000            2.6665928364
2921.0000000000            2.6657934189
2922.0000000000            2.6649940014
2923.0000000000            2.6641943455
2924.0000000000            2.6633944511
2925.0000000000            2.6625943184
2926.0000000000            2.6617939472
2927.0000000000            2.6609933376
2928.0000000000            2.6601924896
2929.0000000000            2.6593916416
2930.0000000000            2.6585903168
2931.0000000000            2.6577887535
2932.0000000000            2.6569869518
2933.0000000000            2.6561851501
2934.0000000000            2.6553828716
2935.0000000000            2.6545805931
2936.0000000000            2.6537780762
2937.0000000000            2.6529753208
2938.0000000000            2.6521723270
2939.0000000000            2.6513690948
2940.0000000000            2.6505653858
2941.0000000000            2.6497616768
2942.0000000000            2.6489577293
2943.0000000000            2.6481537819
2944.0000000000            2.6473493576
2945.0000000000            2.6465449333
2946.0000000000            2.6457400322
2947.0000000000            2.6449351311
2948.0000000000            2.6441299915
2949.0000000000            2.6433246136
2950.0000000000            2.6425187588
2951.0000000000            2.6417129040
2952.0000000000            2.6409068108
2953.0000000000            2.6401007175
2954.0000000000            2.6392941475
2955.0000000000            2.6384873390
2956.0000000000            2.6376805305
2957.0000000000            2.6368734837
2958.0000000000            2.6360659599
2959.0000000000            2.6352584362
2960.0000000000            2.6344506741
2961.0000000000            2.6336426735
2962.0000000000            2.6328344345
2963.0000000000            2.6320261955
2964.0000000000            2.6312174797
2965.0000000000            2.6304087639
2966.0000000000            2.6295998096
2967.0000000000            2.6287906170
2968.0000000000            2.6279811859
2969.0000000000            2.6271712780
2970.0000000000            2.6263616085
2971.0000000000            2.6255514622
2972.0000000000            2.6247413158
2973.0000000000            2.6239306927
2974.0000000000            2.6231200695
2975.0000000000            2.6223092079
2976.0000000000            2.6214981079
2977.0000000000            2.6206867695
2978.0000000000            2.6198751926
2979.0000000000            2.6190633774
2980.0000000000            2.6182515621
2981.0000000000            2.6174395084
2982.0000000000            2.6166272163
2983.0000000000            2.6158146858
2984.0000000000            2.6150019169
2985.0000000000            2.6141889095
2986.0000000000            2.6133759022
2987.0000000000            2.6125626564
2988.0000000000            2.6117489338
2989.0000000000            2.6109352112
2990.0000000000            2.6101212502
2991.0000000000            2.6093070507
2992.0000000000            2.6084928513
2993.0000000000            2.6076784134
2994.0000000000            2.6068637371
2995.0000000000            2.6060485840
2996.0000000000            2.6052334309
2997.0000000000            2.6044182777
2998.0000000000            2.6036026478
2999.0000000000            2.6027870178
3000.0000000000            2.6019709110
3001.0000000000            2.6011548042
3002.0000000000            2.6003386974
3003.0000000000            2.5995221138
3004.0000000000            2.5987052917
3005.0000000000            2.5978884697
3006.0000000000            2.5970716476
3007.0000000000            2.5962543488
3008.0000000000            2.5954368114
3009.0000000000            2.5946190357
3010.0000000000            2.5938012600
3011.0000000000            2.5929832458
3012.0000000000            2.5921649933
3013.0000000000            2.5913465023
3014.0000000000            2.5905277729
3015.0000000000            2.5897090435
3016.0000000000            2.5888900757
3017.0000000000            2.5880708694
3018.0000000000            2.5872516632
3019.0000000000            2.5864319801
3020.0000000000            2.5856122971
3021.0000000000            2.5847923756
3022.0000000000            2.5839722157
3023.0000000000            2.5831518173
3024.0000000000            2.5823314190
3025.0000000000            2.5815107822
3026.0000000000            2.5806896687
3027.0000000000            2.5798687935
3028.0000000000            2.5790474415
3029.0000000000            2.5782260895
3030.0000000000            2.5774042606
3031.0000000000            2.5765826702
3032.0000000000            2.5757606030
3033.0000000000            2.5749382973
3034.0000000000            2.5741159916
3035.0000000000            2.5732936859
3036.0000000000            2.5724709034
3037.0000000000            2.5716481209
3038.0000000000            2.5708248615
3039.0000000000            2.5700016022
3040.0000000000            2.5691781044
3041.0000000000            2.5683546066
3042.0000000000            2.5675308704
3043.0000000000            2.5667068958
3044.0000000000            2.5658826828
3045.0000000000            2.5650582314
3046.0000000000            2.5642337799
3047.0000000000            2.5634090900
3048.0000000000            2.5625844002
3049.0000000000            2.5617592335
3050.0000000000            2.5609340668
3051.0000000000            2.5601084232
3052.0000000000            2.5592830181
3053.0000000000            2.5584571362
3054.0000000000            2.5576314926
3055.0000000000            2.5568051338
3056.0000000000            2.5559790134
3057.0000000000            2.5551526546
3058.0000000000            2.5543258190
3059.0000000000            2.5534989834
3060.0000000000            2.5526721478
3061.0000000000            2.5518450737
3062.0000000000            2.5510177612
3063.0000000000            2.5501902103
3064.0000000000            2.5493624210
3065.0000000000            2.5485348701
3066.0000000000            2.5477068424
3067.0000000000            2.5468785763
3068.0000000000            2.5460503101
3069.0000000000            2.5452215672
3070.0000000000            2.5443930626
3071.0000000000            2.5435643196
3072.0000000000            2.5427353382
3073.0000000000            2.5419061184
3074.0000000000            2.5410766602
3075.0000000000            2.5402472019
3076.0000000000            2.5394175053
3077.0000000000            2.5385878086
3078.0000000000            2.5377576351
3079.0000000000            2.5369274616
3080.0000000000            2.5360970497
3081.0000000000            2.5352666378
3082.0000000000            2.5344359875
3083.0000000000            2.5336050987
3084.0000000000            2.5327742100
3085.0000000000            2.5319430828
3086.0000000000            2.5311117172
3087.0000000000            2.5302801132
3088.0000000000            2.5294485092
3089.0000000000            2.5286166668
3090.0000000000            2.5277848244
3091.0000000000            2.5269525051
3092.0000000000            2.5261204243
3093.0000000000            2.5252878666
3094.0000000000            2.5244553089
3095.0000000000            2.5236225128
3096.0000000000            2.5227897167
3097.0000000000            2.5219566822
3098.0000000000            2.5211234093
3099.0000000000            2.5202898979
3100.0000000000            2.5194563866
3101.0000000000            2.5186226368
3102.0000000000            2.5177888870
3103.0000000000            2.5169548988
3104.0000000000            2.5161206722
3105.0000000000            2.5152862072
3106.0000000000            2.5144519806
3107.0000000000            2.5136172771
3108.0000000000            2.5127823353
3109.0000000000            2.5119473934
3110.0000000000            2.5111124516
3111.0000000000            2.5102770329
3112.0000000000            2.5094416142
3113.0000000000            2.5086061954
3114.0000000000            2.5077705383
3115.0000000000            2.5069346428
3116.0000000000            2.5060985088
3117.0000000000            2.5052623749
3118.0000000000            2.5044260025
3119.0000000000            2.5035896301
3120.0000000000            2.5027530193
3121.0000000000            2.5019164085
3122.0000000000            2.5010793209
3123.0000000000            2.5002424717
3124.0000000000            2.4994051456
3125.0000000000            2.4985675812
3126.0000000000            2.4977302551
3127.0000000000            2.4968926907
3128.0000000000            2.4960548878
3129.0000000000            2.4952168465
3130.0000000000            2.4943788052
3131.0000000000            2.4935407639
3132.0000000000            2.4927022457
3133.0000000000            2.4918637276
3134.0000000000            2.4910252094
3135.0000000000            2.4901862144
3136.0000000000            2.4893472195
3137.0000000000            2.4885082245
3138.0000000000            2.4876689911
3139.0000000000            2.4868297577
3140.0000000000            2.4859900475
3141.0000000000            2.4851505756
3142.0000000000            2.4843108654
3143.0000000000            2.4834709167
3144.0000000000            2.4826307297
3145.0000000000            2.4817905426
3146.0000000000            2.4809503555
3147.0000000000            2.4801099300
3148.0000000000            2.4792692661
3149.0000000000            2.4784286022
3150.0000000000            2.4775876999
3151.0000000000            2.4767465591
3152.0000000000            2.4759054184
3153.0000000000            2.4750640392
3154.0000000000            2.4742226601
3155.0000000000            2.4733810425
3156.0000000000            2.4725394249
3157.0000000000            2.4716975689
3158.0000000000            2.4708557129
3159.0000000000            2.4700136185
3160.0000000000            2.4691712856
3161.0000000000            2.4683289528
3162.0000000000            2.4674863815
3163.0000000000            2.4666438103
3164.0000000000            2.4658010006
3165.0000000000            2.4649581909
3166.0000000000            2.4641149044
3167.0000000000            2.4632718563
3168.0000000000            2.4624285698
3169.0000000000            2.4615852833
3170.0000000000            2.4607417583
3171.0000000000            2.4598979950
3172.0000000000            2.4590542316
3173.0000000000            2.4582104683
3174.0000000000            2.4573664665
3175.0000000000            2.4565222263
3176.0000000000            2.4556777477
3177.0000000000            2.4548332691
3178.0000000000            2.4539887905
3179.0000000000            2.4531443119
3180.0000000000            2.4522993565
3181.0000000000            2.4514544010
3182.0000000000            2.4506094456
3183.0000000000            2.4497642517
3184.0000000000            2.4489188194
3185.0000000000            2.4480733871
3186.0000000000            2.4472279549
3187.0000000000            2.4463822842
3188.0000000000            2.4455366135
3189.0000000000            2.4446907043
3190.0000000000            2.4438445568
3191.0000000000            2.4429984093
3192.0000000000            2.4421520233
3193.0000000000            2.4413056374
3194.0000000000            2.4404592514
3195.0000000000            2.4396126270
3196.0000000000            2.4387657642
3197.0000000000            2.4379189014
3198.0000000000            2.4370720387
3199.0000000000            2.4362246990
3200.0000000000            2.4353775978
3201.0000000000            2.4345302582
3202.0000000000            2.4336829185
3203.0000000000            2.4328353405
3204.0000000000            2.4319875240
3205.0000000000            2.4311399460
3206.0000000000            2.4302918911
3207.0000000000            2.4294438362
3208.0000000000            2.4285957813
3209.0000000000            2.4277474880
3210.0000000000            2.4268991947
3211.0000000000            2.4260506630
3212.0000000000            2.4252021313
3213.0000000000            2.4243533611
3214.0000000000            2.4235045910
3215.0000000000            2.4226555824
3216.0000000000            2.4218065739
3217.0000000000            2.4209573269
3218.0000000000            2.4201083183
3219.0000000000            2.4192590714
3220.0000000000            2.4184093475
3221.0000000000            2.4175598621
3222.0000000000            2.4167101383
3223.0000000000            2.4158604145
3224.0000000000            2.4150104523
3225.0000000000            2.4141604900
3226.0000000000            2.4133102894
3227.0000000000            2.4124603271
3228.0000000000            2.4116098881
3229.0000000000            2.4107594490
3230.0000000000            2.4099087715
3231.0000000000            2.4090583324
3232.0000000000            2.4082076550
3233.0000000000            2.4073567390
3234.0000000000            2.4065058231
3235.0000000000            2.4056546688
3236.0000000000            2.4048035145
3237.0000000000            2.4039523602
3238.0000000000            2.4031009674
3239.0000000000            2.4022495747
3240.0000000000            2.4013979435
3241.0000000000            2.4005463123
3242.0000000000            2.3996946812
3243.0000000000            2.3988428116
3244.0000000000            2.3979909420
3245.0000000000            2.3971388340
3246.0000000000            2.3962867260
3247.0000000000            2.3954343796
3248.0000000000            2.3945820332
3249.0000000000            2.3937294483
3250.0000000000            2.3928771019
3251.0000000000            2.3920242786
3252.0000000000            2.3911716938
3253.0000000000            2.3903188705
3254.0000000000            2.3894660473
3255.0000000000            2.3886129856
3256.0000000000            2.3877599239
3257.0000000000            2.3869066238
3258.0000000000            2.3860533237
3259.0000000000            2.3852000237
3260.0000000000            2.3843464851
3261.0000000000            2.3834929466
3262.0000000000            2.3826394081
3263.0000000000            2.3817853928
3264.0000000000            2.3809316158
3265.0000000000            2.3800778389
3266.0000000000            2.3792238235
3267.0000000000            2.3783698082
3268.0000000000            2.3775155544
3269.0000000000            2.3766613007
3270.0000000000            2.3758068085
3271.0000000000            2.3749523163
3272.0000000000            2.3740978241
3273.0000000000            2.3732430935
3274.0000000000            2.3723883629
3275.0000000000            2.3715336323
3276.0000000000            2.3706786633
3277.0000000000            2.3698236942
3278.0000000000            2.3689687252
3279.0000000000            2.3681135178
3280.0000000000            2.3672583103
3281.0000000000            2.3664031029
3282.0000000000            2.3655474186
3283.0000000000            2.3646922112
3284.0000000000            2.3638365269
3285.0000000000            2.3629808426
3286.0000000000            2.3621251583
3287.0000000000            2.3612692356
3288.0000000000            2.3604133129
3289.0000000000            2.3595573902
3290.0000000000            2.3587014675
3291.0000000000            2.3578453064
3292.0000000000            2.3569891453
3293.0000000000            2.3561327457
3294.0000000000            2.3552763462
3295.0000000000            2.3544199467
3296.0000000000            2.3535633087
3297.0000000000            2.3527066708
3298.0000000000            2.3518500328
3299.0000000000            2.3509933949
3300.0000000000            2.3501365185
3301.0000000000            2.3492796421
3302.0000000000            2.3484225273
3303.0000000000            2.3475656509
3304.0000000000            2.3467082977
3305.0000000000            2.3458511829
3306.0000000000            2.3449940681
3307.0000000000            2.3441367149
3308.0000000000            2.3432791233
3309.0000000000            2.3424215317
3310.0000000000            2.3415641785
3311.0000000000            2.3407065868
3312.0000000000            2.3398487568
3313.0000000000            2.3389909267
3314.0000000000            2.3381330967
3315.0000000000            2.3372750282
3316.0000000000            2.3364171982
3317.0000000000            2.3355591297
3318.0000000000            2.3347008228
3319.0000000000            2.3338427544
3320.0000000000            2.3329844475
3321.0000000000            2.3321261406
3322.0000000000            2.3312678337
3323.0000000000            2.3304092884
3324.0000000000            2.3295507431
3325.0000000000            2.3286921978
3326.0000000000            2.3278334141
3327.0000000000            2.3269748688
3328.0000000000            2.3261158466
3329.0000000000            2.3252570629
3330.0000000000            2.3243980408
3331.0000000000            2.3235390186
3332.0000000000            2.3226799965
3333.0000000000            2.3218209743
3334.0000000000            2.3209617138
3335.0000000000            2.3201024532
3336.0000000000            2.3192431927
3337.0000000000            2.3183839321
3338.0000000000            2.3175246716
3339.0000000000            2.3166649342
3340.0000000000            2.3158054352
3341.0000000000            2.3149459362
3342.0000000000            2.3140861988
3343.0000000000            2.3132264614
3344.0000000000            2.3123667240
3345.0000000000            2.3115069866
3346.0000000000            2.3106470108
3347.0000000000            2.3097870350
3348.0000000000            2.3089270592
3349.0000000000            2.3080670834
3350.0000000000            2.3072068691
3351.0000000000            2.3063466549
3352.0000000000            2.3054864407
3353.0000000000            2.3046262264
3354.0000000000            2.3037660122
3355.0000000000            2.3029053211
3356.0000000000            2.3020451069
3357.0000000000            2.3011844158
3358.0000000000            2.3003239632
3359.0000000000            2.2994635105
3360.0000000000            2.2986025810
3361.0000000000            2.2977418900
3362.0000000000            2.2968811989
3363.0000000000            2.2960205078
3364.0000000000            2.2951595783
3365.0000000000            2.2942986488
3366.0000000000            2.2934377193
3367.0000000000            2.2925767899
3368.0000000000            2.2917158604
3369.0000000000            2.2908546925
3370.0000000000            2.2899935246
3371.0000000000            2.2891323566
3372.0000000000            2.2882709503
3373.0000000000            2.2874097824
3374.0000000000            2.2865483761
3375.0000000000            2.2856869698
3376.0000000000            2.2848255634
3377.0000000000            2.2839641571
3378.0000000000            2.2831025124
3379.0000000000            2.2822411060
3380.0000000000            2.2813794613
3381.0000000000            2.2805178165
3382.0000000000            2.2796561718
3383.0000000000            2.2787945271
3384.0000000000            2.2779326439
3385.0000000000            2.2770707607
3386.0000000000            2.2762088776
3387.0000000000            2.2753469944
3388.0000000000            2.2744851112
3389.0000000000            2.2736232281
3390.0000000000            2.2727611065
3391.0000000000            2.2718992233
3392.0000000000            2.2710368633
3393.0000000000            2.2701749802
3394.0000000000            2.2693126202
3395.0000000000            2.2684504986
3396.0000000000            2.2675883770
3397.0000000000            2.2667257786
3398.0000000000            2.2658636570
3399.0000000000            2.2650012970
3400.0000000000            2.2641389370
3401.0000000000            2.2632765770
3402.0000000000            2.2624139786
3403.0000000000            2.2615513802
3404.0000000000            2.2606890202
3405.0000000000            2.2598264217
3406.0000000000            2.2589638233
3407.0000000000            2.2581012249
3408.0000000000            2.2572386265
3409.0000000000            2.2563757896
3410.0000000000            2.2555131912
3411.0000000000            2.2546503544
3412.0000000000            2.2537877560
3413.0000000000            2.2529246807
3414.0000000000            2.2520618439
3415.0000000000            2.2511992455
3416.0000000000            2.2503361702
3417.0000000000            2.2494733334
3418.0000000000            2.2486102581
3419.0000000000            2.2477474213
3420.0000000000            2.2468841076
3421.0000000000            2.2460212708
3422.0000000000            2.2451581955
3423.0000000000            2.2442951202
3424.0000000000            2.2434320450
3425.0000000000            2.2425689697
3426.0000000000            2.2417056561
3427.0000000000            2.2408423424
3428.0000000000            2.2399792671
3429.0000000000            2.2391159534
3430.0000000000            2.2382528782
3431.0000000000            2.2373895645
3432.0000000000            2.2365262508
3433.0000000000            2.2356629372
3434.0000000000            2.2347996235
3435.0000000000            2.2339360714
3436.0000000000            2.2330727577
3437.0000000000            2.2322092056
3438.0000000000            2.2313458920
3439.0000000000            2.2304823399
3440.0000000000            2.2296187878
3441.0000000000            2.2287552357
3442.0000000000            2.2278916836
3443.0000000000            2.2270283699
3444.0000000000            2.2261648178
3445.0000000000            2.2253012657
3446.0000000000            2.2244374752
3447.0000000000            2.2235741615
3448.0000000000            2.2227103710
3449.0000000000            2.2218468189
3450.0000000000            2.2209830284
3451.0000000000            2.2201194763
3452.0000000000            2.2192556858
3453.0000000000            2.2183921337
3454.0000000000            2.2175283432
3455.0000000000            2.2166645527
3456.0000000000            2.2158010006
3457.0000000000            2.2149369717
3458.0000000000            2.2140734196
3459.0000000000            2.2132096291
3460.0000000000            2.2123458385
3461.0000000000            2.2114820480
3462.0000000000            2.2106182575
3463.0000000000            2.2097542286
3464.0000000000            2.2088906765
3465.0000000000            2.2080266476
3466.0000000000            2.2071628571
3467.0000000000            2.2062990665
3468.0000000000            2.2054352760
3469.0000000000            2.2045714855
3470.0000000000            2.2037074566
3471.0000000000            2.2028436661
3472.0000000000            2.2019796371
3473.0000000000            2.2011156082
3474.0000000000            2.2002518177
3475.0000000000            2.1993880272
3476.0000000000            2.1985239983
3477.0000000000            2.1976602077
3478.0000000000            2.1967961788
3479.0000000000            2.1959321499
3480.0000000000            2.1950683594
3481.0000000000            2.1942043304
3482.0000000000            2.1933405399
3483.0000000000            2.1924765110
3484.0000000000            2.1916124821
3485.0000000000            2.1907486916
3486.0000000000            2.1898846626
3487.0000000000            2.1890208721
3488.0000000000            2.1881568432
3489.0000000000            2.1872928143
3490.0000000000            2.1864290237
3491.0000000000            2.1855649948
3492.0000000000            2.1847009659
3493.0000000000            2.1838371754
3494.0000000000            2.1829731464
3495.0000000000            2.1821091175
3496.0000000000            2.1812453270
3497.0000000000            2.1803812981
3498.0000000000            2.1795175076
3499.0000000000            2.1786534786
3500.0000000000            2.1777894497
3501.0000000000            2.1769256592
3502.0000000000            2.1760618687
3503.0000000000            2.1751978397
3504.0000000000            2.1743340492
3505.0000000000            2.1734700203
3506.0000000000            2.1726062298
3507.0000000000            2.1717424393
3508.0000000000            2.1708784103
3509.0000000000            2.1700146198
3510.0000000000            2.1691505909
3511.0000000000            2.1682868004
3512.0000000000            2.1674230099
3513.0000000000            2.1665592194
3514.0000000000            2.1656954288
3515.0000000000            2.1648316383
3516.0000000000            2.1639678478
3517.0000000000            2.1631040573
3518.0000000000            2.1622402668
3519.0000000000            2.1613764763
3520.0000000000            2.1605126858
3521.0000000000            2.1596491337
3522.0000000000            2.1587853432
3523.0000000000            2.1579217911
3524.0000000000            2.1570580006
3525.0000000000            2.1561942101
3526.0000000000            2.1553306580
3527.0000000000            2.1544668674
3528.0000000000            2.1536033154
3529.0000000000            2.1527397633
3530.0000000000            2.1518759727
3531.0000000000            2.1510124207
3532.0000000000            2.1501488686
3533.0000000000            2.1492853165
3534.0000000000            2.1484217644
3535.0000000000            2.1475582123
3536.0000000000            2.1466946602
3537.0000000000            2.1458313465
3538.0000000000            2.1449677944
3539.0000000000            2.1441044807
3540.0000000000            2.1432411671
3541.0000000000            2.1423776150
3542.0000000000            2.1415143013
3543.0000000000            2.1406509876
3544.0000000000            2.1397876740
3545.0000000000            2.1389243603
3546.0000000000            2.1380610466
3547.0000000000            2.1371974945
3548.0000000000            2.1363344193
3549.0000000000            2.1354711056
3550.0000000000            2.1346080303
3551.0000000000            2.1337449551
3552.0000000000            2.1328816414
3553.0000000000            2.1320185661
3554.0000000000            2.1311554909
3555.0000000000            2.1302921772
3556.0000000000            2.1294293404
3557.0000000000            2.1285662651
3558.0000000000            2.1277031898
3559.0000000000            2.1268403530
3560.0000000000            2.1259772778
3561.0000000000            2.1251144409
3562.0000000000            2.1242516041
3563.0000000000            2.1233887672
3564.0000000000            2.1225259304
3565.0000000000            2.1216630936
3566.0000000000            2.1208002567
3567.0000000000            2.1199376583
3568.0000000000            2.1190748215
3569.0000000000            2.1182122231
3570.0000000000            2.1173496246
3571.0000000000            2.1164867878
3572.0000000000            2.1156241894
3573.0000000000            2.1147618294
3574.0000000000            2.1138992310
3575.0000000000            2.1130368710
3576.0000000000            2.1121742725
3577.0000000000            2.1113119125
3578.0000000000            2.1104495525
3579.0000000000            2.1095874310
3580.0000000000            2.1087248325
3581.0000000000            2.1078624725
3582.0000000000            2.1070003510
3583.0000000000            2.1061379910
3584.0000000000            2.1052756310
3585.0000000000            2.1044132710
3586.0000000000            2.1035509109
3587.0000000000            2.1026883125
3588.0000000000            2.1018254757
3589.0000000000            2.1009621620
3590.0000000000            2.1000983715
3591.0000000000            2.0992338657
3592.0000000000            2.0983681679
3593.0000000000            2.0975008011
3594.0000000000            2.0966310501
3595.0000000000            2.0957581997
3596.0000000000            2.0948805809
3597.0000000000            2.0939970016
3598.0000000000            2.0931046009
3599.0000000000            2.0922007561
3600.0000000000            2.0912816525
3601.0000000000            2.0903418064
3602.0000000000            2.0893743038
3603.0000000000            2.0883710384
3604.0000000000            2.0873205662
3605.0000000000            2.0862095356
3606.0000000000            2.0850205421
3607.0000000000            2.0837323666
3608.0000000000            2.0823183060
3609.0000000000            2.0807464123
3610.0000000000            2.0789780617
3611.0000000000            2.0769670010
3612.0000000000            2.0746579170
3613.0000000000            2.0719864368
3614.0000000000            2.0688769817
3615.0000000000            2.0652427673
3616.0000000000            2.0609843731
3617.0000000000            2.0559902191
3618.0000000000            2.0501346588
3619.0000000000            2.0432789326
3620.0000000000            2.0352721214
3621.0000000000            2.0259504318
3622.0000000000            2.0151395798
3623.0000000000            2.0026564598
3624.0000000000            1.9883111715
3625.0000000000            1.9719108343
3626.0000000000            1.9532617331
3627.0000000000            1.9321755171
3628.0000000000            1.9084718227
3629.0000000000            1.8819841146
3630.0000000000            1.8525648117
3631.0000000000            1.8200905323
3632.0000000000            1.7844671011
3633.0000000000            1.7456343174
3634.0000000000            1.7035709620
3635.0000000000            1.6582977772
3636.0000000000            1.6098811626
3637.0000000000            1.5584348440
3638.0000000000            1.5041199923
3639.0000000000            1.4471458197
3640.0000000000            1.3877668381
3641.0000000000            1.3262805939
3642.0000000000            1.2630227804
3643.0000000000            1.1983619928
3644.0000000000            1.1326934099
3645.0000000000            1.0664310455
3646.0000000000            1.0000000000
3647.0000000000            0.9338285923
3648.0000000000            0.8683395982
3649.0000000000            0.8039423227
3650.0000000000            0.7410249114
3651.0000000000            0.6799473166
3652.0000000000            0.6210353971
3653.0000000000            0.5645756125
3654.0000000000            0.5108113289
3655.0000000000            0.4599404931
3656.0000000000            0.4121138155
3657.0000000000            0.3674350083
3658.0000000000            0.3259619474
3659.0000000000            0.2877086997
3660.0000000000            0.2526486516
3661.0000000000            0.2207184434
3662.0000000000            0.1918221414
3663.0000000000            0.1658363193
3664.0000000000            0.1426148862
3665.0000000000            0.1219941005
3666.0000000000            0.1037976071
3667.0000000000            0.0878409594
3668.0000000000            0.0739359334
3669.0000000000            0.0618944019
3670.0000000000            0.0515316352
3671.0000000000            0.0426690839
3672.0000000000            0.0351366587
3673.0000000000            0.0287744477
3674.0000000000            0.0234339330
3675.0000000000            0.0189787634
3676.0000000000            0.0152851148
3677.0000000000            0.0122416941
3678.0000000000            0.0097494703
3679.0000000000            0.0077211526
3680.0000000000            0.0060805152
3681.0000000000            0.0047615869
3682.0000000000            0.0037077675
3683.0000000000            0.0028709087
3684.0000000000            0.0022103931
3685.0000000000            0.0016922333
3686.0000000000            0.0012882178
3687.0000000000            0.0009751126
3688.0000000000            0.0007339306
3689.0000000000            0.0005492734
3690.0000000000            0.0004087467
3691.0000000000            0.0003024483
3692.0000000000            0.0002225249
3693.0000000000            0.0001627932
3694.0000000000            0.0001184196
3695.0000000000            0.0000856526
3696.0000000000            0.0000616010
3697.0000000000            0.0000440519
