1897.0000000000            2.8911304474
1898.0000000000            2.8908853531
1899.0000000000            2.8906400204
1900.0000000000            2.8903939724
1901.0000000000            2.8901479244
1902.0000000000            2.8899013996
1903.0000000000            2.8896548748
1904.0000000000            2.8894076347
1905.0000000000            2.8891603947
1906.0000000000            2.8889126778
1907.0000000000            2.8886647224
1908.0000000000            2.8884162903
1909.0000000000            2.8881678581
1910.0000000000            2.8879189491
1911.0000000000            2.8876698017
1912.0000000000            2.8874204159
1913.0000000000            2.8871705532
1914.0000000000            2.8869202137
1915.0000000000            2.8866698742
1916.0000000000            2.8864190578
1917.0000000000            2.8861680031
1918.0000000000            2.8859164715
1919.0000000000            2.8856649399
1920.0000000000            2.8854129314
1921.0000000000            2.8851606846
1922.0000000000            2.8849079609
1923.0000000000            2.8846552372
1924.0000000000            2.8844017982
1925.0000000000            2.8841483593
1926.0000000000            2.8838944435
1927.0000000000            2.8836405277
1928.0000000000            2.8833858967
1929.0000000000            2.8831310272
1930.0000000000            2.8828759193
1931.0000000000            2.8826208115
1932.0000000000            2.8823649883
1933.0000000000            2.8821089268
1934.0000000000            2.8818526268
1935.0000000000            2.8815958500
1936.0000000000            2.8813390732
1937.0000000000            2.8810818195
1938.0000000000            2.8808243275
1939.0000000000            2.8805663586
1940.0000000000            2.8803081512
1941.0000000000            2.8800494671
1942.0000000000            2.8797907829
1943.0000000000            2.8795318604
1944.0000000000            2.8792724609
1945.0000000000            2.8790125847
1946.0000000000            2.8787527084
1947.0000000000            2.8784923553
1948.0000000000            2.8782315254
1949.0000000000            2.8779706955
1950.0000000000            2.8777093887
1951.0000000000            2.8774476051
1952.0000000000            2.8771860600
1953.0000000000            2.8769235611
1954.0000000000            2.8766613007
1955.0000000000            2.8763983250
1956.0000000000            2.8761353493
1957.0000000000            2.8758716583
1958.0000000000            2.8756079674
1959.0000000000            2.8753440380
1960.0000000000            2.8750798702
1961.0000000000            2.8748149872
1962.0000000000            2.8745498657
1963.0000000000            2.8742845058
1964.0000000000            2.8740191460
1965.0000000000            2.8737533092
1966.0000000000            2.8734869957
1967.0000000000            2.8732204437
1968.0000000000            2.8729536533
1969.0000000000            2.8726866245
1970.0000000000            2.8724191189
1971.0000000000            2.8721513748
1972.0000000000            2.8718831539
1973.0000000000            2.8716149330
1974.0000000000            2.8713462353
1975.0000000000            2.8710772991
1976.0000000000            2.8708078861
1977.0000000000            2.8705384731
1978.0000000000            2.8702685833
1979.0000000000            2.8699982166
1980.0000000000            2.8697278500
1981.0000000000            2.8694570065
1982.0000000000            2.8691856861
1983.0000000000            2.8689143658
1984.0000000000            2.8686425686
1985.0000000000            2.8683705330
1986.0000000000            2.8680980206
1987.0000000000            2.8678255081
1988.0000000000            2.8675525188
1989.0000000000            2.8672792912
1990.0000000000            2.8670055866
1991.0000000000            2.8667316437
1992.0000000000            2.8664574623
1993.0000000000            2.8661828041
1994.0000000000            2.8659079075
1995.0000000000            2.8656327724
1996.0000000000            2.8653573990
1997.0000000000            2.8650815487
1998.0000000000            2.8648054600
1999.0000000000            2.8645293713
2000.0000000000            2.8642525673
2001.0000000000            2.8639755249
2002.0000000000            2.8636982441
2003.0000000000            2.8634207249
2004.0000000000            2.8631427288
2005.0000000000            2.8628644943
2006.0000000000            2.8625860214
2007.0000000000            2.8623070717
2008.0000000000            2.8620281219
2009.0000000000            2.8617486954
2010.0000000000            2.8614687920
2011.0000000000            2.8611886501
2012.0000000000            2.8609082699
2013.0000000000            2.8606276512
2014.0000000000            2.8603465557
2015.0000000000            2.8600654602
2016.0000000000            2.8597838879
2017.0000000000            2.8595018387
2018.0000000000            2.8592195511
2019.0000000000            2.8589372635
2020.0000000000            2.8586542606
2021.0000000000            2.8583712578
2022.0000000000            2.8580877781
2023.0000000000            2.8578040600
2024.0000000000            2.8575201035
2025.0000000000            2.8572354317
2026.0000000000            2.8569509983
2027.0000000000            2.8566660881
2028.0000000000            2.8563807011
2029.0000000000            2.8560950756
2030.0000000000            2.8558092117
2031.0000000000            2.8555231094
2032.0000000000            2.8552365303
2033.0000000000            2.8549497128
2034.0000000000            2.8546626568
2035.0000000000            2.8543751240
2036.0000000000            2.8540873528
2037.0000000000            2.8537993431
2038.0000000000            2.8535108566
2039.0000000000            2.8532223701
2040.0000000000            2.8529334068
2041.0000000000            2.8526439667
2042.0000000000            2.8523545265
2043.0000000000            2.8520646095
2044.0000000000            2.8517744541
2045.0000000000            2.8514840603
2046.0000000000            2.8511931896
2047.0000000000            2.8509020805
2048.0000000000            2.8506107330
2049.0000000000            2.8503189087
2050.0000000000            2.8500268459
2051.0000000000            2.8497347832
2052.0000000000            2.8494420052
2053.0000000000            2.8491489887
2054.0000000000            2.8488557339
2055.0000000000            2.8485620022
2056.0000000000            2.8482682705
2057.0000000000            2.8479743004
2058.0000000000            2.8476796150
2059.0000000000            2.8473849297
2060.0000000000            2.8470897675
2061.0000000000            2.8467943668
2062.0000000000            2.8464987278
2063.0000000000            2.8462026119
2064.0000000000            2.8459064960
2065.0000000000            2.8456096649
2066.0000000000            2.8453128338
2067.0000000000            2.8450155258
2068.0000000000            2.8447182178
2069.0000000000            2.8444201946
2070.0000000000            2.8441221714
2071.0000000000            2.8438236713
2072.0000000000            2.8435249329
2073.0000000000            2.8432257175
2074.0000000000            2.8429265022
2075.0000000000            2.8426268101
2076.0000000000            2.8423268795
2077.0000000000            2.8420264721
2078.0000000000            2.8417258263
2079.0000000000            2.8414249420
2080.0000000000            2.8411238194
2081.0000000000            2.8408222198
2082.0000000000            2.8405206203
2083.0000000000            2.8402185440
2084.0000000000            2.8399159908
2085.0000000000            2.8396131992
2086.0000000000            2.8393104076
2087.0000000000            2.8390069008
2088.0000000000            2.8387033939
2089.0000000000            2.8383991718
2090.0000000000            2.8380951881
2091.0000000000            2.8377907276
2092.0000000000            2.8374855518
2093.0000000000            2.8371803761
2094.0000000000            2.8368749619
2095.0000000000            2.8365693092
2096.0000000000            2.8362631798
2097.0000000000            2.8359568119
2098.0000000000            2.8356499672
2099.0000000000            2.8353431225
2100.0000000000            2.8350360394
2101.0000000000            2.8347282410
2102.0000000000            2.8344202042
2103.0000000000            2.8341121674
2104.0000000000            2.8338036537
2105.0000000000            2.8334949017
2106.0000000000            2.8331856728
2107.0000000000            2.8328762054
2108.0000000000            2.8325667381
2109.0000000000            2.8322563171
2110.0000000000            2.8319461346
2111.0000000000            2.8316354752
2112.0000000000            2.8313245773
2113.0000000000            2.8310134411
2114.0000000000            2.8307018280
2115.0000000000            2.8303899765
2116.0000000000            2.8300776482
2117.0000000000            2.8297653198
2118.0000000000            2.8294525146
2119.0000000000            2.8291394711
2120.0000000000            2.8288261890
2121.0000000000            2.8285124302
2122.0000000000            2.8281984329
2123.0000000000            2.8278839588
2124.0000000000            2.8275694847
2125.0000000000            2.8272547722
2126.0000000000            2.8269395828
2127.0000000000            2.8266239166
2128.0000000000            2.8263080120
2129.0000000000            2.8259918690
2130.0000000000            2.8256754875
2131.0000000000            2.8253588676
2132.0000000000            2.8250420094
2133.0000000000            2.8247246742
2134.0000000000            2.8244068623
2135.0000000000            2.8240888119
2136.0000000000            2.8237707615
2137.0000000000            2.8234522343
2138.0000000000            2.8231334686
2139.0000000000            2.8228142262
2140.0000000000            2.8224947453
2141.0000000000            2.8221750259
2142.0000000000            2.8218548298
2143.0000000000            2.8215346336
2144.0000000000            2.8212139606
2145.0000000000            2.8208930492
2146.0000000000            2.8205718994
2147.0000000000            2.8202502728
2148.0000000000            2.8199284077
2149.0000000000            2.8196060658
2150.0000000000            2.8192837238
2151.0000000000            2.8189609051
2152.0000000000            2.8186378479
2153.0000000000            2.8183143139
2154.0000000000            2.8179907799
2155.0000000000            2.8176667690
2156.0000000000            2.8173425198
2157.0000000000            2.8170177937
2158.0000000000            2.8166930676
2159.0000000000            2.8163678646
2160.0000000000            2.8160424232
2161.0000000000            2.8157165051
2162.0000000000            2.8153903484
2163.0000000000            2.8150639534
2164.0000000000            2.8147373199
2165.0000000000            2.8144102097
2166.0000000000            2.8140830994
2167.0000000000            2.8137555122
2168.0000000000            2.8134274483
2169.0000000000            2.8130991459
2170.0000000000            2.8127708435
2171.0000000000            2.8124418259
2172.0000000000            2.8121128082
2173.0000000000            2.8117833138
2174.0000000000            2.8114535809
2175.0000000000            2.8111238480
2176.0000000000            2.8107931614
2177.0000000000            2.8104627132
2178.0000000000            2.8101317883
2179.0000000000            2.8098006248
2180.0000000000            2.8094689846
2181.0000000000            2.8091371059
2182.0000000000            2.8088049889
2183.0000000000            2.8084726334
2184.0000000000            2.8081398010
2185.0000000000            2.8078069687
2186.0000000000            2.8074734211
2187.0000000000            2.8071398735
2188.0000000000            2.8068058491
2189.0000000000            2.8064715862
2190.0000000000            2.8061370850
2191.0000000000            2.8058023453
2192.0000000000            2.8054671288
2193.0000000000            2.8051316738
2194.0000000000            2.8047959805
2195.0000000000            2.8044600487
2196.0000000000            2.8041236401
2197.0000000000            2.8037869930
2198.0000000000            2.8034501076
2199.0000000000            2.8031127453
2200.0000000000            2.8027751446
2201.0000000000            2.8024373055
2202.0000000000            2.8020994663
2203.0000000000            2.8017609119
2204.0000000000            2.8014218807
2205.0000000000            2.8010830879
2206.0000000000            2.8007435799
2207.0000000000            2.8004040718
2208.0000000000            2.8000638485
2209.0000000000            2.7997238636
2210.0000000000            2.7993834019
2211.0000000000            2.7990424633
2212.0000000000            2.7987012863
2213.0000000000            2.7983598709
2214.0000000000            2.7980179787
2215.0000000000            2.7976760864
2216.0000000000            2.7973337173
2217.0000000000            2.7969911098
2218.0000000000            2.7966480255
2219.0000000000            2.7963047028
2220.0000000000            2.7959613800
2221.0000000000            2.7956175804
2222.0000000000            2.7952733040
2223.0000000000            2.7949287891
2224.0000000000            2.7945842743
2225.0000000000            2.7942390442
2226.0000000000            2.7938938141
2227.0000000000            2.7935483456
2228.0000000000            2.7932021618
2229.0000000000            2.7928559780
2230.0000000000            2.7925093174
2231.0000000000            2.7921626568
2232.0000000000            2.7918155193
2233.0000000000            2.7914679050
2234.0000000000            2.7911202908
2235.0000000000            2.7907724380
2236.0000000000            2.7904241085
2237.0000000000            2.7900753021
2238.0000000000            2.7897264957
2239.0000000000            2.7893772125
2240.0000000000            2.7890276909
2241.0000000000            2.7886779308
2242.0000000000            2.7883279324
2243.0000000000            2.7879774570
2244.0000000000            2.7876265049
2245.0000000000            2.7872755527
2246.0000000000            2.7869243622
2247.0000000000            2.7865726948
2248.0000000000            2.7862207890
2249.0000000000            2.7858686447
2250.0000000000            2.7855160236
2251.0000000000            2.7851634026
2252.0000000000            2.7848100662
2253.0000000000            2.7844569683
2254.0000000000            2.7841031551
2255.0000000000            2.7837491035
2256.0000000000            2.7833950520
2257.0000000000            2.7830402851
2258.0000000000            2.7826855183
2259.0000000000            2.7823300362
2260.0000000000            2.7819747925
2261.0000000000            2.7816190720
2262.0000000000            2.7812631130
2263.0000000000            2.7809066772
2264.0000000000            2.7805497646
2265.0000000000            2.7801928520
2266.0000000000            2.7798357010
2267.0000000000            2.7794780731
2268.0000000000            2.7791204453
2269.0000000000            2.7787621021
2270.0000000000            2.7784037590
2271.0000000000            2.7780449390
2272.0000000000            2.7776861191
2273.0000000000            2.7773265839
2274.0000000000            2.7769670486
2275.0000000000            2.7766070366
2276.0000000000            2.7762470245
2277.0000000000            2.7758865356
2278.0000000000            2.7755255699
2279.0000000000            2.7751643658
2280.0000000000            2.7748031616
2281.0000000000            2.7744414806
2282.0000000000            2.7740793228
2283.0000000000            2.7737171650
2284.0000000000            2.7733545303
2285.0000000000            2.7729916573
2286.0000000000            2.7726283073
2287.0000000000            2.7722647190
2288.0000000000            2.7719011307
2289.0000000000            2.7715370655
2290.0000000000            2.7711725235
2291.0000000000            2.7708079815
2292.0000000000            2.7704429626
2293.0000000000            2.7700779438
2294.0000000000            2.7697124481
2295.0000000000            2.7693464756
2296.0000000000            2.7689802647
2297.0000000000            2.7686138153
2298.0000000000            2.7682471275
2299.0000000000            2.7678802013
2300.0000000000            2.7675127983
2301.0000000000            2.7671453953
2302.0000000000            2.7667772770
2303.0000000000            2.7664091587
2304.0000000000            2.7660405636
2305.0000000000            2.7656719685
2306.0000000000            2.7653028965
2307.0000000000            2.7649333477
2308.0000000000            2.7645637989
2309.0000000000            2.7641937733
2310.0000000000            2.7638235092
2311.0000000000            2.7634530067
2312.0000000000            2.7630820274
2313.0000000000            2.7627110481
2314.0000000000            2.7623395920
2315.0000000000            2.7619678974
2316.0000000000            2.7615959644
2317.0000000000            2.7612235546
2318.0000000000            2.7608509064
2319.0000000000            2.7604780197
2320.0000000000            2.7601048946
2321.0000000000            2.7597312927
2322.0000000000            2.7593574524
2323.0000000000            2.7589836121
2324.0000000000            2.7586090565
2325.0000000000            2.7582342625
2326.0000000000            2.7578594685
2327.0000000000            2.7574841976
2328.0000000000            2.7571086884
2329.0000000000            2.7567329407
2330.0000000000            2.7563567162
2331.0000000000            2.7559802532
2332.0000000000            2.7556035519
2333.0000000000            2.7552266121
2334.0000000000            2.7548491955
2335.0000000000            2.7544717789
2336.0000000000            2.7540938854
2337.0000000000            2.7537155151
2338.0000000000            2.7533371449
2339.0000000000            2.7529585361
2340.0000000000            2.7525794506
2341.0000000000            2.7521998882
2342.0000000000            2.7518205643
2343.0000000000            2.7514405251
2344.0000000000            2.7510602474
2345.0000000000            2.7506797314
2346.0000000000            2.7502989769
2347.0000000000            2.7499179840
2348.0000000000            2.7495362759
2349.0000000000            2.7491548061
2350.0000000000            2.7487728596
2351.0000000000            2.7483906746
2352.0000000000            2.7480080128
2353.0000000000            2.7476251125
2354.0000000000            2.7472419739
2355.0000000000            2.7468585968
2356.0000000000            2.7464747429
2357.0000000000            2.7460908890
2358.0000000000            2.7457065582
2359.0000000000            2.7453219891
2360.0000000000            2.7449371815
2361.0000000000            2.7445518970
2362.0000000000            2.7441666126
2363.0000000000            2.7437808514
2364.0000000000            2.7433946133
2365.0000000000            2.7430083752
2366.0000000000            2.7426218987
2367.0000000000            2.7422349453
2368.0000000000            2.7418475151
2369.0000000000            2.7414600849
2370.0000000000            2.7410721779
2371.0000000000            2.7406842709
2372.0000000000            2.7402961254
2373.0000000000            2.7399072647
2374.0000000000            2.7395184040
2375.0000000000            2.7391290665
2376.0000000000            2.7387397289
2377.0000000000            2.7383496761
2378.0000000000            2.7379598618
2379.0000000000            2.7375693321
2380.0000000000            2.7371788025
2381.0000000000            2.7367875576
2382.0000000000            2.7363963127
2383.0000000000            2.7360048294
2384.0000000000            2.7356128693
2385.0000000000            2.7352206707
2386.0000000000            2.7348284721
2387.0000000000            2.7344357967
2388.0000000000            2.7340426445
2389.0000000000            2.7336494923
2390.0000000000            2.7332558632
2391.0000000000            2.7328619957
2392.0000000000            2.7324678898
2393.0000000000            2.7320733070
2394.0000000000            2.7316787243
2395.0000000000            2.7312836647
2396.0000000000            2.7308886051
2397.0000000000            2.7304928303
2398.0000000000            2.7300970554
2399.0000000000            2.7297008038
2400.0000000000            2.7293043137
2401.0000000000            2.7289075851
2402.0000000000            2.7285106182
2403.0000000000            2.7281134129
2404.0000000000            2.7277154922
2405.0000000000            2.7273178101
2406.0000000000            2.7269196510
2407.0000000000            2.7265212536
2408.0000000000            2.7261223793
2409.0000000000            2.7257235050
2410.0000000000            2.7253239155
2411.0000000000            2.7249245644
2412.0000000000            2.7245244980
2413.0000000000            2.7241241932
2414.0000000000            2.7237238884
2415.0000000000            2.7233231068
2416.0000000000            2.7229220867
2417.0000000000            2.7225208282
2418.0000000000            2.7221190929
2419.0000000000            2.7217171192
2420.0000000000            2.7213151455
2421.0000000000            2.7209126949
2422.0000000000            2.7205097675
2423.0000000000            2.7201068401
2424.0000000000            2.7197034359
2425.0000000000            2.7192997932
2426.0000000000            2.7188959122
2427.0000000000            2.7184915543
2428.0000000000            2.7180874348
2429.0000000000            2.7176826000
2430.0000000000            2.7172772884
2431.0000000000            2.7168722153
2432.0000000000            2.7164664268
2433.0000000000            2.7160606384
2434.0000000000            2.7156546116
2435.0000000000            2.7152478695
2436.0000000000            2.7148411274
2437.0000000000            2.7144341469
2438.0000000000            2.7140269279
2439.0000000000            2.7136192322
2440.0000000000            2.7132112980
2441.0000000000            2.7128031254
2442.0000000000            2.7123947144
2443.0000000000            2.7119860649
2444.0000000000            2.7115769386
2445.0000000000            2.7111675739
2446.0000000000            2.7107579708
2447.0000000000            2.7103481293
2448.0000000000            2.7099378109
2449.0000000000            2.7095274925
2450.0000000000            2.7091166973
2451.0000000000            2.7087059021
2452.0000000000            2.7082943916
2453.0000000000            2.7078828812
2454.0000000000            2.7074711323
2455.0000000000            2.7070586681
2456.0000000000            2.7066464424
2457.0000000000            2.7062337399
2458.0000000000            2.7058205605
2459.0000000000            2.7054073811
2460.0000000000            2.7049937248
2461.0000000000            2.7045798302
2462.0000000000            2.7041656971
2463.0000000000            2.7037515640
2464.0000000000            2.7033367157
2465.0000000000            2.7029216290
2466.0000000000            2.7025065422
2467.0000000000            2.7020909786
2468.0000000000            2.7016751766
2469.0000000000            2.7012591362
2470.0000000000            2.7008428574
2471.0000000000            2.7004261017
2472.0000000000            2.7000091076
2473.0000000000            2.6995918751
2474.0000000000            2.6991744041
2475.0000000000            2.6987566948
2476.0000000000            2.6983385086
2477.0000000000            2.6979200840
2478.0000000000            2.6975016594
2479.0000000000            2.6970825195
2480.0000000000            2.6966633797
2481.0000000000            2.6962437630
2482.0000000000            2.6958241463
2483.0000000000            2.6954040527
2484.0000000000            2.6949837208
2485.0000000000            2.6945631504
2486.0000000000            2.6941421032
2487.0000000000            2.6937210560
2488.0000000000            2.6932995319
2489.0000000000            2.6928780079
2490.0000000000            2.6924560070
2491.0000000000            2.6920335293
2492.0000000000            2.6916110516
2493.0000000000            2.6911880970
2494.0000000000            2.6907651424
2495.0000000000            2.6903417110
2496.0000000000            2.6899180412
2497.0000000000            2.6894938946
2498.0000000000            2.6890697479
2499.0000000000            2.6886453629
2500.0000000000            2.6882205009
2501.0000000000            2.6877954006
2502.0000000000            2.6873700619
2503.0000000000            2.6869444847
2504.0000000000            2.6865184307
2505.0000000000            2.6860923767
2506.0000000000            2.6856658459
2507.0000000000            2.6852390766
2508.0000000000            2.6848120689
2509.0000000000            2.6843848228
2510.0000000000            2.6839573383
2511.0000000000            2.6835291386
2512.0000000000            2.6831011772
2513.0000000000            2.6826727390
2514.0000000000            2.6822440624
2515.0000000000            2.6818149090
2516.0000000000            2.6813859940
2517.0000000000            2.6809563637
2518.0000000000            2.6805264950
2519.0000000000            2.6800963879
2520.0000000000            2.6796662807
2521.0000000000            2.6792354584
2522.0000000000            2.6788046360
2523.0000000000            2.6783733368
2524.0000000000            2.6779420376
2525.0000000000            2.6775100231
2526.0000000000            2.6770780087
2527.0000000000            2.6766459942
2528.0000000000            2.6762130260
2529.0000000000            2.6757802963
2530.0000000000            2.6753473282
2531.0000000000            2.6749138832
2532.0000000000            2.6744801998
2533.0000000000            2.6740462780
2534.0000000000            2.6736118793
2535.0000000000            2.6731774807
2536.0000000000            2.6727428436
2537.0000000000            2.6723077297
2538.0000000000            2.6718721390
2539.0000000000            2.6714367867
2540.0000000000            2.6710007191
2541.0000000000            2.6705646515
2542.0000000000            2.6701281071
2543.0000000000            2.6696915627
2544.0000000000            2.6692545414
2545.0000000000            2.6688172817
2546.0000000000            2.6683797836
2547.0000000000            2.6679420471
2548.0000000000            2.6675040722
2549.0000000000            2.6670653820
2550.0000000000            2.6666269302
2551.0000000000            2.6661880016
2552.0000000000            2.6657488346
2553.0000000000            2.6653094292
2554.0000000000            2.6648697853
2555.0000000000            2.6644296646
2556.0000000000            2.6639893055
2557.0000000000            2.6635489464
2558.0000000000            2.6631081104
2559.0000000000            2.6626670361
2560.0000000000            2.6622254848
2561.0000000000            2.6617839336
2562.0000000000            2.6613419056
2563.0000000000            2.6608998775
2564.0000000000            2.6604576111
2565.0000000000            2.6600148678
2566.0000000000            2.6595716476
2567.0000000000            2.6591284275
2568.0000000000            2.6586849689
2569.0000000000            2.6582410336
2570.0000000000            2.6577968597
2571.0000000000            2.6573526859
2572.0000000000            2.6569077969
2573.0000000000            2.6564631462
2574.0000000000            2.6560180187
2575.0000000000            2.6555724144
2576.0000000000            2.6551268101
2577.0000000000            2.6546807289
2578.0000000000            2.6542344093
2579.0000000000            2.6537880898
2580.0000000000            2.6533412933
2581.0000000000            2.6528940201
2582.0000000000            2.6524467468
2583.0000000000            2.6519992352
2584.0000000000            2.6515512466
2585.0000000000            2.6511030197
2586.0000000000            2.6506547928
2587.0000000000            2.6502060890
2588.0000000000            2.6497571468
2589.0000000000            2.6493077278
2590.0000000000            2.6488583088
2591.0000000000            2.6484084129
2592.0000000000            2.6479585171
2593.0000000000            2.6475081444
2594.0000000000            2.6470575333
2595.0000000000            2.6466069221
2596.0000000000            2.6461555958
2597.0000000000            2.6457042694
2598.0000000000            2.6452527046
2599.0000000000            2.6448009014
2600.0000000000            2.6443483829
2601.0000000000            2.6438961029
2602.0000000000            2.6434433460
2603.0000000000            2.6429901123
2604.0000000000            2.6425368786
2605.0000000000            2.6420834064
2606.0000000000            2.6416296959
2607.0000000000            2.6411755085
2608.0000000000            2.6407213211
2609.0000000000            2.6402666569
2610.0000000000            2.6398117542
2611.0000000000            2.6393568516
2612.0000000000            2.6389012337
2613.0000000000            2.6384456158
2614.0000000000            2.6379897594
2615.0000000000            2.6375334263
2616.0000000000            2.6370770931
2617.0000000000            2.6366202831
2618.0000000000            2.6361632347
2619.0000000000            2.6357059479
2620.0000000000            2.6352484226
2621.0000000000            2.6347906590
2622.0000000000            2.6343324184
2623.0000000000            2.6338741779
2624.0000000000            2.6334154606
2625.0000000000            2.6329567432
2626.0000000000            2.6324975491
2627.0000000000            2.6320381165
2628.0000000000            2.6315784454
2629.0000000000            2.6311185360
2630.0000000000            2.6306583881
2631.0000000000            2.6301980019
2632.0000000000            2.6297371387
2633.0000000000            2.6292762756
2634.0000000000            2.6288149357
2635.0000000000            2.6283533573
2636.0000000000            2.6278917789
2637.0000000000            2.6274297237
2638.0000000000            2.6269671917
2639.0000000000            2.6265046597
2640.0000000000            2.6260418892
2641.0000000000            2.6255786419
2642.0000000000            2.6251153946
2643.0000000000            2.6246516705
2644.0000000000            2.6241879463
2645.0000000000            2.6237237453
2646.0000000000            2.6232593060
2647.0000000000            2.6227946281
2648.0000000000            2.6223294735
2649.0000000000            2.6218643188
2650.0000000000            2.6213989258
2651.0000000000            2.6209332943
2652.0000000000            2.6204671860
2653.0000000000            2.6200010777
2654.0000000000            2.6195344925
2655.0000000000            2.6190676689
2656.0000000000            2.6186006069
2657.0000000000            2.6181333065
2658.0000000000            2.6176655293
2659.0000000000            2.6171977520
2660.0000000000            2.6167297363
2661.0000000000            2.6162614822
2662.0000000000            2.6157927513
2663.0000000000            2.6153237820
2664.0000000000            2.6148545742
2665.0000000000            2.6143853664
2666.0000000000            2.6139156818
2667.0000000000            2.6134457588
2668.0000000000            2.6129755974
2669.0000000000            2.6125051975
2670.0000000000            2.6120343208
2671.0000000000            2.6115634441
2672.0000000000            2.6110923290
2673.0000000000            2.6106207371
2674.0000000000            2.6101491451
2675.0000000000            2.6096768379
2676.0000000000            2.6092047691
2677.0000000000            2.6087322235
2678.0000000000            2.6082594395
2679.0000000000            2.6077864170
2680.0000000000            2.6073131561
2681.0000000000            2.6068394184
2682.0000000000            2.6063656807
2683.0000000000            2.6058917046
2684.0000000000            2.6054172516
2685.0000000000            2.6049425602
2686.0000000000            2.6044678688
2687.0000000000            2.6039927006
2688.0000000000            2.6035175323
2689.0000000000            2.6030418873
2690.0000000000            2.6025657654
2691.0000000000            2.6020896435
2692.0000000000            2.6016132832
2693.0000000000            2.6011366844
2694.0000000000            2.6006598473
2695.0000000000            2.6001825333
2696.0000000000            2.5997052193
2697.0000000000            2.5992274284
2698.0000000000            2.5987493992
2699.0000000000            2.5982713699
2700.0000000000            2.5977928638
2701.0000000000            2.5973141193
2702.0000000000            2.5968351364
2703.0000000000            2.5963559151
2704.0000000000            2.5958764553
2705.0000000000            2.5953967571
2706.0000000000            2.5949165821
2707.0000000000            2.5944364071
2708.0000000000            2.5939559937
2709.0000000000            2.5934753418
2710.0000000000            2.5929942131
2711.0000000000            2.5925130844
2712.0000000000            2.5920314789
2713.0000000000            2.5915496349
2714.0000000000            2.5910677910
2715.0000000000            2.5905852318
2716.0000000000            2.5901029110
2717.0000000000            2.5896201134
2718.0000000000            2.5891368389
2719.0000000000            2.5886538029
2720.0000000000            2.5881702900
2721.0000000000            2.5876865387
2722.0000000000            2.5872020721
2723.0000000000            2.5867178440
2724.0000000000            2.5862333775
2725.0000000000            2.5857484341
2726.0000000000            2.5852634907
2727.0000000000            2.5847783089
2728.0000000000            2.5842926502
2729.0000000000            2.5838067532
2730.0000000000            2.5833206177
2731.0000000000            2.5828344822
2732.0000000000            2.5823476315
2733.0000000000            2.5818607807
2734.0000000000            2.5813739300
2735.0000000000            2.5808863640
2736.0000000000            2.5803987980
2737.0000000000            2.5799109936
2738.0000000000            2.5794229507
2739.0000000000            2.5789344311
2740.0000000000            2.5784459114
2741.0000000000            2.5779571533
2742.0000000000            2.5774679184
2743.0000000000            2.5769784451
2744.0000000000            2.5764889717
2745.0000000000            2.5759990215
2746.0000000000            2.5755088329
2747.0000000000            2.5750188828
2748.0000000000            2.5745282173
2749.0000000000            2.5740373135
2750.0000000000            2.5735461712
2751.0000000000            2.5730547905
2752.0000000000            2.5725631714
2753.0000000000            2.5720713139
2754.0000000000            2.5715792179
2755.0000000000            2.5710868835
2756.0000000000            2.5705943108
2757.0000000000            2.5701012611
2758.0000000000            2.5696082115
2759.0000000000            2.5691149235
2760.0000000000            2.5686213970
2761.0000000000            2.5681273937
2762.0000000000            2.5676333904
2763.0000000000            2.5671391487
2764.0000000000            2.5666444302
2765.0000000000            2.5661497116
2766.0000000000            2.5656545162
2767.0000000000            2.5651593208
2768.0000000000            2.5646636486
2769.0000000000            2.5641677380
2770.0000000000            2.5636718273
2771.0000000000            2.5631754398
2772.0000000000            2.5626788139
2773.0000000000            2.5621821880
2774.0000000000            2.5616850853
2775.0000000000            2.5611877441
2776.0000000000            2.5606901646
2777.0000000000            2.5601923466
2778.0000000000            2.5596942902
2779.0000000000            2.5591959953
2780.0000000000            2.5586977005
2781.0000000000            2.5581986904
2782.0000000000            2.5576996803
2783.0000000000            2.5572004318
2784.0000000000            2.5567009449
2785.0000000000            2.5562012196
2786.0000000000            2.5557012558
2787.0000000000            2.5552010536
2788.0000000000            2.5547003746
2789.0000000000            2.5541996956
2790.0000000000            2.5536987782
2791.0000000000            2.5531976223
2792.0000000000            2.5526959896
2793.0000000000            2.5521943569
2794.0000000000            2.5516924858
2795.0000000000            2.5511901379
2796.0000000000            2.5506877899
2797.0000000000            2.5501849651
2798.0000000000            2.5496821404
2799.0000000000            2.5491788387
2800.0000000000            2.5486755371
2801.0000000000            2.5481719971
2802.0000000000            2.5476682186
2803.0000000000            2.5471637249
2804.0000000000            2.5466594696
2805.0000000000            2.5461549759
2806.0000000000            2.5456500053
2807.0000000000            2.5451447964
2808.0000000000            2.5446395874
2809.0000000000            2.5441339016
2810.0000000000            2.5436279774
2811.0000000000            2.5431222916
2812.0000000000            2.5426158905
2813.0000000000            2.5421092510
2814.0000000000            2.5416023731
2815.0000000000            2.5410954952
2816.0000000000            2.5405881405
2817.0000000000            2.5400807858
2818.0000000000            2.5395727158
2819.0000000000            2.5390648842
2820.0000000000            2.5385568142
2821.0000000000            2.5380482674
2822.0000000000            2.5375394821
2823.0000000000            2.5370306969
2824.0000000000            2.5365211964
2825.0000000000            2.5360119343
2826.0000000000            2.5355021954
2827.0000000000            2.5349924564
2828.0000000000            2.5344822407
2829.0000000000            2.5339717865
2830.0000000000            2.5334610939
2831.0000000000            2.5329504013
2832.0000000000            2.5324394703
2833.0000000000            2.5319280624
2834.0000000000            2.5314164162
2835.0000000000            2.5309045315
2836.0000000000            2.5303926468
2837.0000000000            2.5298802853
2838.0000000000            2.5293679237
2839.0000000000            2.5288550854
2840.0000000000            2.5283420086
2841.0000000000            2.5278286934
2842.0000000000            2.5273153782
2843.0000000000            2.5268018246
2844.0000000000            2.5262875557
2845.0000000000            2.5257735252
2846.0000000000            2.5252592564
2847.0000000000            2.5247445107
2848.0000000000            2.5242297649
2849.0000000000            2.5237145424
2850.0000000000            2.5231993198
2851.0000000000            2.5226836205
2852.0000000000            2.5221679211
2853.0000000000            2.5216517448
2854.0000000000            2.5211353302
2855.0000000000            2.5206189156
2856.0000000000            2.5201022625
2857.0000000000            2.5195851326
2858.0000000000            2.5190680027
2859.0000000000            2.5185506344
2860.0000000000            2.5180327892
2861.0000000000            2.5175149441
2862.0000000000            2.5169966221
2863.0000000000            2.5164783001
2864.0000000000            2.5159599781
2865.0000000000            2.5154409409
2866.0000000000            2.5149219036
2867.0000000000            2.5144026279
2868.0000000000            2.5138831139
2869.0000000000            2.5133633614
2870.0000000000            2.5128433704
2871.0000000000            2.5123231411
2872.0000000000            2.5118026733
2873.0000000000            2.5112819672
2874.0000000000            2.5107610226
2875.0000000000            2.5102398396
2876.0000000000            2.5097181797
2877.0000000000            2.5091965199
2878.0000000000            2.5086748600
2879.0000000000            2.5081527233
2880.0000000000            2.5076303482
2881.0000000000            2.5071079731
2882.0000000000            2.5065851212
2883.0000000000            2.5060622692
2884.0000000000            2.5055387020
2885.0000000000            2.5050153732
2886.0000000000            2.5044918060
2887.0000000000            2.5039677620
2888.0000000000            2.5034437180
2889.0000000000            2.5029191971
2890.0000000000            2.5023946762
2891.0000000000            2.5018699169
2892.0000000000            2.5013446808
2893.0000000000            2.5008194447
2894.0000000000            2.5002937317
2895.0000000000            2.4997680187
2896.0000000000            2.4992423058
2897.0000000000            2.4987161160
2898.0000000000            2.4981896877
2899.0000000000            2.4976627827
2900.0000000000            2.4971358776
2901.0000000000            2.4966089725
2902.0000000000            2.4960815907
2903.0000000000            2.4955539703
2904.0000000000            2.4950263500
2905.0000000000            2.4944980145
2906.0000000000            2.4939699173
2907.0000000000            2.4934415817
2908.0000000000            2.4929127693
2909.0000000000            2.4923839569
2910.0000000000            2.4918549061
2911.0000000000            2.4913253784
2912.0000000000            2.4907958508
2913.0000000000            2.4902660847
2914.0000000000            2.4897358418
2915.0000000000            2.4892055988
2916.0000000000            2.4886751175
2917.0000000000            2.4881443977
2918.0000000000            2.4876134396
2919.0000000000            2.4870822430
2920.0000000000            2.4865508080
2921.0000000000            2.4860191345
2922.0000000000            2.4854874611
2923.0000000000            2.4849555492
2924.0000000000            2.4844231606
2925.0000000000            2.4838907719
2926.0000000000            2.4833579063
2927.0000000000            2.4828248024
2928.0000000000            2.4822916985
2929.0000000000            2.4817585945
2930.0000000000            2.4812247753
2931.0000000000            2.4806909561
2932.0000000000            2.4801566601
2933.0000000000            2.4796226025
2934.0000000000            2.4790880680
2935.0000000000            2.4785532951
2936.0000000000            2.4780185223
2937.0000000000            2.4774832726
2938.0000000000            2.4769477844
2939.0000000000            2.4764120579
2940.0000000000            2.4758763313
2941.0000000000            2.4753406048
2942.0000000000            2.4748041630
2943.0000000000            2.4742677212
2944.0000000000            2.4737310410
2945.0000000000            2.4731938839
2946.0000000000            2.4726569653
2947.0000000000            2.4721195698
2948.0000000000            2.4715819359
2949.0000000000            2.4710443020
2950.0000000000            2.4705061913
2951.0000000000            2.4699680805
2952.0000000000            2.4694294930
2953.0000000000            2.4688909054
2954.0000000000            2.4683518410
2955.0000000000            2.4678127766
2956.0000000000            2.4672734737
2957.0000000000            2.4667339325
2958.0000000000            2.4661941528
2959.0000000000            2.4656541348
2960.0000000000            2.4651138783
2961.0000000000            2.4645736217
2962.0000000000            2.4640328884
2963.0000000000            2.4634921551
2964.0000000000            2.4629511833
2965.0000000000            2.4624097347
2966.0000000000            2.4618682861
2967.0000000000            2.4613265991
2968.0000000000            2.4607849121
2969.0000000000            2.4602425098
2970.0000000000            2.4597001076
2971.0000000000            2.4591577053
2972.0000000000            2.4586148262
2973.0000000000            2.4580717087
2974.0000000000            2.4575288296
2975.0000000000            2.4569852352
2976.0000000000            2.4564416409
2977.0000000000            2.4558975697
2978.0000000000            2.4553537369
2979.0000000000            2.4548094273
2980.0000000000            2.4542651176
2981.0000000000            2.4537200928
2982.0000000000            2.4531753063
2983.0000000000            2.4526302814
2984.0000000000            2.4520850182
2985.0000000000            2.4515392780
2986.0000000000            2.4509935379
2987.0000000000            2.4504475594
2988.0000000000            2.4499013424
2989.0000000000            2.4493551254
2990.0000000000            2.4488084316
2991.0000000000            2.4482614994
2992.0000000000            2.4477143288
2993.0000000000            2.4471673965
2994.0000000000            2.4466197491
2995.0000000000            2.4460721016
2996.0000000000            2.4455244541
2997.0000000000            2.4449760914
2998.0000000000            2.4444279671
2999.0000000000            2.4438793659
3000.0000000000            2.4433307648
3001.0000000000            2.4427816868
3002.0000000000            2.4422326088
3003.0000000000            2.4416832924
3004.0000000000            2.4411337376
3005.0000000000            2.4405839443
3006.0000000000            2.4400339127
3007.0000000000            2.4394838810
3008.0000000000            2.4389336109
3009.0000000000            2.4383828640
3010.0000000000            2.4378321171
3011.0000000000            2.4372811317
3012.0000000000            2.4367299080
3013.0000000000            2.4361784458
3014.0000000000            2.4356267452
3015.0000000000            2.4350750446
3016.0000000000            2.4345228672
3017.0000000000            2.4339704514
3018.0000000000            2.4334182739
3019.0000000000            2.4328653812
3020.0000000000            2.4323124886
3021.0000000000            2.4317595959
3022.0000000000            2.4312062263
3023.0000000000            2.4306528568
3024.0000000000            2.4300990105
3025.0000000000            2.4295451641
3026.0000000000            2.4289910793
3027.0000000000            2.4284367561
3028.0000000000            2.4278824329
3029.0000000000            2.4273276329
3030.0000000000            2.4267725945
3031.0000000000            2.4262175560
3032.0000000000            2.4256622791
3033.0000000000            2.4251067638
3034.0000000000            2.4245510101
3035.0000000000            2.4239950180
3036.0000000000            2.4234390259
3037.0000000000            2.4228825569
3038.0000000000            2.4223260880
3039.0000000000            2.4217691422
3040.0000000000            2.4212121964
3041.0000000000            2.4206550121
3042.0000000000            2.4200978279
3043.0000000000            2.4195401669
3044.0000000000            2.4189825058
3045.0000000000            2.4184246063
3046.0000000000            2.4178662300
3047.0000000000            2.4173078537
3048.0000000000            2.4167494774
3049.0000000000            2.4161906242
3050.0000000000            2.4156317711
3051.0000000000            2.4150726795
3052.0000000000            2.4145131111
3053.0000000000            2.4139535427
3054.0000000000            2.4133939743
3055.0000000000            2.4128336906
3056.0000000000            2.4122736454
3057.0000000000            2.4117133617
3058.0000000000            2.4111528397
3059.0000000000            2.4105920792
3060.0000000000            2.4100310802
3061.0000000000            2.4094698429
3062.0000000000            2.4089086056
3063.0000000000            2.4083468914
3064.0000000000            2.4077851772
3065.0000000000            2.4072232246
3066.0000000000            2.4066610336
3067.0000000000            2.4060988426
3068.0000000000            2.4055364132
3069.0000000000            2.4049735069
3070.0000000000            2.4044106007
3071.0000000000            2.4038474560
3072.0000000000            2.4032840729
3073.0000000000            2.4027206898
3074.0000000000            2.4021568298
3075.0000000000            2.4015929699
3076.0000000000            2.4010288715
3077.0000000000            2.4004645348
3078.0000000000            2.3999001980
3079.0000000000            2.3993353844
3080.0000000000            2.3987705708
3081.0000000000            2.3982055187
3082.0000000000            2.3976402283
3083.0000000000            2.3970746994
3084.0000000000            2.3965089321
3085.0000000000            2.3959431648
3086.0000000000            2.3953771591
3087.0000000000            2.3948109150
3088.0000000000            2.3942444324
3089.0000000000            2.3936777115
3090.0000000000            2.3931109905
3091.0000000000            2.3925437927
3092.0000000000            2.3919768333
3093.0000000000            2.3914093971
3094.0000000000            2.3908417225
3095.0000000000            2.3902738094
3096.0000000000            2.3897061348
3097.0000000000            2.3891377449
3098.0000000000            2.3885693550
3099.0000000000            2.3880009651
3100.0000000000            2.3874320984
3101.0000000000            2.3868632317
3102.0000000000            2.3862941265
3103.0000000000            2.3857247829
3104.0000000000            2.3851554394
3105.0000000000            2.3845856190
3106.0000000000            2.3840157986
3107.0000000000            2.3834457397
3108.0000000000            2.3828754425
3109.0000000000            2.3823049068
3110.0000000000            2.3817341328
3111.0000000000            2.3811633587
3112.0000000000            2.3805923462
3113.0000000000            2.3800213337
3114.0000000000            2.3794498444
3115.0000000000            2.3788783550
3116.0000000000            2.3783063889
3117.0000000000            2.3777344227
3118.0000000000            2.3771622181
3119.0000000000            2.3765902519
3120.0000000000            2.3760175705
3121.0000000000            2.3754448891
3122.0000000000            2.3748717308
3123.0000000000            2.3742988110
3124.0000000000            2.3737256527
3125.0000000000            2.3731520176
3126.0000000000            2.3725786209
3127.0000000000            2.3720045090
3128.0000000000            2.3714306355
3129.0000000000            2.3708562851
3130.0000000000            2.3702821732
3131.0000000000            2.3697075844
3132.0000000000            2.3691327572
3133.0000000000            2.3685579300
3134.0000000000            2.3679828644
3135.0000000000            2.3674073219
3136.0000000000            2.3668317795
3137.0000000000            2.3662562370
3138.0000000000            2.3656804562
3139.0000000000            2.3651044369
3140.0000000000            2.3645281792
3141.0000000000            2.3639519215
3142.0000000000            2.3633751869
3143.0000000000            2.3627984524
3144.0000000000            2.3622214794
3145.0000000000            2.3616442680
3146.0000000000            2.3610670567
3147.0000000000            2.3604893684
3148.0000000000            2.3599119186
3149.0000000000            2.3593339920
3150.0000000000            2.3587558270
3151.0000000000            2.3581779003
3152.0000000000            2.3575994968
3153.0000000000            2.3570206165
3154.0000000000            2.3564422131
3155.0000000000            2.3558630943
3156.0000000000            2.3552839756
3157.0000000000            2.3547046185
3158.0000000000            2.3541252613
3159.0000000000            2.3535456657
3160.0000000000            2.3529655933
3161.0000000000            2.3523857594
3162.0000000000            2.3518056870
3163.0000000000            2.3512251377
3164.0000000000            2.3506445885
3165.0000000000            2.3500638008
3166.0000000000            2.3494830132
3167.0000000000            2.3489019871
3168.0000000000            2.3483207226
3169.0000000000            2.3477392197
3170.0000000000            2.3471577168
3171.0000000000            2.3465759754
3172.0000000000            2.3459939957
3173.0000000000            2.3454117775
3174.0000000000            2.3448293209
3175.0000000000            2.3442468643
3176.0000000000            2.3436641693
3177.0000000000            2.3430814743
3178.0000000000            2.3424983025
3179.0000000000            2.3419151306
3180.0000000000            2.3413319588
3181.0000000000            2.3407483101
3182.0000000000            2.3401644230
3183.0000000000            2.3395807743
3184.0000000000            2.3389964104
3185.0000000000            2.3384122849
3186.0000000000            2.3378279209
3187.0000000000            2.3372433186
3188.0000000000            2.3366587162
3189.0000000000            2.3360736370
3190.0000000000            2.3354885578
3191.0000000000            2.3349032402
3192.0000000000            2.3343176842
3193.0000000000            2.3337321281
3194.0000000000            2.3331463337
3195.0000000000            2.3325605392
3196.0000000000            2.3319742680
3197.0000000000            2.3313879967
3198.0000000000            2.3308014870
3199.0000000000            2.3302149773
3200.0000000000            2.3296279907
3201.0000000000            2.3290410042
3202.0000000000            2.3284537792
3203.0000000000            2.3278665543
3204.0000000000            2.3272788525
3205.0000000000            2.3266911507
3206.0000000000            2.3261034489
3207.0000000000            2.3255155087
3208.0000000000            2.3249273300
3209.0000000000            2.3243389130
3210.0000000000            2.3237504959
3211.0000000000            2.3231616020
3212.0000000000            2.3225729465
3213.0000000000            2.3219838142
3214.0000000000            2.3213944435
3215.0000000000            2.3208053112
3216.0000000000            2.3202157021
3217.0000000000            2.3196260929
3218.0000000000            2.3190362453
3219.0000000000            2.3184459209
3220.0000000000            2.3178558350
3221.0000000000            2.3172655106
3222.0000000000            2.3166751862
3223.0000000000            2.3160843849
3224.0000000000            2.3154933453
3225.0000000000            2.3149025440
3226.0000000000            2.3143112659
3227.0000000000            2.3137199879
3228.0000000000            2.3131284714
3229.0000000000            2.3125367165
3230.0000000000            2.3119449615
3231.0000000000            2.3113529682
3232.0000000000            2.3107607365
3233.0000000000            2.3101682663
3234.0000000000            2.3095757961
3235.0000000000            2.3089830875
3236.0000000000            2.3083901405
3237.0000000000            2.3077974319
3238.0000000000            2.3072042465
3239.0000000000            2.3066108227
3240.0000000000            2.3060173988
3241.0000000000            2.3054237366
3242.0000000000            2.3048298359
3243.0000000000            2.3042359352
3244.0000000000            2.3036417961
3245.0000000000            2.3030476570
3246.0000000000            2.3024530411
3247.0000000000            2.3018584251
3248.0000000000            2.3012635708
3249.0000000000            2.3006687164
3250.0000000000            2.3000736237
3251.0000000000            2.2994782925
3252.0000000000            2.2988829613
3253.0000000000            2.2982873917
3254.0000000000            2.2976915836
3255.0000000000            2.2970957756
3256.0000000000            2.2964997292
3257.0000000000            2.2959034443
3258.0000000000            2.2953071594
3259.0000000000            2.2947106361
3260.0000000000            2.2941138744
3261.0000000000            2.2935171127
3262.0000000000            2.2929201126
3263.0000000000            2.2923228741
3264.0000000000            2.2917256355
3265.0000000000            2.2911281586
3266.0000000000            2.2905304432
3267.0000000000            2.2899327278
3268.0000000000            2.2893347740
3269.0000000000            2.2887368202
3270.0000000000            2.2881383896
3271.0000000000            2.2875399590
3272.0000000000            2.2869415283
3273.0000000000            2.2863426208
3274.0000000000            2.2857437134
3275.0000000000            2.2851448059
3276.0000000000            2.2845454216
3277.0000000000            2.2839462757
3278.0000000000            2.2833466530
3279.0000000000            2.2827472687
3280.0000000000            2.2821471691
3281.0000000000            2.2815473080
3282.0000000000            2.2809474468
3283.0000000000            2.2803468704
3284.0000000000            2.2797465324
3285.0000000000            2.2791461945
3286.0000000000            2.2785451412
3287.0000000000            2.2779443264
3288.0000000000            2.2773435116
3289.0000000000            2.2767422199
3290.0000000000            2.2761409283
3291.0000000000            2.2755393982
3292.0000000000            2.2749376297
3293.0000000000            2.2743358612
3294.0000000000            2.2737338543
3295.0000000000            2.2731318474
3296.0000000000            2.2725296021
3297.0000000000            2.2719273567
3298.0000000000            2.2713248730
3299.0000000000            2.2707221508
3300.0000000000            2.2701191902
3301.0000000000            2.2695162296
3302.0000000000            2.2689130306
3303.0000000000            2.2683100700
3304.0000000000            2.2677063942
3305.0000000000            2.2671027184
3306.0000000000            2.2664990425
3307.0000000000            2.2658953667
3308.0000000000            2.2652912140
3309.0000000000            2.2646870613
3310.0000000000            2.2640826702
3311.0000000000            2.2634782791
3312.0000000000            2.2628736496
3313.0000000000            2.2622690201
3314.0000000000            2.2616639137
3315.0000000000            2.2610590458
3316.0000000000            2.2604537010
3317.0000000000            2.2598483562
3318.0000000000            2.2592430115
3319.0000000000            2.2586374283
3320.0000000000            2.2580313683
3321.0000000000            2.2574255466
3322.0000000000            2.2568194866
3323.0000000000            2.2562134266
3324.0000000000            2.2556068897
3325.0000000000            2.2550003529
3326.0000000000            2.2543938160
3327.0000000000            2.2537870407
3328.0000000000            2.2531800270
3329.0000000000            2.2525730133
3330.0000000000            2.2519657612
3331.0000000000            2.2513585091
3332.0000000000            2.2507507801
3333.0000000000            2.2501432896
3334.0000000000            2.2495355606
3335.0000000000            2.2489275932
3336.0000000000            2.2483196259
3337.0000000000            2.2477111816
3338.0000000000            2.2471029758
3339.0000000000            2.2464945316
3340.0000000000            2.2458858490
3341.0000000000            2.2452769279
3342.0000000000            2.2446682453
3343.0000000000            2.2440590858
3344.0000000000            2.2434499264
3345.0000000000            2.2428405285
3346.0000000000            2.2422311306
3347.0000000000            2.2416214943
3348.0000000000            2.2410116196
3349.0000000000            2.2404019833
3350.0000000000            2.2397916317
3351.0000000000            2.2391817570
3352.0000000000            2.2385714054
3353.0000000000            2.2379608154
3354.0000000000            2.2373504639
3355.0000000000            2.2367396355
3356.0000000000            2.2361288071
3357.0000000000            2.2355177402
3358.0000000000            2.2349066734
3359.0000000000            2.2342953682
3360.0000000000            2.2336840630
3361.0000000000            2.2330722809
3362.0000000000            2.2324607372
3363.0000000000            2.2318489552
3364.0000000000            2.2312369347
3365.0000000000            2.2306249142
3366.0000000000            2.2300126553
3367.0000000000            2.2294003963
3368.0000000000            2.2287878990
3369.0000000000            2.2281751633
3370.0000000000            2.2275624275
3371.0000000000            2.2269496918
3372.0000000000            2.2263367176
3373.0000000000            2.2257235050
3374.0000000000            2.2251102924
3375.0000000000            2.2244968414
3376.0000000000            2.2238833904
3377.0000000000            2.2232697010
3378.0000000000            2.2226557732
3379.0000000000            2.2220418453
3380.0000000000            2.2214276791
3381.0000000000            2.2208135128
3382.0000000000            2.2201993465
3383.0000000000            2.2195847034
3384.0000000000            2.2189702988
3385.0000000000            2.2183554173
3386.0000000000            2.2177405357
3387.0000000000            2.2171254158
3388.0000000000            2.2165105343
3389.0000000000            2.2158951759
3390.0000000000            2.2152798176
3391.0000000000            2.2146644592
3392.0000000000            2.2140486240
3393.0000000000            2.2134327888
3394.0000000000            2.2128169537
3395.0000000000            2.2122008801
3396.0000000000            2.2115848064
3397.0000000000            2.2109684944
3398.0000000000            2.2103521824
3399.0000000000            2.2097356319
3400.0000000000            2.2091190815
3401.0000000000            2.2085020542
3402.0000000000            2.2078850269
3403.0000000000            2.2072679996
3404.0000000000            2.2066509724
3405.0000000000            2.2060337067
3406.0000000000            2.2054162025
3407.0000000000            2.2047986984
3408.0000000000            2.2041809559
3409.0000000000            2.2035634518
3410.0000000000            2.2029454708
3411.0000000000            2.2023272514
3412.0000000000            2.2017090321
3413.0000000000            2.2010908127
3414.0000000000            2.2004723549
3415.0000000000            2.1998538971
3416.0000000000            2.1992352009
3417.0000000000            2.1986162663
3418.0000000000            2.1979975700
3419.0000000000            2.1973783970
3420.0000000000            2.1967592239
3421.0000000000            2.1961400509
3422.0000000000            2.1955206394
3423.0000000000            2.1949009895
3424.0000000000            2.1942813396
3425.0000000000            2.1936614513
3426.0000000000            2.1930418015
3427.0000000000            2.1924216747
3428.0000000000            2.1918015480
3429.0000000000            2.1911814213
3430.0000000000            2.1905608177
3431.0000000000            2.1899404526
3432.0000000000            2.1893198490
3433.0000000000            2.1886990070
3434.0000000000            2.1880784035
3435.0000000000            2.1874573231
3436.0000000000            2.1868362427
3437.0000000000            2.1862149239
3438.0000000000            2.1855936050
3439.0000000000            2.1849722862
3440.0000000000            2.1843504906
3441.0000000000            2.1837289333
3442.0000000000            2.1831071377
3443.0000000000            2.1824851036
3444.0000000000            2.1818633080
3445.0000000000            2.1812410355
3446.0000000000            2.1806187630
3447.0000000000            2.1799964905
3448.0000000000            2.1793739796
3449.0000000000            2.1787512302
3450.0000000000            2.1781284809
3451.0000000000            2.1775057316
3452.0000000000            2.1768827438
3453.0000000000            2.1762595177
3454.0000000000            2.1756365299
3455.0000000000            2.1750133038
3456.0000000000            2.1743898392
3457.0000000000            2.1737661362
3458.0000000000            2.1731424332
3459.0000000000            2.1725189686
3460.0000000000            2.1718950272
3461.0000000000            2.1712708473
3462.0000000000            2.1706469059
3463.0000000000            2.1700227261
3464.0000000000            2.1693983078
3465.0000000000            2.1687738895
3466.0000000000            2.1681492329
3467.0000000000            2.1675245762
3468.0000000000            2.1668999195
3469.0000000000            2.1662747860
3470.0000000000            2.1656498909
3471.0000000000            2.1650247574
3472.0000000000            2.1643996239
3473.0000000000            2.1637742519
3474.0000000000            2.1631488800
3475.0000000000            2.1625232697
3476.0000000000            2.1618974209
3477.0000000000            2.1612718105
3478.0000000000            2.1606459618
3479.0000000000            2.1600198746
3480.0000000000            2.1593937874
3481.0000000000            2.1587677002
3482.0000000000            2.1581413746
3483.0000000000            2.1575148106
3484.0000000000            2.1568882465
3485.0000000000            2.1562616825
3486.0000000000            2.1556351185
3487.0000000000            2.1550083160
3488.0000000000            2.1543812752
3489.0000000000            2.1537542343
3490.0000000000            2.1531269550
3491.0000000000            2.1524996758
3492.0000000000            2.1518723965
3493.0000000000            2.1512448788
3494.0000000000            2.1506173611
3495.0000000000            2.1499896049
3496.0000000000            2.1493618488
3497.0000000000            2.1487338543
3498.0000000000            2.1481058598
3499.0000000000            2.1474776268
3500.0000000000            2.1468493938
3501.0000000000            2.1462209225
3502.0000000000            2.1455924511
3503.0000000000            2.1449642181
3504.0000000000            2.1443355083
3505.0000000000            2.1437067986
3506.0000000000            2.1430778503
3507.0000000000            2.1424491405
3508.0000000000            2.1418199539
3509.0000000000            2.1411907673
3510.0000000000            2.1405615807
3511.0000000000            2.1399321556
3512.0000000000            2.1393024921
3513.0000000000            2.1386730671
3514.0000000000            2.1380434036
3515.0000000000            2.1374137402
3516.0000000000            2.1367838383
3517.0000000000            2.1361536980
3518.0000000000            2.1355237961
3519.0000000000            2.1348936558
3520.0000000000            2.1342632771
3521.0000000000            2.1336331367
3522.0000000000            2.1330025196
3523.0000000000            2.1323721409
3524.0000000000            2.1317412853
3525.0000000000            2.1311106682
3526.0000000000            2.1304798126
3527.0000000000            2.1298487186
3528.0000000000            2.1292178631
3529.0000000000            2.1285867691
3530.0000000000            2.1279551983
3531.0000000000            2.1273238659
3532.0000000000            2.1266925335
3533.0000000000            2.1260612011
3534.0000000000            2.1254296303
3535.0000000000            2.1247975826
3536.0000000000            2.1241657734
3537.0000000000            2.1235339642
3538.0000000000            2.1229019165
3539.0000000000            2.1222698689
3540.0000000000            2.1216378212
3541.0000000000            2.1210055351
3542.0000000000            2.1203730106
3543.0000000000            2.1197404861
3544.0000000000            2.1191079617
3545.0000000000            2.1184751987
3546.0000000000            2.1178424358
3547.0000000000            2.1172096729
3548.0000000000            2.1165766716
3549.0000000000            2.1159436703
3550.0000000000            2.1153104305
3551.0000000000            2.1146771908
3552.0000000000            2.1140439510
3553.0000000000            2.1134104729
3554.0000000000            2.1127769947
3555.0000000000            2.1121435165
3556.0000000000            2.1115098000
3557.0000000000            2.1108758450
3558.0000000000            2.1102418900
3559.0000000000            2.1096081734
3560.0000000000            2.1089739799
3561.0000000000            2.1083397865
3562.0000000000            2.1077058315
3563.0000000000            2.1070713997
3564.0000000000            2.1064369678
3565.0000000000            2.1058025360
3566.0000000000            2.1051678658
3567.0000000000            2.1045331955
3568.0000000000            2.1038985252
3569.0000000000            2.1032636166
3570.0000000000            2.1026287079
3571.0000000000            2.1019935608
3572.0000000000            2.1013586521
3573.0000000000            2.1007232666
3574.0000000000            2.1000881195
3575.0000000000            2.0994527340
3576.0000000000            2.0988173485
3577.0000000000            2.0981817245
3578.0000000000            2.0975461006
3579.0000000000            2.0969104767
3580.0000000000            2.0962743759
3581.0000000000            2.0956385136
3582.0000000000            2.0950026512
3583.0000000000            2.0943663120
3584.0000000000            2.0937299728
3585.0000000000            2.0930936337
3586.0000000000            2.0924570560
3587.0000000000            2.0918197632
3588.0000000000            2.0911824703
3589.0000000000            2.0905447006
3590.0000000000            2.0899062157
3591.0000000000            2.0892670155
3592.0000000000            2.0886261463
3593.0000000000            2.0879838467
3594.0000000000            2.0873391628
3595.0000000000            2.0866906643
3596.0000000000            2.0860378742
3597.0000000000            2.0853784084
3598.0000000000            2.0847103596
3599.0000000000            2.0840308666
3600.0000000000            2.0833353996
3601.0000000000            2.0826194286
3602.0000000000            2.0818758011
3603.0000000000            2.0810956955
3604.0000000000            2.0802688599
3605.0000000000            2.0793807507
3606.0000000000            2.0784146786
3607.0000000000            2.0773487091
3608.0000000000            2.0761568546
3609.0000000000            2.0748071671
3610.0000000000            2.0732603073
3611.0000000000            2.0714702606
3612.0000000000            2.0693817139
3613.0000000000            2.0669298172
3614.0000000000            2.0640394688
3615.0000000000            2.0606229305
3616.0000000000            2.0565817356
3617.0000000000            2.0518031120
3618.0000000000            2.0461616516
3619.0000000000            2.0395183563
3620.0000000000            2.0317218304
3621.0000000000            2.0226082802
3622.0000000000            2.0120027065
3623.0000000000            1.9997218847
3624.0000000000            1.9855755568
3625.0000000000            1.9693701267
3626.0000000000            1.9509119987
3627.0000000000            1.9300116301
3628.0000000000            1.9064888954
3629.0000000000            1.8801765442
3630.0000000000            1.8509265184
3631.0000000000            1.8186149597
3632.0000000000            1.7831472158
3633.0000000000            1.7444628477
3634.0000000000            1.7025400400
3635.0000000000            1.6573995352
3636.0000000000            1.6091074944
3637.0000000000            1.5577768087
3638.0000000000            1.5035691261
3639.0000000000            1.4466931820
3640.0000000000            1.3874038458
3641.0000000000            1.3259985447
3642.0000000000            1.2628130913
3643.0000000000            1.1982165575
3644.0000000000            1.1326040030
3645.0000000000            1.0663899183
3646.0000000000            1.0000000000
3647.0000000000            0.9338629246
3648.0000000000            0.8684018254
3649.0000000000            0.8040267229
3650.0000000000            0.7411261201
3651.0000000000            0.6800607443
3652.0000000000            0.6211568117
3653.0000000000            0.5647014380
3654.0000000000            0.5109385252
3655.0000000000            0.4600663781
3656.0000000000            0.4122363031
3657.0000000000            0.3675524890
3658.0000000000            0.3260731697
3659.0000000000            0.2878127694
3660.0000000000            0.2527450025
3661.0000000000            0.2208066881
3662.0000000000            0.1919022501
3663.0000000000            0.1659084111
3664.0000000000            0.1426791698
3665.0000000000            0.1220509931
3666.0000000000            0.1038475633
3667.0000000000            0.0878844708
3668.0000000000            0.0739735663
3669.0000000000            0.0619267151
3670.0000000000            0.0515591763
3671.0000000000            0.0426923968
3672.0000000000            0.0351562575
3673.0000000000            0.0287908167
3674.0000000000            0.0234475117
3675.0000000000            0.0189899541
3676.0000000000            0.0152942752
3677.0000000000            0.0122491457
3678.0000000000            0.0097554913
3679.0000000000            0.0077259885
3680.0000000000            0.0060843751
3681.0000000000            0.0047646477
3682.0000000000            0.0037101794
3683.0000000000            0.0028727979
3684.0000000000            0.0022118634
3685.0000000000            0.0016933706
3686.0000000000            0.0012890924
3687.0000000000            0.0009757809
3688.0000000000            0.0007344382
3689.0000000000            0.0005496566
3690.0000000000            0.0004090343
3691.0000000000            0.0003026628
3692.0000000000            0.0002226840
3693.0000000000            0.0001629104
3694.0000000000            0.0001185055
3695.0000000000            0.0000857152
3696.0000000000            0.0000616463
3697.0000000000            0.0000440845
