1897.0000000000            2.2131037712
1898.0000000000            2.2130842209
1899.0000000000            2.2130649090
1900.0000000000            2.2130453587
1901.0000000000            2.2130255699
1902.0000000000            2.2130057812
1903.0000000000            2.2129859924
1904.0000000000            2.2129662037
1905.0000000000            2.2129461765
1906.0000000000            2.2129261494
1907.0000000000            2.2129058838
1908.0000000000            2.2128856182
1909.0000000000            2.2128653526
1910.0000000000            2.2128450871
1911.0000000000            2.2128245831
1912.0000000000            2.2128040791
1913.0000000000            2.2127833366
1914.0000000000            2.2127625942
1915.0000000000            2.2127418518
1916.0000000000            2.2127208710
1917.0000000000            2.2126998901
1918.0000000000            2.2126789093
1919.0000000000            2.2126576900
1920.0000000000            2.2126367092
1921.0000000000            2.2126152515
1922.0000000000            2.2125937939
1923.0000000000            2.2125723362
1924.0000000000            2.2125508785
1925.0000000000            2.2125291824
1926.0000000000            2.2125074863
1927.0000000000            2.2124857903
1928.0000000000            2.2124640942
1929.0000000000            2.2124419212
1930.0000000000            2.2124199867
1931.0000000000            2.2123978138
1932.0000000000            2.2123756409
1933.0000000000            2.2123534679
1934.0000000000            2.2123310566
1935.0000000000            2.2123086452
1936.0000000000            2.2122859955
1937.0000000000            2.2122633457
1938.0000000000            2.2122406960
1939.0000000000            2.2122180462
1940.0000000000            2.2121951580
1941.0000000000            2.2121722698
1942.0000000000            2.2121491432
1943.0000000000            2.2121260166
1944.0000000000            2.2121028900
1945.0000000000            2.2120797634
1946.0000000000            2.2120563984
1947.0000000000            2.2120327950
1948.0000000000            2.2120094299
1949.0000000000            2.2119858265
1950.0000000000            2.2119622231
1951.0000000000            2.2119383812
1952.0000000000            2.2119145393
1953.0000000000            2.2118906975
1954.0000000000            2.2118668556
1955.0000000000            2.2118425369
1956.0000000000            2.2118184566
1957.0000000000            2.2117941380
1958.0000000000            2.2117700577
1959.0000000000            2.2117455006
1960.0000000000            2.2117209435
1961.0000000000            2.2116963863
1962.0000000000            2.2116715908
1963.0000000000            2.2116470337
1964.0000000000            2.2116222382
1965.0000000000            2.2115974426
1966.0000000000            2.2115724087
1967.0000000000            2.2115473747
1968.0000000000            2.2115223408
1969.0000000000            2.2114970684
1970.0000000000            2.2114717960
1971.0000000000            2.2114462852
1972.0000000000            2.2114210129
1973.0000000000            2.2113952637
1974.0000000000            2.2113697529
1975.0000000000            2.2113440037
1976.0000000000            2.2113182545
1977.0000000000            2.2112925053
1978.0000000000            2.2112665176
1979.0000000000            2.2112405300
1980.0000000000            2.2112143040
1981.0000000000            2.2111880779
1982.0000000000            2.2111618519
1983.0000000000            2.2111353874
1984.0000000000            2.2111091614
1985.0000000000            2.2110826969
1986.0000000000            2.2110559940
1987.0000000000            2.2110292912
1988.0000000000            2.2110025883
1989.0000000000            2.2109756470
1990.0000000000            2.2109489441
1991.0000000000            2.2109220028
1992.0000000000            2.2108948231
1993.0000000000            2.2108676434
1994.0000000000            2.2108404636
1995.0000000000            2.2108130455
1996.0000000000            2.2107858658
1997.0000000000            2.2107582092
1998.0000000000            2.2107305527
1999.0000000000            2.2107028961
2000.0000000000            2.2106752396
2001.0000000000            2.2106475830
2002.0000000000            2.2106196880
2003.0000000000            2.2105915546
2004.0000000000            2.2105636597
2005.0000000000            2.2105355263
2006.0000000000            2.2105073929
2007.0000000000            2.2104792595
2008.0000000000            2.2104506493
2009.0000000000            2.2104222775
2010.0000000000            2.2103936672
2011.0000000000            2.2103652954
2012.0000000000            2.2103364468
2013.0000000000            2.2103075981
2014.0000000000            2.2102789879
2015.0000000000            2.2102499008
2016.0000000000            2.2102210522
2017.0000000000            2.2101917267
2018.0000000000            2.2101626396
2019.0000000000            2.2101335526
2020.0000000000            2.2101042271
2021.0000000000            2.2100746632
2022.0000000000            2.2100453377
2023.0000000000            2.2100155354
2024.0000000000            2.2099862099
2025.0000000000            2.2099561691
2026.0000000000            2.2099266052
2027.0000000000            2.2098965645
2028.0000000000            2.2098667622
2029.0000000000            2.2098367214
2030.0000000000            2.2098066807
2031.0000000000            2.2097764015
2032.0000000000            2.2097461224
2033.0000000000            2.2097156048
2034.0000000000            2.2096850872
2035.0000000000            2.2096548080
2036.0000000000            2.2096240520
2037.0000000000            2.2095932961
2038.0000000000            2.2095625401
2039.0000000000            2.2095317841
2040.0000000000            2.2095010281
2041.0000000000            2.2094700336
2042.0000000000            2.2094388008
2043.0000000000            2.2094078064
2044.0000000000            2.2093763351
2045.0000000000            2.2093451023
2046.0000000000            2.2093136311
2047.0000000000            2.2092821598
2048.0000000000            2.2092506886
2049.0000000000            2.2092189789
2050.0000000000            2.2091872692
2051.0000000000            2.2091555595
2052.0000000000            2.2091236115
2053.0000000000            2.2090916634
2054.0000000000            2.2090597153
2055.0000000000            2.2090275288
2056.0000000000            2.2089951038
2057.0000000000            2.2089631557
2058.0000000000            2.2089304924
2059.0000000000            2.2088983059
2060.0000000000            2.2088656425
2061.0000000000            2.2088329792
2062.0000000000            2.2088003159
2063.0000000000            2.2087676525
2064.0000000000            2.2087347507
2065.0000000000            2.2087018490
2066.0000000000            2.2086687088
2067.0000000000            2.2086358070
2068.0000000000            2.2086026669
2069.0000000000            2.2085695267
2070.0000000000            2.2085361481
2071.0000000000            2.2085027695
2072.0000000000            2.2084691525
2073.0000000000            2.2084355354
2074.0000000000            2.2084019184
2075.0000000000            2.2083683014
2076.0000000000            2.2083346844
2077.0000000000            2.2083008289
2078.0000000000            2.2082667351
2079.0000000000            2.2082326412
2080.0000000000            2.2081985474
2081.0000000000            2.2081644535
2082.0000000000            2.2081301212
2083.0000000000            2.2080957890
2084.0000000000            2.2080614567
2085.0000000000            2.2080268860
2086.0000000000            2.2079923153
2087.0000000000            2.2079577446
2088.0000000000            2.2079229355
2089.0000000000            2.2078881264
2090.0000000000            2.2078533173
2091.0000000000            2.2078182697
2092.0000000000            2.2077832222
2093.0000000000            2.2077481747
2094.0000000000            2.2077128887
2095.0000000000            2.2076776028
2096.0000000000            2.2076420784
2097.0000000000            2.2076067924
2098.0000000000            2.2075712681
2099.0000000000            2.2075355053
2100.0000000000            2.2074997425
2101.0000000000            2.2074642181
2102.0000000000            2.2074282169
2103.0000000000            2.2073924541
2104.0000000000            2.2073564529
2105.0000000000            2.2073202133
2106.0000000000            2.2072839737
2107.0000000000            2.2072477341
2108.0000000000            2.2072114944
2109.0000000000            2.2071750164
2110.0000000000            2.2071387768
2111.0000000000            2.2071020603
2112.0000000000            2.2070653439
2113.0000000000            2.2070288658
2114.0000000000            2.2069919109
2115.0000000000            2.2069549561
2116.0000000000            2.2069180012
2117.0000000000            2.2068810463
2118.0000000000            2.2068440914
2119.0000000000            2.2068068981
2120.0000000000            2.2067694664
2121.0000000000            2.2067320347
2122.0000000000            2.2066948414
2123.0000000000            2.2066571712
2124.0000000000            2.2066197395
2125.0000000000            2.2065818310
2126.0000000000            2.2065441608
2127.0000000000            2.2065064907
2128.0000000000            2.2064685822
2129.0000000000            2.2064306736
2130.0000000000            2.2063925266
2131.0000000000            2.2063543797
2132.0000000000            2.2063159943
2133.0000000000            2.2062778473
2134.0000000000            2.2062394619
2135.0000000000            2.2062010765
2136.0000000000            2.2061624527
2137.0000000000            2.2061238289
2138.0000000000            2.2060852051
2139.0000000000            2.2060465813
2140.0000000000            2.2060077190
2141.0000000000            2.2059686184
2142.0000000000            2.2059297562
2143.0000000000            2.2058906555
2144.0000000000            2.2058513165
2145.0000000000            2.2058122158
2146.0000000000            2.2057728767
2147.0000000000            2.2057335377
2148.0000000000            2.2056939602
2149.0000000000            2.2056546211
2150.0000000000            2.2056148052
2151.0000000000            2.2055752277
2152.0000000000            2.2055354118
2153.0000000000            2.2054955959
2154.0000000000            2.2054555416
2155.0000000000            2.2054154873
2156.0000000000            2.2053754330
2157.0000000000            2.2053351402
2158.0000000000            2.2052948475
2159.0000000000            2.2052545547
2160.0000000000            2.2052142620
2161.0000000000            2.2051737309
2162.0000000000            2.2051331997
2163.0000000000            2.2050924301
2164.0000000000            2.2050518990
2165.0000000000            2.2050108910
2166.0000000000            2.2049698830
2167.0000000000            2.2049291134
2168.0000000000            2.2048878670
2169.0000000000            2.2048468590
2170.0000000000            2.2048058510
2171.0000000000            2.2047643661
2172.0000000000            2.2047231197
2173.0000000000            2.2046816349
2174.0000000000            2.2046401501
2175.0000000000            2.2045986652
2176.0000000000            2.2045569420
2177.0000000000            2.2045149803
2178.0000000000            2.2044734955
2179.0000000000            2.2044312954
2180.0000000000            2.2043895721
2181.0000000000            2.2043473721
2182.0000000000            2.2043051720
2183.0000000000            2.2042629719
2184.0000000000            2.2042207718
2185.0000000000            2.2041783333
2186.0000000000            2.2041358948
2187.0000000000            2.2040934563
2188.0000000000            2.2040507793
2189.0000000000            2.2040081024
2190.0000000000            2.2039651871
2191.0000000000            2.2039225101
2192.0000000000            2.2038793564
2193.0000000000            2.2038364410
2194.0000000000            2.2037935257
2195.0000000000            2.2037503719
2196.0000000000            2.2037069798
2197.0000000000            2.2036635876
2198.0000000000            2.2036204338
2199.0000000000            2.2035768032
2200.0000000000            2.2035331726
2201.0000000000            2.2034897804
2202.0000000000            2.2034459114
2203.0000000000            2.2034022808
2204.0000000000            2.2033584118
2205.0000000000            2.2033145428
2206.0000000000            2.2032704353
2207.0000000000            2.2032263279
2208.0000000000            2.2031822205
2209.0000000000            2.2031378746
2210.0000000000            2.2030935287
2211.0000000000            2.2030491829
2212.0000000000            2.2030048370
2213.0000000000            2.2029600143
2214.0000000000            2.2029154301
2215.0000000000            2.2028708458
2216.0000000000            2.2028260231
2217.0000000000            2.2027812004
2218.0000000000            2.2027361393
2219.0000000000            2.2026910782
2220.0000000000            2.2026460171
2221.0000000000            2.2026007175
2222.0000000000            2.2025556564
2223.0000000000            2.2025101185
2224.0000000000            2.2024648190
2225.0000000000            2.2024192810
2226.0000000000            2.2023737431
2227.0000000000            2.2023279667
2228.0000000000            2.2022821903
2229.0000000000            2.2022364140
2230.0000000000            2.2021906376
2231.0000000000            2.2021446228
2232.0000000000            2.2020986080
2233.0000000000            2.2020525932
2234.0000000000            2.2020063400
2235.0000000000            2.2019600868
2236.0000000000            2.2019135952
2237.0000000000            2.2018671036
2238.0000000000            2.2018206120
2239.0000000000            2.2017741203
2240.0000000000            2.2017273903
2241.0000000000            2.2016806602
2242.0000000000            2.2016336918
2243.0000000000            2.2015869617
2244.0000000000            2.2015399933
2245.0000000000            2.2014930248
2246.0000000000            2.2014458179
2247.0000000000            2.2013986111
2248.0000000000            2.2013514042
2249.0000000000            2.2013039589
2250.0000000000            2.2012565136
2251.0000000000            2.2012088299
2252.0000000000            2.2011613846
2253.0000000000            2.2011137009
2254.0000000000            2.2010657787
2255.0000000000            2.2010180950
2256.0000000000            2.2009701729
2257.0000000000            2.2009222507
2258.0000000000            2.2008738518
2259.0000000000            2.2008259296
2260.0000000000            2.2007777691
2261.0000000000            2.2007293701
2262.0000000000            2.2006809711
2263.0000000000            2.2006325722
2264.0000000000            2.2005839348
2265.0000000000            2.2005355358
2266.0000000000            2.2004866600
2267.0000000000            2.2004380226
2268.0000000000            2.2003891468
2269.0000000000            2.2003402710
2270.0000000000            2.2002911568
2271.0000000000            2.2002420425
2272.0000000000            2.2001929283
2273.0000000000            2.2001435757
2274.0000000000            2.2000942230
2275.0000000000            2.2000451088
2276.0000000000            2.1999955177
2277.0000000000            2.1999459267
2278.0000000000            2.1998963356
2279.0000000000            2.1998465061
2280.0000000000            2.1997969151
2281.0000000000            2.1997470856
2282.0000000000            2.1996970177
2283.0000000000            2.1996469498
2284.0000000000            2.1995968819
2285.0000000000            2.1995468140
2286.0000000000            2.1994965076
2287.0000000000            2.1994462013
2288.0000000000            2.1993958950
2289.0000000000            2.1993453503
2290.0000000000            2.1992948055
2291.0000000000            2.1992440224
2292.0000000000            2.1991934776
2293.0000000000            2.1991426945
2294.0000000000            2.1990916729
2295.0000000000            2.1990408897
2296.0000000000            2.1989898682
2297.0000000000            2.1989386082
2298.0000000000            2.1988873482
2299.0000000000            2.1988363266
2300.0000000000            2.1987848282
2301.0000000000            2.1987335682
2302.0000000000            2.1986818314
2303.0000000000            2.1986303329
2304.0000000000            2.1985788345
2305.0000000000            2.1985270977
2306.0000000000            2.1984753609
2307.0000000000            2.1984233856
2308.0000000000            2.1983714104
2309.0000000000            2.1983191967
2310.0000000000            2.1982672215
2311.0000000000            2.1982150078
2312.0000000000            2.1981627941
2313.0000000000            2.1981103420
2314.0000000000            2.1980581284
2315.0000000000            2.1980056763
2316.0000000000            2.1979529858
2317.0000000000            2.1979002953
2318.0000000000            2.1978476048
2319.0000000000            2.1977946758
2320.0000000000            2.1977417469
2321.0000000000            2.1976888180
2322.0000000000            2.1976358891
2323.0000000000            2.1975827217
2324.0000000000            2.1975295544
2325.0000000000            2.1974763870
2326.0000000000            2.1974229813
2327.0000000000            2.1973693371
2328.0000000000            2.1973159313
2329.0000000000            2.1972622871
2330.0000000000            2.1972088814
2331.0000000000            2.1971549988
2332.0000000000            2.1971011162
2333.0000000000            2.1970472336
2334.0000000000            2.1969933510
2335.0000000000            2.1969392300
2336.0000000000            2.1968851089
2337.0000000000            2.1968307495
2338.0000000000            2.1967766285
2339.0000000000            2.1967222691
2340.0000000000            2.1966679096
2341.0000000000            2.1966133118
2342.0000000000            2.1965587139
2343.0000000000            2.1965041161
2344.0000000000            2.1964492798
2345.0000000000            2.1963944435
2346.0000000000            2.1963396072
2347.0000000000            2.1962845325
2348.0000000000            2.1962294579
2349.0000000000            2.1961743832
2350.0000000000            2.1961190701
2351.0000000000            2.1960639954
2352.0000000000            2.1960084438
2353.0000000000            2.1959531307
2354.0000000000            2.1958973408
2355.0000000000            2.1958420277
2356.0000000000            2.1957862377
2357.0000000000            2.1957304478
2358.0000000000            2.1956744194
2359.0000000000            2.1956186295
2360.0000000000            2.1955626011
2361.0000000000            2.1955065727
2362.0000000000            2.1954505444
2363.0000000000            2.1953942776
2364.0000000000            2.1953380108
2365.0000000000            2.1952817440
2366.0000000000            2.1952252388
2367.0000000000            2.1951684952
2368.0000000000            2.1951119900
2369.0000000000            2.1950554848
2370.0000000000            2.1949985027
2371.0000000000            2.1949417591
2372.0000000000            2.1948847771
2373.0000000000            2.1948277950
2374.0000000000            2.1947705746
2375.0000000000            2.1947135925
2376.0000000000            2.1946563721
2377.0000000000            2.1945989132
2378.0000000000            2.1945416927
2379.0000000000            2.1944842339
2380.0000000000            2.1944267750
2381.0000000000            2.1943690777
2382.0000000000            2.1943111420
2383.0000000000            2.1942534447
2384.0000000000            2.1941957474
2385.0000000000            2.1941378117
2386.0000000000            2.1940798759
2387.0000000000            2.1940217018
2388.0000000000            2.1939635277
2389.0000000000            2.1939053535
2390.0000000000            2.1938469410
2391.0000000000            2.1937887669
2392.0000000000            2.1937301159
2393.0000000000            2.1936714649
2394.0000000000            2.1936128139
2395.0000000000            2.1935541630
2396.0000000000            2.1934955120
2397.0000000000            2.1934366226
2398.0000000000            2.1933777332
2399.0000000000            2.1933186054
2400.0000000000            2.1932597160
2401.0000000000            2.1932003498
2402.0000000000            2.1931412220
2403.0000000000            2.1930818558
2404.0000000000            2.1930224895
2405.0000000000            2.1929628849
2406.0000000000            2.1929035187
2407.0000000000            2.1928436756
2408.0000000000            2.1927840710
2409.0000000000            2.1927242279
2410.0000000000            2.1926643848
2411.0000000000            2.1926045418
2412.0000000000            2.1925444603
2413.0000000000            2.1924843788
2414.0000000000            2.1924242973
2415.0000000000            2.1923639774
2416.0000000000            2.1923036575
2417.0000000000            2.1922433376
2418.0000000000            2.1921827793
2419.0000000000            2.1921222210
2420.0000000000            2.1920616627
2421.0000000000            2.1920008659
2422.0000000000            2.1919400692
2423.0000000000            2.1918790340
2424.0000000000            2.1918182373
2425.0000000000            2.1917572021
2426.0000000000            2.1916959286
2427.0000000000            2.1916348934
2428.0000000000            2.1915736198
2429.0000000000            2.1915123463
2430.0000000000            2.1914508343
2431.0000000000            2.1913895607
2432.0000000000            2.1913278103
2433.0000000000            2.1912660599
2434.0000000000            2.1912045479
2435.0000000000            2.1911425591
2436.0000000000            2.1910808086
2437.0000000000            2.1910190582
2438.0000000000            2.1909568310
2439.0000000000            2.1908948421
2440.0000000000            2.1908326149
2441.0000000000            2.1907703876
2442.0000000000            2.1907079220
2443.0000000000            2.1906454563
2444.0000000000            2.1905829906
2445.0000000000            2.1905205250
2446.0000000000            2.1904578209
2447.0000000000            2.1903951168
2448.0000000000            2.1903321743
2449.0000000000            2.1902694702
2450.0000000000            2.1902065277
2451.0000000000            2.1901433468
2452.0000000000            2.1900804043
2453.0000000000            2.1900169849
2454.0000000000            2.1899538040
2455.0000000000            2.1898906231
2456.0000000000            2.1898269653
2457.0000000000            2.1897635460
2458.0000000000            2.1896998882
2459.0000000000            2.1896362305
2460.0000000000            2.1895725727
2461.0000000000            2.1895089149
2462.0000000000            2.1894450188
2463.0000000000            2.1893808842
2464.0000000000            2.1893169880
2465.0000000000            2.1892526150
2466.0000000000            2.1891887188
2467.0000000000            2.1891243458
2468.0000000000            2.1890599728
2469.0000000000            2.1889953613
2470.0000000000            2.1889309883
2471.0000000000            2.1888663769
2472.0000000000            2.1888017654
2473.0000000000            2.1887371540
2474.0000000000            2.1886723042
2475.0000000000            2.1886074543
2476.0000000000            2.1885423660
2477.0000000000            2.1884772778
2478.0000000000            2.1884121895
2479.0000000000            2.1883468628
2480.0000000000            2.1882817745
2481.0000000000            2.1882164478
2482.0000000000            2.1881508827
2483.0000000000            2.1880853176
2484.0000000000            2.1880197525
2485.0000000000            2.1879539490
2486.0000000000            2.1878883839
2487.0000000000            2.1878225803
2488.0000000000            2.1877565384
2489.0000000000            2.1876907349
2490.0000000000            2.1876246929
2491.0000000000            2.1875586510
2492.0000000000            2.1874921322
2493.0000000000            2.1874258518
2494.0000000000            2.1873595715
2495.0000000000            2.1872932911
2496.0000000000            2.1872265339
2497.0000000000            2.1871600151
2498.0000000000            2.1870932579
2499.0000000000            2.1870267391
2500.0000000000            2.1869597435
2501.0000000000            2.1868929863
2502.0000000000            2.1868257523
2503.0000000000            2.1867587566
2504.0000000000            2.1866917610
2505.0000000000            2.1866242886
2506.0000000000            2.1865570545
2507.0000000000            2.1864895821
2508.0000000000            2.1864223480
2509.0000000000            2.1863548756
2510.0000000000            2.1862871647
2511.0000000000            2.1862194538
2512.0000000000            2.1861517429
2513.0000000000            2.1860837936
2514.0000000000            2.1860160828
2515.0000000000            2.1859481335
2516.0000000000            2.1858799458
2517.0000000000            2.1858117580
2518.0000000000            2.1857435703
2519.0000000000            2.1856753826
2520.0000000000            2.1856069565
2521.0000000000            2.1855382919
2522.0000000000            2.1854698658
2523.0000000000            2.1854012012
2524.0000000000            2.1853327751
2525.0000000000            2.1852638721
2526.0000000000            2.1851949692
2527.0000000000            2.1851260662
2528.0000000000            2.1850571632
2529.0000000000            2.1849880219
2530.0000000000            2.1849188805
2531.0000000000            2.1848495007
2532.0000000000            2.1847801208
2533.0000000000            2.1847109795
2534.0000000000            2.1846413612
2535.0000000000            2.1845719814
2536.0000000000            2.1845021248
2537.0000000000            2.1844325066
2538.0000000000            2.1843628883
2539.0000000000            2.1842930317
2540.0000000000            2.1842231750
2541.0000000000            2.1841530800
2542.0000000000            2.1840829849
2543.0000000000            2.1840126514
2544.0000000000            2.1839425564
2545.0000000000            2.1838722229
2546.0000000000            2.1838018894
2547.0000000000            2.1837313175
2548.0000000000            2.1836609840
2549.0000000000            2.1835904121
2550.0000000000            2.1835196018
2551.0000000000            2.1834487915
2552.0000000000            2.1833779812
2553.0000000000            2.1833069324
2554.0000000000            2.1832358837
2555.0000000000            2.1831648350
2556.0000000000            2.1830937862
2557.0000000000            2.1830222607
2558.0000000000            2.1829512119
2559.0000000000            2.1828796864
2560.0000000000            2.1828081608
2561.0000000000            2.1827366352
2562.0000000000            2.1826648712
2563.0000000000            2.1825933456
2564.0000000000            2.1825215816
2565.0000000000            2.1824498177
2566.0000000000            2.1823778152
2567.0000000000            2.1823055744
2568.0000000000            2.1822335720
2569.0000000000            2.1821615696
2570.0000000000            2.1820890903
2571.0000000000            2.1820168495
2572.0000000000            2.1819443703
2573.0000000000            2.1818718910
2574.0000000000            2.1817994118
2575.0000000000            2.1817266941
2576.0000000000            2.1816539764
2577.0000000000            2.1815812588
2578.0000000000            2.1815083027
2579.0000000000            2.1814353466
2580.0000000000            2.1813623905
2581.0000000000            2.1812894344
2582.0000000000            2.1812160015
2583.0000000000            2.1811428070
2584.0000000000            2.1810693741
2585.0000000000            2.1809959412
2586.0000000000            2.1809225082
2587.0000000000            2.1808490753
2588.0000000000            2.1807754040
2589.0000000000            2.1807014942
2590.0000000000            2.1806278229
2591.0000000000            2.1805539131
2592.0000000000            2.1804800034
2593.0000000000            2.1804060936
2594.0000000000            2.1803319454
2595.0000000000            2.1802575588
2596.0000000000            2.1801834106
2597.0000000000            2.1801092625
2598.0000000000            2.1800346375
2599.0000000000            2.1799602509
2600.0000000000            2.1798856258
2601.0000000000            2.1798110008
2602.0000000000            2.1797361374
2603.0000000000            2.1796612740
2604.0000000000            2.1795866489
2605.0000000000            2.1795115471
2606.0000000000            2.1794366837
2607.0000000000            2.1793613434
2608.0000000000            2.1792862415
2609.0000000000            2.1792109013
2610.0000000000            2.1791355610
2611.0000000000            2.1790602207
2612.0000000000            2.1789846420
2613.0000000000            2.1789090633
2614.0000000000            2.1788332462
2615.0000000000            2.1787576675
2616.0000000000            2.1786818504
2617.0000000000            2.1786060333
2618.0000000000            2.1785299778
2619.0000000000            2.1784539223
2620.0000000000            2.1783778667
2621.0000000000            2.1783015728
2622.0000000000            2.1782252789
2623.0000000000            2.1781489849
2624.0000000000            2.1780724525
2625.0000000000            2.1779959202
2626.0000000000            2.1779193878
2627.0000000000            2.1778426170
2628.0000000000            2.1777658463
2629.0000000000            2.1776890755
2630.0000000000            2.1776123047
2631.0000000000            2.1775352955
2632.0000000000            2.1774580479
2633.0000000000            2.1773808002
2634.0000000000            2.1773037910
2635.0000000000            2.1772263050
2636.0000000000            2.1771490574
2637.0000000000            2.1770718098
2638.0000000000            2.1769940853
2639.0000000000            2.1769165993
2640.0000000000            2.1768388748
2641.0000000000            2.1767611504
2642.0000000000            2.1766831875
2643.0000000000            2.1766054630
2644.0000000000            2.1765272617
2645.0000000000            2.1764492989
2646.0000000000            2.1763710976
2647.0000000000            2.1762928963
2648.0000000000            2.1762144566
2649.0000000000            2.1761362553
2650.0000000000            2.1760578156
2651.0000000000            2.1759793758
2652.0000000000            2.1759006977
2653.0000000000            2.1758220196
2654.0000000000            2.1757431030
2655.0000000000            2.1756644249
2656.0000000000            2.1755855083
2657.0000000000            2.1755063534
2658.0000000000            2.1754271984
2659.0000000000            2.1753482819
2660.0000000000            2.1752688885
2661.0000000000            2.1751894951
2662.0000000000            2.1751101017
2663.0000000000            2.1750307083
2664.0000000000            2.1749513149
2665.0000000000            2.1748716831
2666.0000000000            2.1747918129
2667.0000000000            2.1747119427
2668.0000000000            2.1746323109
2669.0000000000            2.1745522022
2670.0000000000            2.1744723320
2671.0000000000            2.1743922234
2672.0000000000            2.1743121147
2673.0000000000            2.1742320061
2674.0000000000            2.1741516590
2675.0000000000            2.1740710735
2676.0000000000            2.1739907265
2677.0000000000            2.1739099026
2678.0000000000            2.1738295555
2679.0000000000            2.1737487316
2680.0000000000            2.1736679077
2681.0000000000            2.1735870838
2682.0000000000            2.1735060215
2683.0000000000            2.1734251976
2684.0000000000            2.1733441353
2685.0000000000            2.1732628345
2686.0000000000            2.1731815338
2687.0000000000            2.1731002331
2688.0000000000            2.1730189323
2689.0000000000            2.1729373932
2690.0000000000            2.1728558540
2691.0000000000            2.1727740765
2692.0000000000            2.1726925373
2693.0000000000            2.1726105213
2694.0000000000            2.1725287437
2695.0000000000            2.1724467278
2696.0000000000            2.1723647118
2697.0000000000            2.1722826958
2698.0000000000            2.1722004414
2699.0000000000            2.1721181870
2700.0000000000            2.1720359325
2701.0000000000            2.1719534397
2702.0000000000            2.1718709469
2703.0000000000            2.1717884541
2704.0000000000            2.1717057228
2705.0000000000            2.1716229916
2706.0000000000            2.1715400219
2707.0000000000            2.1714572906
2708.0000000000            2.1713743210
2709.0000000000            2.1712913513
2710.0000000000            2.1712081432
2711.0000000000            2.1711249352
2712.0000000000            2.1710417271
2713.0000000000            2.1709582806
2714.0000000000            2.1708750725
2715.0000000000            2.1707913876
2716.0000000000            2.1707077026
2717.0000000000            2.1706240177
2718.0000000000            2.1705403328
2719.0000000000            2.1704566479
2720.0000000000            2.1703724861
2721.0000000000            2.1702888012
2722.0000000000            2.1702046394
2723.0000000000            2.1701204777
2724.0000000000            2.1700363159
2725.0000000000            2.1699521542
2726.0000000000            2.1698675156
2727.0000000000            2.1697831154
2728.0000000000            2.1696987152
2729.0000000000            2.1696140766
2730.0000000000            2.1695294380
2731.0000000000            2.1694445610
2732.0000000000            2.1693599224
2733.0000000000            2.1692750454
2734.0000000000            2.1691899300
2735.0000000000            2.1691050529
2736.0000000000            2.1690196991
2737.0000000000            2.1689345837
2738.0000000000            2.1688492298
2739.0000000000            2.1687638760
2740.0000000000            2.1686785221
2741.0000000000            2.1685929298
2742.0000000000            2.1685073376
2743.0000000000            2.1684215069
2744.0000000000            2.1683359146
2745.0000000000            2.1682500839
2746.0000000000            2.1681640148
2747.0000000000            2.1680779457
2748.0000000000            2.1679921150
2749.0000000000            2.1679058075
2750.0000000000            2.1678195000
2751.0000000000            2.1677331924
2752.0000000000            2.1676468849
2753.0000000000            2.1675605774
2754.0000000000            2.1674740314
2755.0000000000            2.1673872471
2756.0000000000            2.1673007011
2757.0000000000            2.1672136784
2758.0000000000            2.1671268940
2759.0000000000            2.1670398712
2760.0000000000            2.1669528484
2761.0000000000            2.1668658257
2762.0000000000            2.1667788029
2763.0000000000            2.1666915417
2764.0000000000            2.1666040421
2765.0000000000            2.1665167809
2766.0000000000            2.1664292812
2767.0000000000            2.1663417816
2768.0000000000            2.1662542820
2769.0000000000            2.1661663055
2770.0000000000            2.1660785675
2771.0000000000            2.1659908295
2772.0000000000            2.1659028530
2773.0000000000            2.1658146381
2774.0000000000            2.1657266617
2775.0000000000            2.1656386852
2776.0000000000            2.1655502319
2777.0000000000            2.1654617786
2778.0000000000            2.1653735638
2779.0000000000            2.1652848721
2780.0000000000            2.1651964188
2781.0000000000            2.1651077271
2782.0000000000            2.1650190353
2783.0000000000            2.1649303436
2784.0000000000            2.1648414135
2785.0000000000            2.1647524834
2786.0000000000            2.1646633148
2787.0000000000            2.1645741463
2788.0000000000            2.1644849777
2789.0000000000            2.1643958092
2790.0000000000            2.1643064022
2791.0000000000            2.1642169952
2792.0000000000            2.1641275883
2793.0000000000            2.1640379429
2794.0000000000            2.1639482975
2795.0000000000            2.1638584137
2796.0000000000            2.1637687683
2797.0000000000            2.1636786461
2798.0000000000            2.1635887623
2799.0000000000            2.1634988785
2800.0000000000            2.1634085178
2801.0000000000            2.1633186340
2802.0000000000            2.1632280350
2803.0000000000            2.1631379128
2804.0000000000            2.1630475521
2805.0000000000            2.1629569530
2806.0000000000            2.1628661156
2807.0000000000            2.1627755165
2808.0000000000            2.1626849174
2809.0000000000            2.1625940800
2810.0000000000            2.1625030041
2811.0000000000            2.1624119282
2812.0000000000            2.1623210907
2813.0000000000            2.1622297764
2814.0000000000            2.1621387005
2815.0000000000            2.1620473862
2816.0000000000            2.1619560719
2817.0000000000            2.1618647575
2818.0000000000            2.1617732048
2819.0000000000            2.1616814137
2820.0000000000            2.1615896225
2821.0000000000            2.1614978313
2822.0000000000            2.1614062786
2823.0000000000            2.1613142490
2824.0000000000            2.1612222195
2825.0000000000            2.1611299515
2826.0000000000            2.1610379219
2827.0000000000            2.1609456539
2828.0000000000            2.1608533859
2829.0000000000            2.1607611179
2830.0000000000            2.1606686115
2831.0000000000            2.1605761051
2832.0000000000            2.1604833603
2833.0000000000            2.1603908539
2834.0000000000            2.1602978706
2835.0000000000            2.1602051258
2836.0000000000            2.1601119041
2837.0000000000            2.1600191593
2838.0000000000            2.1599259377
2839.0000000000            2.1598329544
2840.0000000000            2.1597394943
2841.0000000000            2.1596462727
2842.0000000000            2.1595528126
2843.0000000000            2.1594593525
2844.0000000000            2.1593658924
2845.0000000000            2.1592721939
2846.0000000000            2.1591784954
2847.0000000000            2.1590845585
2848.0000000000            2.1589906216
2849.0000000000            2.1588969231
2850.0000000000            2.1588027477
2851.0000000000            2.1587085724
2852.0000000000            2.1586143970
2853.0000000000            2.1585202217
2854.0000000000            2.1584258080
2855.0000000000            2.1583313942
2856.0000000000            2.1582369804
2857.0000000000            2.1581423283
2858.0000000000            2.1580476761
2859.0000000000            2.1579530239
2860.0000000000            2.1578581333
2861.0000000000            2.1577632427
2862.0000000000            2.1576683521
2863.0000000000            2.1575732231
2864.0000000000            2.1574780941
2865.0000000000            2.1573827267
2866.0000000000            2.1572878361
2867.0000000000            2.1571922302
2868.0000000000            2.1570968628
2869.0000000000            2.1570012569
2870.0000000000            2.1569056511
2871.0000000000            2.1568100452
2872.0000000000            2.1567144394
2873.0000000000            2.1566185951
2874.0000000000            2.1565227509
2875.0000000000            2.1564266682
2876.0000000000            2.1563305855
2877.0000000000            2.1562345028
2878.0000000000            2.1561381817
2879.0000000000            2.1560418606
2880.0000000000            2.1559455395
2881.0000000000            2.1558489799
2882.0000000000            2.1557526588
2883.0000000000            2.1556558609
2884.0000000000            2.1555593014
2885.0000000000            2.1554625034
2886.0000000000            2.1553657055
2887.0000000000            2.1552686691
2888.0000000000            2.1551716328
2889.0000000000            2.1550745964
2890.0000000000            2.1549773216
2891.0000000000            2.1548802853
2892.0000000000            2.1547830105
2893.0000000000            2.1546854973
2894.0000000000            2.1545879841
2895.0000000000            2.1544904709
2896.0000000000            2.1543927193
2897.0000000000            2.1542952061
2898.0000000000            2.1541974545
2899.0000000000            2.1540994644
2900.0000000000            2.1540017128
2901.0000000000            2.1539034843
2902.0000000000            2.1538054943
2903.0000000000            2.1537072659
2904.0000000000            2.1536090374
2905.0000000000            2.1535105705
2906.0000000000            2.1534123421
2907.0000000000            2.1533138752
2908.0000000000            2.1532151699
2909.0000000000            2.1531167030
2910.0000000000            2.1530179977
2911.0000000000            2.1529190540
2912.0000000000            2.1528203487
2913.0000000000            2.1527211666
2914.0000000000            2.1526222229
2915.0000000000            2.1525230408
2916.0000000000            2.1524238586
2917.0000000000            2.1523246765
2918.0000000000            2.1522252560
2919.0000000000            2.1521258354
2920.0000000000            2.1520264149
2921.0000000000            2.1519267559
2922.0000000000            2.1518270969
2923.0000000000            2.1517274380
2924.0000000000            2.1516275406
2925.0000000000            2.1515276432
2926.0000000000            2.1514277458
2927.0000000000            2.1513276100
2928.0000000000            2.1512274742
2929.0000000000            2.1511273384
2930.0000000000            2.1510269642
2931.0000000000            2.1509265900
2932.0000000000            2.1508262157
2933.0000000000            2.1507258415
2934.0000000000            2.1506249905
2935.0000000000            2.1505243778
2936.0000000000            2.1504237652
2937.0000000000            2.1503226757
2938.0000000000            2.1502218246
2939.0000000000            2.1501209736
2940.0000000000            2.1500198841
2941.0000000000            2.1499185562
2942.0000000000            2.1498174667
2943.0000000000            2.1497161388
2944.0000000000            2.1496148109
2945.0000000000            2.1495132446
2946.0000000000            2.1494119167
2947.0000000000            2.1493101120
2948.0000000000            2.1492085457
2949.0000000000            2.1491067410
2950.0000000000            2.1490049362
2951.0000000000            2.1489028931
2952.0000000000            2.1488008499
2953.0000000000            2.1486988068
2954.0000000000            2.1485967636
2955.0000000000            2.1484944820
2956.0000000000            2.1483922005
2957.0000000000            2.1482896805
2958.0000000000            2.1481871605
2959.0000000000            2.1480846405
2960.0000000000            2.1479821205
2961.0000000000            2.1478793621
2962.0000000000            2.1477766037
2963.0000000000            2.1476736069
2964.0000000000            2.1475706100
2965.0000000000            2.1474676132
2966.0000000000            2.1473646164
2967.0000000000            2.1472613811
2968.0000000000            2.1471581459
2969.0000000000            2.1470546722
2970.0000000000            2.1469511986
2971.0000000000            2.1468477249
2972.0000000000            2.1467442513
2973.0000000000            2.1466405392
2974.0000000000            2.1465368271
2975.0000000000            2.1464331150
2976.0000000000            2.1463291645
2977.0000000000            2.1462252140
2978.0000000000            2.1461212635
2979.0000000000            2.1460168362
2980.0000000000            2.1459128857
2981.0000000000            2.1458086967
2982.0000000000            2.1457042694
2983.0000000000            2.1455998421
2984.0000000000            2.1454951763
2985.0000000000            2.1453907490
2986.0000000000            2.1452858448
2987.0000000000            2.1451811790
2988.0000000000            2.1450765133
2989.0000000000            2.1449713707
2990.0000000000            2.1448664665
2991.0000000000            2.1447615623
2992.0000000000            2.1446561813
2993.0000000000            2.1445510387
2994.0000000000            2.1444456577
2995.0000000000            2.1443402767
2996.0000000000            2.1442348957
2997.0000000000            2.1441295147
2998.0000000000            2.1440236568
2999.0000000000            2.1439180374
3000.0000000000            2.1438121796
3001.0000000000            2.1437065601
3002.0000000000            2.1436004639
3003.0000000000            2.1434943676
3004.0000000000            2.1433885098
3005.0000000000            2.1432821751
3006.0000000000            2.1431760788
3007.0000000000            2.1430697441
3008.0000000000            2.1429631710
3009.0000000000            2.1428568363
3010.0000000000            2.1427502632
3011.0000000000            2.1426436901
3012.0000000000            2.1425368786
3013.0000000000            2.1424300671
3014.0000000000            2.1423232555
3015.0000000000            2.1422162056
3016.0000000000            2.1421091557
3017.0000000000            2.1420021057
3018.0000000000            2.1418950558
3019.0000000000            2.1417877674
3020.0000000000            2.1416802406
3021.0000000000            2.1415729523
3022.0000000000            2.1414654255
3023.0000000000            2.1413578987
3024.0000000000            2.1412501335
3025.0000000000            2.1411423683
3026.0000000000            2.1410346031
3027.0000000000            2.1409268379
3028.0000000000            2.1408188343
3029.0000000000            2.1407105923
3030.0000000000            2.1406025887
3031.0000000000            2.1404945850
3032.0000000000            2.1403861046
3033.0000000000            2.1402778625
3034.0000000000            2.1401693821
3035.0000000000            2.1400609016
3036.0000000000            2.1399521828
3037.0000000000            2.1398437023
3038.0000000000            2.1397347450
3039.0000000000            2.1396260262
3040.0000000000            2.1395170689
3041.0000000000            2.1394081116
3042.0000000000            2.1392989159
3043.0000000000            2.1391899586
3044.0000000000            2.1390805244
3045.0000000000            2.1389713287
3046.0000000000            2.1388618946
3047.0000000000            2.1387524605
3048.0000000000            2.1386427879
3049.0000000000            2.1385333538
3050.0000000000            2.1384236813
3051.0000000000            2.1383137703
3052.0000000000            2.1382040977
3053.0000000000            2.1380941868
3054.0000000000            2.1379840374
3055.0000000000            2.1378738880
3056.0000000000            2.1377637386
3057.0000000000            2.1376535892
3058.0000000000            2.1375432014
3059.0000000000            2.1374328136
3060.0000000000            2.1373224258
3061.0000000000            2.1372117996
3062.0000000000            2.1371011734
3063.0000000000            2.1369903088
3064.0000000000            2.1368796825
3065.0000000000            2.1367688179
3066.0000000000            2.1366577148
3067.0000000000            2.1365468502
3068.0000000000            2.1364357471
3069.0000000000            2.1363244057
3070.0000000000            2.1362130642
3071.0000000000            2.1361017227
3072.0000000000            2.1359903812
3073.0000000000            2.1358788013
3074.0000000000            2.1357674599
3075.0000000000            2.1356556416
3076.0000000000            2.1355438232
3077.0000000000            2.1354322433
3078.0000000000            2.1353201866
3079.0000000000            2.1352081299
3080.0000000000            2.1350963116
3081.0000000000            2.1349840164
3082.0000000000            2.1348719597
3083.0000000000            2.1347596645
3084.0000000000            2.1346471310
3085.0000000000            2.1345348358
3086.0000000000            2.1344223022
3087.0000000000            2.1343097687
3088.0000000000            2.1341969967
3089.0000000000            2.1340842247
3090.0000000000            2.1339714527
3091.0000000000            2.1338584423
3092.0000000000            2.1337454319
3093.0000000000            2.1336324215
3094.0000000000            2.1335191727
3095.0000000000            2.1334061623
3096.0000000000            2.1332926750
3097.0000000000            2.1331791878
3098.0000000000            2.1330659389
3099.0000000000            2.1329522133
3100.0000000000            2.1328387260
3101.0000000000            2.1327250004
3102.0000000000            2.1326112747
3103.0000000000            2.1324973106
3104.0000000000            2.1323833466
3105.0000000000            2.1322693825
3106.0000000000            2.1321551800
3107.0000000000            2.1320409775
3108.0000000000            2.1319270134
3109.0000000000            2.1318125725
3110.0000000000            2.1316981316
3111.0000000000            2.1315836906
3112.0000000000            2.1314690113
3113.0000000000            2.1313545704
3114.0000000000            2.1312398911
3115.0000000000            2.1311249733
3116.0000000000            2.1310100555
3117.0000000000            2.1308951378
3118.0000000000            2.1307799816
3119.0000000000            2.1306648254
3120.0000000000            2.1305496693
3121.0000000000            2.1304342747
3122.0000000000            2.1303191185
3123.0000000000            2.1302037239
3124.0000000000            2.1300880909
3125.0000000000            2.1299724579
3126.0000000000            2.1298568249
3127.0000000000            2.1297411919
3128.0000000000            2.1296253204
3129.0000000000            2.1295094490
3130.0000000000            2.1293933392
3131.0000000000            2.1292772293
3132.0000000000            2.1291613579
3133.0000000000            2.1290450096
3134.0000000000            2.1289286613
3135.0000000000            2.1288123131
3136.0000000000            2.1286959648
3137.0000000000            2.1285793781
3138.0000000000            2.1284627914
3139.0000000000            2.1283459663
3140.0000000000            2.1282291412
3141.0000000000            2.1281125546
3142.0000000000            2.1279954910
3143.0000000000            2.1278786659
3144.0000000000            2.1277613640
3145.0000000000            2.1276443005
3146.0000000000            2.1275272369
3147.0000000000            2.1274096966
3148.0000000000            2.1272923946
3149.0000000000            2.1271748543
3150.0000000000            2.1270573139
3151.0000000000            2.1269397736
3152.0000000000            2.1268219948
3153.0000000000            2.1267042160
3154.0000000000            2.1265861988
3155.0000000000            2.1264684200
3156.0000000000            2.1263504028
3157.0000000000            2.1262321472
3158.0000000000            2.1261138916
3159.0000000000            2.1259956360
3160.0000000000            2.1258773804
3161.0000000000            2.1257588863
3162.0000000000            2.1256406307
3163.0000000000            2.1255218983
3164.0000000000            2.1254031658
3165.0000000000            2.1252846718
3166.0000000000            2.1251659393
3167.0000000000            2.1250467300
3168.0000000000            2.1249279976
3169.0000000000            2.1248087883
3170.0000000000            2.1246898174
3171.0000000000            2.1245706081
3172.0000000000            2.1244511604
3173.0000000000            2.1243317127
3174.0000000000            2.1242125034
3175.0000000000            2.1240928173
3176.0000000000            2.1239733696
3177.0000000000            2.1238536835
3178.0000000000            2.1237339973
3179.0000000000            2.1236140728
3180.0000000000            2.1234941483
3181.0000000000            2.1233742237
3182.0000000000            2.1232540607
3183.0000000000            2.1231338978
3184.0000000000            2.1230137348
3185.0000000000            2.1228933334
3186.0000000000            2.1227731705
3187.0000000000            2.1226525307
3188.0000000000            2.1225321293
3189.0000000000            2.1224114895
3190.0000000000            2.1222906113
3191.0000000000            2.1221697330
3192.0000000000            2.1220488548
3193.0000000000            2.1219279766
3194.0000000000            2.1218070984
3195.0000000000            2.1216859818
3196.0000000000            2.1215648651
3197.0000000000            2.1214437485
3198.0000000000            2.1213221550
3199.0000000000            2.1212007999
3200.0000000000            2.1210794449
3201.0000000000            2.1209578514
3202.0000000000            2.1208360195
3203.0000000000            2.1207144260
3204.0000000000            2.1205925941
3205.0000000000            2.1204707623
3206.0000000000            2.1203489304
3207.0000000000            2.1202268600
3208.0000000000            2.1201045513
3209.0000000000            2.1199824810
3210.0000000000            2.1198601723
3211.0000000000            2.1197378635
3212.0000000000            2.1196153164
3213.0000000000            2.1194930077
3214.0000000000            2.1193702221
3215.0000000000            2.1192476749
3216.0000000000            2.1191248894
3217.0000000000            2.1190021038
3218.0000000000            2.1188793182
3219.0000000000            2.1187560558
3220.0000000000            2.1186332703
3221.0000000000            2.1185100079
3222.0000000000            2.1183867455
3223.0000000000            2.1182634830
3224.0000000000            2.1181402206
3225.0000000000            2.1180167198
3226.0000000000            2.1178932190
3227.0000000000            2.1177694798
3228.0000000000            2.1176457405
3229.0000000000            2.1175222397
3230.0000000000            2.1173982620
3231.0000000000            2.1172742844
3232.0000000000            2.1171503067
3233.0000000000            2.1170263290
3234.0000000000            2.1169021130
3235.0000000000            2.1167778969
3236.0000000000            2.1166536808
3237.0000000000            2.1165292263
3238.0000000000            2.1164047718
3239.0000000000            2.1162800789
3240.0000000000            2.1161553860
3241.0000000000            2.1160306931
3242.0000000000            2.1159060001
3243.0000000000            2.1157810688
3244.0000000000            2.1156561375
3245.0000000000            2.1155312061
3246.0000000000            2.1154060364
3247.0000000000            2.1152808666
3248.0000000000            2.1151554585
3249.0000000000            2.1150302887
3250.0000000000            2.1149048805
3251.0000000000            2.1147792339
3252.0000000000            2.1146538258
3253.0000000000            2.1145281792
3254.0000000000            2.1144025326
3255.0000000000            2.1142766476
3256.0000000000            2.1141505241
3257.0000000000            2.1140246391
3258.0000000000            2.1138985157
3259.0000000000            2.1137723923
3260.0000000000            2.1136462688
3261.0000000000            2.1135201454
3262.0000000000            2.1133937836
3263.0000000000            2.1132674217
3264.0000000000            2.1131408215
3265.0000000000            2.1130142212
3266.0000000000            2.1128873825
3267.0000000000            2.1127607822
3268.0000000000            2.1126339436
3269.0000000000            2.1125068665
3270.0000000000            2.1123800278
3271.0000000000            2.1122529507
3272.0000000000            2.1121258736
3273.0000000000            2.1119985580
3274.0000000000            2.1118712425
3275.0000000000            2.1117439270
3276.0000000000            2.1116163731
3277.0000000000            2.1114888191
3278.0000000000            2.1113612652
3279.0000000000            2.1112334728
3280.0000000000            2.1111056805
3281.0000000000            2.1109778881
3282.0000000000            2.1108498573
3283.0000000000            2.1107220650
3284.0000000000            2.1105937958
3285.0000000000            2.1104655266
3286.0000000000            2.1103374958
3287.0000000000            2.1102092266
3288.0000000000            2.1100807190
3289.0000000000            2.1099522114
3290.0000000000            2.1098237038
3291.0000000000            2.1096949577
3292.0000000000            2.1095662117
3293.0000000000            2.1094374657
3294.0000000000            2.1093087196
3295.0000000000            2.1091797352
3296.0000000000            2.1090505123
3297.0000000000            2.1089215279
3298.0000000000            2.1087923050
3299.0000000000            2.1086630821
3300.0000000000            2.1085338593
3301.0000000000            2.1084043980
3302.0000000000            2.1082749367
3303.0000000000            2.1081452370
3304.0000000000            2.1080155373
3305.0000000000            2.1078858376
3306.0000000000            2.1077561378
3307.0000000000            2.1076259613
3308.0000000000            2.1074962616
3309.0000000000            2.1073660851
3310.0000000000            2.1072359085
3311.0000000000            2.1071057320
3312.0000000000            2.1069755554
3313.0000000000            2.1068451405
3314.0000000000            2.1067147255
3315.0000000000            2.1065840721
3316.0000000000            2.1064534187
3317.0000000000            2.1063227654
3318.0000000000            2.1061918736
3319.0000000000            2.1060612202
3320.0000000000            2.1059300900
3321.0000000000            2.1057991982
3322.0000000000            2.1056683064
3323.0000000000            2.1055371761
3324.0000000000            2.1054058075
3325.0000000000            2.1052744389
3326.0000000000            2.1051430702
3327.0000000000            2.1050114632
3328.0000000000            2.1048800945
3329.0000000000            2.1047484875
3330.0000000000            2.1046168804
3331.0000000000            2.1044847965
3332.0000000000            2.1043531895
3333.0000000000            2.1042211056
3334.0000000000            2.1040892601
3335.0000000000            2.1039571762
3336.0000000000            2.1038248539
3337.0000000000            2.1036925316
3338.0000000000            2.1035602093
3339.0000000000            2.1034278870
3340.0000000000            2.1032953262
3341.0000000000            2.1031627655
3342.0000000000            2.1030299664
3343.0000000000            2.1028974056
3344.0000000000            2.1027646065
3345.0000000000            2.1026318073
3346.0000000000            2.1024987698
3347.0000000000            2.1023657322
3348.0000000000            2.1022326946
3349.0000000000            2.1020994186
3350.0000000000            2.1019661427
3351.0000000000            2.1018326283
3352.0000000000            2.1016993523
3353.0000000000            2.1015658379
3354.0000000000            2.1014323235
3355.0000000000            2.1012985706
3356.0000000000            2.1011648178
3357.0000000000            2.1010310650
3358.0000000000            2.1008970737
3359.0000000000            2.1007630825
3360.0000000000            2.1006288528
3361.0000000000            2.1004948616
3362.0000000000            2.1003606319
3363.0000000000            2.1002264023
3364.0000000000            2.1000919342
3365.0000000000            2.0999574661
3366.0000000000            2.0998229980
3367.0000000000            2.0996885300
3368.0000000000            2.0995538235
3369.0000000000            2.0994188786
3370.0000000000            2.0992841721
3371.0000000000            2.0991489887
3372.0000000000            2.0990142822
3373.0000000000            2.0988790989
3374.0000000000            2.0987439156
3375.0000000000            2.0986084938
3376.0000000000            2.0984733105
3377.0000000000            2.0983378887
3378.0000000000            2.0982024670
3379.0000000000            2.0980670452
3380.0000000000            2.0979313850
3381.0000000000            2.0977954865
3382.0000000000            2.0976598263
3383.0000000000            2.0975239277
3384.0000000000            2.0973880291
3385.0000000000            2.0972521305
3386.0000000000            2.0971157551
3387.0000000000            2.0969796181
3388.0000000000            2.0968434811
3389.0000000000            2.0967071056
3390.0000000000            2.0965707302
3391.0000000000            2.0964341164
3392.0000000000            2.0962975025
3393.0000000000            2.0961608887
3394.0000000000            2.0960242748
3395.0000000000            2.0958874226
3396.0000000000            2.0957505703
3397.0000000000            2.0956134796
3398.0000000000            2.0954763889
3399.0000000000            2.0953392982
3400.0000000000            2.0952022076
3401.0000000000            2.0950648785
3402.0000000000            2.0949275494
3403.0000000000            2.0947899818
3404.0000000000            2.0946524143
3405.0000000000            2.0945150852
3406.0000000000            2.0943772793
3407.0000000000            2.0942397118
3408.0000000000            2.0941016674
3409.0000000000            2.0939638615
3410.0000000000            2.0938258171
3411.0000000000            2.0936877728
3412.0000000000            2.0935497284
3413.0000000000            2.0934114456
3414.0000000000            2.0932731628
3415.0000000000            2.0931346416
3416.0000000000            2.0929963589
3417.0000000000            2.0928575993
3418.0000000000            2.0927190781
3419.0000000000            2.0925803185
3420.0000000000            2.0924415588
3421.0000000000            2.0923027992
3422.0000000000            2.0921638012
3423.0000000000            2.0920248032
3424.0000000000            2.0918858051
3425.0000000000            2.0917465687
3426.0000000000            2.0916073322
3427.0000000000            2.0914680958
3428.0000000000            2.0913286209
3429.0000000000            2.0911891460
3430.0000000000            2.0910494328
3431.0000000000            2.0909099579
3432.0000000000            2.0907702446
3433.0000000000            2.0906305313
3434.0000000000            2.0904905796
3435.0000000000            2.0903506279
3436.0000000000            2.0902106762
3437.0000000000            2.0900704861
3438.0000000000            2.0899305344
3439.0000000000            2.0897901058
3440.0000000000            2.0896499157
3441.0000000000            2.0895092487
3442.0000000000            2.0893688202
3443.0000000000            2.0892283916
3444.0000000000            2.0890877247
3445.0000000000            2.0889470577
3446.0000000000            2.0888061523
3447.0000000000            2.0886652470
3448.0000000000            2.0885241032
3449.0000000000            2.0883831978
3450.0000000000            2.0882420540
3451.0000000000            2.0881009102
3452.0000000000            2.0879595280
3453.0000000000            2.0878181458
3454.0000000000            2.0876767635
3455.0000000000            2.0875353813
3456.0000000000            2.0873937607
3457.0000000000            2.0872521400
3458.0000000000            2.0871102810
3459.0000000000            2.0869684219
3460.0000000000            2.0868265629
3461.0000000000            2.0866844654
3462.0000000000            2.0865423679
3463.0000000000            2.0864002705
3464.0000000000            2.0862581730
3465.0000000000            2.0861158371
3466.0000000000            2.0859735012
3467.0000000000            2.0858309269
3468.0000000000            2.0856885910
3469.0000000000            2.0855460167
3470.0000000000            2.0854032040
3471.0000000000            2.0852603912
3472.0000000000            2.0851175785
3473.0000000000            2.0849745274
3474.0000000000            2.0848317146
3475.0000000000            2.0846886635
3476.0000000000            2.0845453739
3477.0000000000            2.0844020844
3478.0000000000            2.0842587948
3479.0000000000            2.0841155052
3480.0000000000            2.0839719772
3481.0000000000            2.0838284492
3482.0000000000            2.0836846828
3483.0000000000            2.0835411549
3484.0000000000            2.0833973885
3485.0000000000            2.0832536221
3486.0000000000            2.0831096172
3487.0000000000            2.0829653740
3488.0000000000            2.0828213692
3489.0000000000            2.0826771259
3490.0000000000            2.0825328827
3491.0000000000            2.0823886395
3492.0000000000            2.0822443962
3493.0000000000            2.0820996761
3494.0000000000            2.0819551945
3495.0000000000            2.0818104744
3496.0000000000            2.0816659927
3497.0000000000            2.0815210342
3498.0000000000            2.0813760757
3499.0000000000            2.0812311172
3500.0000000000            2.0810861588
3501.0000000000            2.0809409618
3502.0000000000            2.0807957649
3503.0000000000            2.0806505680
3504.0000000000            2.0805053711
3505.0000000000            2.0803596973
3506.0000000000            2.0802142620
3507.0000000000            2.0800688267
3508.0000000000            2.0799231529
3509.0000000000            2.0797772408
3510.0000000000            2.0796315670
3511.0000000000            2.0794856548
3512.0000000000            2.0793397427
3513.0000000000            2.0791935921
3514.0000000000            2.0790474415
3515.0000000000            2.0789012909
3516.0000000000            2.0787549019
3517.0000000000            2.0786087513
3518.0000000000            2.0784621239
3519.0000000000            2.0783157349
3520.0000000000            2.0781691074
3521.0000000000            2.0780224800
3522.0000000000            2.0778756142
3523.0000000000            2.0777289867
3524.0000000000            2.0775821209
3525.0000000000            2.0774350166
3526.0000000000            2.0772879124
3527.0000000000            2.0771408081
3528.0000000000            2.0769934654
3529.0000000000            2.0768463612
3530.0000000000            2.0766987801
3531.0000000000            2.0765514374
3532.0000000000            2.0764038563
3533.0000000000            2.0762562752
3534.0000000000            2.0761084557
3535.0000000000            2.0759606361
3536.0000000000            2.0758130550
3537.0000000000            2.0756649971
3538.0000000000            2.0755169392
3539.0000000000            2.0753688812
3540.0000000000            2.0752208233
3541.0000000000            2.0750725269
3542.0000000000            2.0749242306
3543.0000000000            2.0747759342
3544.0000000000            2.0746273994
3545.0000000000            2.0744788647
3546.0000000000            2.0743303299
3547.0000000000            2.0741815567
3548.0000000000            2.0740327835
3549.0000000000            2.0738837719
3550.0000000000            2.0737347603
3551.0000000000            2.0735859871
3552.0000000000            2.0734369755
3553.0000000000            2.0732874870
3554.0000000000            2.0731382370
3555.0000000000            2.0729889870
3556.0000000000            2.0728394985
3557.0000000000            2.0726900101
3558.0000000000            2.0725407600
3559.0000000000            2.0723910332
3560.0000000000            2.0722410679
3561.0000000000            2.0720915794
3562.0000000000            2.0719416142
3563.0000000000            2.0717916489
3564.0000000000            2.0716416836
3565.0000000000            2.0714914799
3566.0000000000            2.0713412762
3567.0000000000            2.0711910725
3568.0000000000            2.0710406303
3569.0000000000            2.0708901882
3570.0000000000            2.0707397461
3571.0000000000            2.0705893040
3572.0000000000            2.0704383850
3573.0000000000            2.0702879429
3574.0000000000            2.0701370239
3575.0000000000            2.0699861050
3576.0000000000            2.0698351860
3577.0000000000            2.0696840286
3578.0000000000            2.0695328712
3579.0000000000            2.0693817139
3580.0000000000            2.0692305565
3581.0000000000            2.0690791607
3582.0000000000            2.0689275265
3583.0000000000            2.0687758923
3584.0000000000            2.0686242580
3585.0000000000            2.0684723854
3586.0000000000            2.0683202744
3587.0000000000            2.0681676865
3588.0000000000            2.0680150986
3589.0000000000            2.0678617954
3590.0000000000            2.0677080154
3591.0000000000            2.0675530434
3592.0000000000            2.0673971176
3593.0000000000            2.0672392845
3594.0000000000            2.0670788288
3595.0000000000            2.0669150352
3596.0000000000            2.0667467117
3597.0000000000            2.0665719509
3598.0000000000            2.0663886070
3599.0000000000            2.0661933422
3600.0000000000            2.0659825802
3601.0000000000            2.0657508373
3602.0000000000            2.0654911995
3603.0000000000            2.0651957989
3604.0000000000            2.0648527145
3605.0000000000            2.0644485950
3606.0000000000            2.0639660358
3607.0000000000            2.0633835793
3608.0000000000            2.0626747608
3609.0000000000            2.0618071556
3610.0000000000            2.0607421398
3611.0000000000            2.0594329834
3612.0000000000            2.0578243732
3613.0000000000            2.0558512211
3614.0000000000            2.0534379482
3615.0000000000            2.0504970551
3616.0000000000            2.0469288826
3617.0000000000            2.0426208973
3618.0000000000            2.0374469757
3619.0000000000            2.0312676430
3620.0000000000            2.0239310265
3621.0000000000            2.0152721405
3622.0000000000            2.0051157475
3623.0000000000            1.9932777882
3624.0000000000            1.9795668125
3625.0000000000            1.9637886286
3626.0000000000            1.9457486868
3627.0000000000            1.9252564907
3628.0000000000            1.9021304846
3629.0000000000            1.8762027025
3630.0000000000            1.8473241329
3631.0000000000            1.8153698444
3632.0000000000            1.7802441120
3633.0000000000            1.7418856621
3634.0000000000            1.7002722025
3635.0000000000            1.6554231644
3636.0000000000            1.6074042320
3637.0000000000            1.5563281775
3638.0000000000            1.5023561716
3639.0000000000            1.4456965923
3640.0000000000            1.3866044283
3641.0000000000            1.3253773451
3642.0000000000            1.2623512745
3643.0000000000            1.1978958845
3644.0000000000            1.1324068308
3645.0000000000            1.0662993193
3646.0000000000            1.0000000000
3647.0000000000            0.9339383245
3648.0000000000            0.8685389161
3649.0000000000            0.8042125106
3650.0000000000            0.7413491607
3651.0000000000            0.6803106070
3652.0000000000            0.6214243174
3653.0000000000            0.5649786592
3654.0000000000            0.5112186670
3655.0000000000            0.4603437781
3656.0000000000            0.4125063717
3657.0000000000            0.3678115308
3658.0000000000            0.3263183832
3659.0000000000            0.2880421877
3660.0000000000            0.2529573441
3661.0000000000            0.2210012823
3662.0000000000            0.1920789033
3663.0000000000            0.1660673320
3664.0000000000            0.1428209692
3665.0000000000            0.1221764684
3666.0000000000            0.1039577127
3667.0000000000            0.0879804492
3668.0000000000            0.0740565658
3669.0000000000            0.0619979762
3670.0000000000            0.0516199283
3671.0000000000            0.0427438281
3672.0000000000            0.0351995006
3673.0000000000            0.0288269278
3674.0000000000            0.0234774668
3675.0000000000            0.0190146398
3676.0000000000            0.0153144859
3677.0000000000            0.0122655863
3678.0000000000            0.0097687803
3679.0000000000            0.0077366601
3680.0000000000            0.0060928911
3681.0000000000            0.0047714016
3682.0000000000            0.0037155023
3683.0000000000            0.0028769667
3684.0000000000            0.0022151084
3685.0000000000            0.0016958810
3686.0000000000            0.0012910225
3687.0000000000            0.0009772560
3688.0000000000            0.0007355586
3689.0000000000            0.0005505024
3690.0000000000            0.0004096690
3691.0000000000            0.0003031363
3692.0000000000            0.0002230351
3693.0000000000            0.0001631692
3694.0000000000            0.0001186951
3695.0000000000            0.0000858532
3696.0000000000            0.0000617462
3697.0000000000            0.0000441564
