1897.00            2.4934933186
1898.00            2.4933893681
1899.00            2.4932851791
1900.00            2.4931809902
1901.00            2.4930765629
1902.00            2.4929718971
1903.00            2.4928672314
1904.00            2.4927620888
1905.00            2.4926571846
1906.00            2.4925518036
1907.00            2.4924464226
1908.00            2.4923408031
1909.00            2.4922349453
1910.00            2.4921290874
1911.00            2.4920227528
1912.00            2.4919164181
1913.00            2.4918100834
1914.00            2.4917035103
1915.00            2.4915964603
1916.00            2.4914894104
1917.00            2.4913823605
1918.00            2.4912748337
1919.00            2.4911673069
1920.00            2.4910597801
1921.00            2.4909517765
1922.00            2.4908437729
1923.00            2.4907352924
1924.00            2.4906270504
1925.00            2.4905185699
1926.00            2.4904096127
1927.00            2.4903008938
1928.00            2.4901916981
1929.00            2.4900825024
1930.00            2.4899730682
1931.00            2.4898633957
1932.00            2.4897537231
1933.00            2.4896435738
1934.00            2.4895334244
1935.00            2.4894232750
1936.00            2.4893126488
1937.00            2.4892020226
1938.00            2.4890911579
1939.00            2.4889802933
1940.00            2.4888689518
1941.00            2.4887578487
1942.00            2.4886462688
1943.00            2.4885344505
1944.00            2.4884226322
1945.00            2.4883105755
1946.00            2.4881982803
1947.00            2.4880859852
1948.00            2.4879734516
1949.00            2.4878606796
1950.00            2.4877479076
1951.00            2.4876348972
1952.00            2.4875214100
1953.00            2.4874079227
1954.00            2.4872944355
1955.00            2.4871807098
1956.00            2.4870667458
1957.00            2.4869525433
1958.00            2.4868383408
1959.00            2.4867238998
1960.00            2.4866092205
1961.00            2.4864945412
1962.00            2.4863793850
1963.00            2.4862642288
1964.00            2.4861490726
1965.00            2.4860334396
1966.00            2.4859178066
1967.00            2.4858019352
1968.00            2.4856858253
1969.00            2.4855699539
1970.00            2.4854533672
1971.00            2.4853367805
1972.00            2.4852201939
1973.00            2.4851033688
1974.00            2.4849863052
1975.00            2.4848690033
1976.00            2.4847517014
1977.00            2.4846341610
1978.00            2.4845163822
1979.00            2.4843983650
1980.00            2.4842803478
1981.00            2.4841620922
1982.00            2.4840435982
1983.00            2.4839248657
1984.00            2.4838063717
1985.00            2.4836874008
1986.00            2.4835681915
1987.00            2.4834487438
1988.00            2.4833295345
1989.00            2.4832098484
1990.00            2.4830899239
1991.00            2.4829697609
1992.00            2.4828498363
1993.00            2.4827294350
1994.00            2.4826090336
1995.00            2.4824881554
1996.00            2.4823675156
1997.00            2.4822463989
1998.00            2.4821252823
1999.00            2.4820036888
2000.00            2.4818823338
2001.00            2.4817605019
2002.00            2.4816386700
2003.00            2.4815165997
2004.00            2.4813945293
2005.00            2.4812719822
2006.00            2.4811494350
2007.00            2.4810266495
2008.00            2.4809036255
2009.00            2.4807808399
2010.00            2.4806573391
2011.00            2.4805340767
2012.00            2.4804103374
2013.00            2.4802865982
2014.00            2.4801626205
2015.00            2.4800386429
2016.00            2.4799141884
2017.00            2.4797897339
2018.00            2.4796650410
2019.00            2.4795401096
2020.00            2.4794154167
2021.00            2.4792900085
2022.00            2.4791648388
2023.00            2.4790391922
2024.00            2.4789135456
2025.00            2.4787876606
2026.00            2.4786617756
2027.00            2.4785356522
2028.00            2.4784090519
2029.00            2.4782826900
2030.00            2.4781558514
2031.00            2.4780290127
2032.00            2.4779019356
2033.00            2.4777748585
2034.00            2.4776473045
2035.00            2.4775197506
2036.00            2.4773919582
2037.00            2.4772639275
2038.00            2.4771358967
2039.00            2.4770076275
2040.00            2.4768791199
2041.00            2.4767506123
2042.00            2.4766218662
2043.00            2.4764928818
2044.00            2.4763636589
2045.00            2.4762344360
2046.00            2.4761049747
2047.00            2.4759752750
2048.00            2.4758453369
2049.00            2.4757153988
2050.00            2.4755852222
2051.00            2.4754548073
2052.00            2.4753246307
2053.00            2.4751939774
2054.00            2.4750630856
2055.00            2.4749319553
2056.00            2.4748008251
2057.00            2.4746694565
2058.00            2.4745378494
2059.00            2.4744060040
2060.00            2.4742741585
2061.00            2.4741420746
2062.00            2.4740099907
2063.00            2.4738774300
2064.00            2.4737448692
2065.00            2.4736120701
2066.00            2.4734792709
2067.00            2.4733459949
2068.00            2.4732127190
2069.00            2.4730794430
2070.00            2.4729456902
2071.00            2.4728119373
2072.00            2.4726781845
2073.00            2.4725439548
2074.00            2.4724097252
2075.00            2.4722752571
2076.00            2.4721405506
2077.00            2.4720058441
2078.00            2.4718706608
2079.00            2.4717357159
2080.00            2.4716002941
2081.00            2.4714648724
2082.00            2.4713289738
2083.00            2.4711933136
2084.00            2.4710571766
2085.00            2.4709210396
2086.00            2.4707846642
2087.00            2.4706480503
2088.00            2.4705114365
2089.00            2.4703745842
2090.00            2.4702374935
2091.00            2.4701001644
2092.00            2.4699628353
2093.00            2.4698252678
2094.00            2.4696874619
2095.00            2.4695496559
2096.00            2.4694113731
2097.00            2.4692733288
2098.00            2.4691348076
2099.00            2.4689962864
2100.00            2.4688572884
2101.00            2.4687182903
2102.00            2.4685790539
2103.00            2.4684398174
2104.00            2.4683003426
2105.00            2.4681608677
2106.00            2.4680209160
2107.00            2.4678809643
2108.00            2.4677407742
2109.00            2.4676005840
2110.00            2.4674599171
2111.00            2.4673192501
2112.00            2.4671785831
2113.00            2.4670374393
2114.00            2.4668962955
2115.00            2.4667549133
2116.00            2.4666132927
2117.00            2.4664716721
2118.00            2.4663298130
2119.00            2.4661877155
2120.00            2.4660456181
2121.00            2.4659032822
2122.00            2.4657607079
2123.00            2.4656178951
2124.00            2.4654750824
2125.00            2.4653317928
2126.00            2.4651887417
2127.00            2.4650452137
2128.00            2.4649016857
2129.00            2.4647579193
2130.00            2.4646139145
2131.00            2.4644696712
2132.00            2.4643254280
2133.00            2.4641809464
2134.00            2.4640362263
2135.00            2.4638915062
2136.00            2.4637465477
2137.00            2.4636013508
2138.00            2.4634561539
2139.00            2.4633104801
2140.00            2.4631650448
2141.00            2.4630191326
2142.00            2.4628732204
2143.00            2.4627268314
2144.00            2.4625806808
2145.00            2.4624338150
2146.00            2.4622871876
2147.00            2.4621403217
2148.00            2.4619932175
2149.00            2.4618461132
2150.00            2.4616987705
2151.00            2.4615511894
2152.00            2.4614033699
2153.00            2.4612555504
2154.00            2.4611074924
2155.00            2.4609591961
2156.00            2.4608106613
2157.00            2.4606621265
2158.00            2.4605133533
2159.00            2.4603643417
2160.00            2.4602153301
2161.00            2.4600660801
2162.00            2.4599165916
2163.00            2.4597671032
2164.00            2.4596173763
2165.00            2.4594674110
2166.00            2.4593172073
2167.00            2.4591667652
2168.00            2.4590163231
2169.00            2.4588656425
2170.00            2.4587147236
2171.00            2.4585638046
2172.00            2.4584126472
2173.00            2.4582612514
2174.00            2.4581098557
2175.00            2.4579582214
2176.00            2.4578063488
2177.00            2.4576542377
2178.00            2.4575021267
2179.00            2.4573495388
2180.00            2.4571969509
2181.00            2.4570443630
2182.00            2.4568912983
2183.00            2.4567384720
2184.00            2.4565851688
2185.00            2.4564316273
2186.00            2.4562780857
2187.00            2.4561245441
2188.00            2.4559705257
2189.00            2.4558165073
2190.00            2.4556620121
2191.00            2.4555075169
2192.00            2.4553530216
2193.00            2.4551982880
2194.00            2.4550433159
2195.00            2.4548881054
2196.00            2.4547328949
2197.00            2.4545774460
2198.00            2.4544217587
2199.00            2.4542660713
2200.00            2.4541099072
2201.00            2.4539537430
2202.00            2.4537973404
2203.00            2.4536409378
2204.00            2.4534842968
2205.00            2.4533274174
2206.00            2.4531702995
2207.00            2.4530131817
2208.00            2.4528558254
2209.00            2.4526982307
2210.00            2.4525403976
2211.00            2.4523825645
2212.00            2.4522244930
2213.00            2.4520664215
2214.00            2.4519078732
2215.00            2.4517493248
2216.00            2.4515907764
2217.00            2.4514317513
2218.00            2.4512727261
2219.00            2.4511132240
2220.00            2.4509539604
2221.00            2.4507942200
2222.00            2.4506344795
2223.00            2.4504747391
2224.00            2.4503145218
2225.00            2.4501543045
2226.00            2.4499938488
2227.00            2.4498331547
2228.00            2.4496724606
2229.00            2.4495112896
2230.00            2.4493501186
2231.00            2.4491887093
2232.00            2.4490272999
2233.00            2.4488656521
2234.00            2.4487037659
2235.00            2.4485418797
2236.00            2.4483797550
2237.00            2.4482173920
2238.00            2.4480547905
2239.00            2.4478921890
2240.00            2.4477291107
2241.00            2.4475660324
2242.00            2.4474029541
2243.00            2.4472396374
2244.00            2.4470760822
2245.00            2.4469122887
2246.00            2.4467484951
2247.00            2.4465844631
2248.00            2.4464201927
2249.00            2.4462556839
2250.00            2.4460911751
2251.00            2.4459261894
2252.00            2.4457614422
2253.00            2.4455962181
2254.00            2.4454309940
2255.00            2.4452655315
2256.00            2.4451000690
2257.00            2.4449341297
2258.00            2.4447681904
2259.00            2.4446020126
2260.00            2.4444358349
2261.00            2.4442694187
2262.00            2.4441027641
2263.00            2.4439356327
2264.00            2.4437687397
2265.00            2.4436016083
2266.00            2.4434342384
2267.00            2.4432668686
2268.00            2.4430990219
2269.00            2.4429311752
2270.00            2.4427633286
2271.00            2.4425950050
2272.00            2.4424266815
2273.00            2.4422581196
2274.00            2.4420895576
2275.00            2.4419205189
2276.00            2.4417514801
2277.00            2.4415824413
2278.00            2.4414129257
2279.00            2.4412434101
2280.00            2.4410736561
2281.00            2.4409036636
2282.00            2.4407334328
2283.00            2.4405632019
2284.00            2.4403929710
2285.00            2.4402222633
2286.00            2.4400515556
2287.00            2.4398806095
2288.00            2.4397094250
2289.00            2.4395382404
2290.00            2.4393668175
2291.00            2.4391951561
2292.00            2.4390232563
2293.00            2.4388513565
2294.00            2.4386792183
2295.00            2.4385068417
2296.00            2.4383344650
2297.00            2.4381618500
2298.00            2.4379889965
2299.00            2.4378159046
2300.00            2.4376428127
2301.00            2.4374694824
2302.00            2.4372959137
2303.00            2.4371223450
2304.00            2.4369482994
2305.00            2.4367742538
2306.00            2.4365999699
2307.00            2.4364256859
2308.00            2.4362511635
2309.00            2.4360764027
2310.00            2.4359014034
2311.00            2.4357264042
2312.00            2.4355511665
2313.00            2.4353756905
2314.00            2.4352002144
2315.00            2.4350244999
2316.00            2.4348485470
2317.00            2.4346723557
2318.00            2.4344961643
2319.00            2.4343197346
2320.00            2.4341430664
2321.00            2.4339663982
2322.00            2.4337892532
2323.00            2.4336121082
2324.00            2.4334349632
2325.00            2.4332573414
2326.00            2.4330799580
2327.00            2.4329020977
2328.00            2.4327242374
2329.00            2.4325459003
2330.00            2.4323678017
2331.00            2.4321892262
2332.00            2.4320104122
2333.00            2.4318315983
2334.00            2.4316525459
2335.00            2.4314734936
2336.00            2.4312942028
2337.00            2.4311146736
2338.00            2.4309349060
2339.00            2.4307549000
2340.00            2.4305748940
2341.00            2.4303946495
2342.00            2.4302144051
2343.00            2.4300339222
2344.00            2.4298532009
2345.00            2.4296722412
2346.00            2.4294912815
2347.00            2.4293098450
2348.00            2.4291284084
2349.00            2.4289469719
2350.00            2.4287650585
2351.00            2.4285831451
2352.00            2.4284009933
2353.00            2.4282190800
2354.00            2.4280364513
2355.00            2.4278538227
2356.00            2.4276711941
2357.00            2.4274880886
2358.00            2.4273049831
2359.00            2.4271216393
2360.00            2.4269380569
2361.00            2.4267544746
2362.00            2.4265708923
2363.00            2.4263868332
2364.00            2.4262027740
2365.00            2.4260182381
2366.00            2.4258337021
2367.00            2.4256491661
2368.00            2.4254641533
2369.00            2.4252793789
2370.00            2.4250941277
2371.00            2.4249088764
2372.00            2.4247231483
2373.00            2.4245374203
2374.00            2.4243516922
2375.00            2.4241657257
2376.00            2.4239795208
2377.00            2.4237930775
2378.00            2.4236063957
2379.00            2.4234197140
2380.00            2.4232327938
2381.00            2.4230458736
2382.00            2.4228584766
2383.00            2.4226710796
2384.00            2.4224834442
2385.00            2.4222958088
2386.00            2.4221079350
2387.00            2.4219198227
2388.00            2.4217314720
2389.00            2.4215431213
2390.00            2.4213545322
2391.00            2.4211657047
2392.00            2.4209766388
2393.00            2.4207875729
2394.00            2.4205985069
2395.00            2.4204089642
2396.00            2.4202191830
2397.00            2.4200294018
2398.00            2.4198396206
2399.00            2.4196493626
2400.00            2.4194588661
2401.00            2.4192686081
2402.00            2.4190778732
2403.00            2.4188868999
2404.00            2.4186959267
2405.00            2.4185049534
2406.00            2.4183135033
2407.00            2.4181218147
2408.00            2.4179303646
2409.00            2.4177384377
2410.00            2.4175462723
2411.00            2.4173543453
2412.00            2.4171619415
2413.00            2.4169692993
2414.00            2.4167766571
2415.00            2.4165837765
2416.00            2.4163906574
2417.00            2.4161975384
2418.00            2.4160039425
2419.00            2.4158105850
2420.00            2.4156167507
2421.00            2.4154229164
2422.00            2.4152288437
2423.00            2.4150345325
2424.00            2.4148402214
2425.00            2.4146454334
2426.00            2.4144508839
2427.00            2.4142558575
2428.00            2.4140605927
2429.00            2.4138653278
2430.00            2.4136698246
2431.00            2.4134743214
2432.00            2.4132785797
2433.00            2.4130825996
2434.00            2.4128863811
2435.00            2.4126901627
2436.00            2.4124937057
2437.00            2.4122970104
2438.00            2.4121000767
2439.00            2.4119031429
2440.00            2.4117059708
2441.00            2.4115087986
2442.00            2.4113111496
2443.00            2.4111135006
2444.00            2.4109156132
2445.00            2.4107177258
2446.00            2.4105193615
2447.00            2.4103212357
2448.00            2.4101226330
2449.00            2.4099240303
2450.00            2.4097251892
2451.00            2.4095258713
2452.00            2.4093267918
2453.00            2.4091274738
2454.00            2.4089279175
2455.00            2.4087281227
2456.00            2.4085283279
2457.00            2.4083282948
2458.00            2.4081280231
2459.00            2.4079275131
2460.00            2.4077270031
2461.00            2.4075262547
2462.00            2.4073252678
2463.00            2.4071242809
2464.00            2.4069230556
2465.00            2.4067218304
2466.00            2.4065198898
2467.00            2.4063181877
2468.00            2.4061164856
2469.00            2.4059143066
2470.00            2.4057118893
2471.00            2.4055094719
2472.00            2.4053070545
2473.00            2.4051041603
2474.00            2.4049010277
2475.00            2.4046978951
2476.00            2.4044947624
2477.00            2.4042913914
2478.00            2.4040877819
2479.00            2.4038836956
2480.00            2.4036798477
2481.00            2.4034757614
2482.00            2.4032714367
2483.00            2.4030668736
2484.00            2.4028623104
2485.00            2.4026572704
2486.00            2.4024522305
2487.00            2.4022471905
2488.00            2.4020419121
2489.00            2.4018363953
2490.00            2.4016306400
2491.00            2.4014248848
2492.00            2.4012186527
2493.00            2.4010126591
2494.00            2.4008061886
2495.00            2.4005997181
2496.00            2.4003930092
2497.00            2.4001860619
2498.00            2.3999791145
2499.00            2.3997719288
2500.00            2.3995645046
2501.00            2.3993568420
2502.00            2.3991491795
2503.00            2.3989412785
2504.00            2.3987331390
2505.00            2.3985249996
2506.00            2.3983163834
2507.00            2.3981077671
2508.00            2.3978991508
2509.00            2.3976900578
2510.00            2.3974809647
2511.00            2.3972718716
2512.00            2.3970625401
2513.00            2.3968529701
2514.00            2.3966431618
2515.00            2.3964331150
2516.00            2.3962228298
2517.00            2.3960125446
2518.00            2.3958022594
2519.00            2.3955917358
2520.00            2.3953807354
2521.00            2.3951697350
2522.00            2.3949587345
2523.00            2.3947474957
2524.00            2.3945360184
2525.00            2.3943243027
2526.00            2.3941125870
2527.00            2.3939006329
2528.00            2.3936884403
2529.00            2.3934760094
2530.00            2.3932635784
2531.00            2.3930509090
2532.00            2.3928380013
2533.00            2.3926250935
2534.00            2.3924117088
2535.00            2.3921985626
2536.00            2.3919849396
2537.00            2.3917713165
2538.00            2.3915574551
2539.00            2.3913433552
2540.00            2.3911292553
2541.00            2.3909149170
2542.00            2.3907003403
2543.00            2.3904855251
2544.00            2.3902707100
2545.00            2.3900556564
2546.00            2.3898406029
2547.00            2.3896253109
2548.00            2.3894095421
2549.00            2.3891940117
2550.00            2.3889780045
2551.00            2.3887619972
2552.00            2.3885457516
2553.00            2.3883292675
2554.00            2.3881127834
2555.00            2.3878960609
2556.00            2.3876791000
2557.00            2.3874621391
2558.00            2.3872449398
2559.00            2.3870272636
2560.00            2.3868098259
2561.00            2.3865921497
2562.00            2.3863739967
2563.00            2.3861560822
2564.00            2.3859376907
2565.00            2.3857192993
2566.00            2.3855009079
2567.00            2.3852818012
2568.00            2.3850629330
2569.00            2.3848438263
2570.00            2.3846247196
2571.00            2.3844051361
2572.00            2.3841855526
2573.00            2.3839657307
2574.00            2.3837459087
2575.00            2.3835258484
2576.00            2.3833055496
2577.00            2.3830850124
2578.00            2.3828644753
2579.00            2.3826434612
2580.00            2.3824226856
2581.00            2.3822014332
2582.00            2.3819801807
2583.00            2.3817586899
2584.00            2.3815369606
2585.00            2.3813152313
2586.00            2.3810930252
2587.00            2.3808708191
2588.00            2.3806486130
2589.00            2.3804261684
2590.00            2.3802034855
2591.00            2.3799805641
2592.00            2.3797576427
2593.00            2.3795344830
2594.00            2.3793110847
2595.00            2.3790876865
2596.00            2.3788638115
2597.00            2.3786401749
2598.00            2.3784160614
2599.00            2.3781919479
2600.00            2.3779675961
2601.00            2.3777430058
2602.00            2.3775181770
2603.00            2.3772935867
2604.00            2.3770682812
2605.00            2.3768432140
2606.00            2.3766179085
2607.00            2.3763923645
2608.00            2.3761665821
2609.00            2.3759407997
2610.00            2.3757147789
2611.00            2.3754885197
2612.00            2.3752620220
2613.00            2.3750355244
2614.00            2.3748090267
2615.00            2.3745818138
2616.00            2.3743548393
2617.00            2.3741278648
2618.00            2.3739001751
2619.00            2.3736727238
2620.00            2.3734450340
2621.00            2.3732171059
2622.00            2.3729889393
2623.00            2.3727607727
2624.00            2.3725323677
2625.00            2.3723039627
2626.00            2.3720750809
2627.00            2.3718461990
2628.00            2.3716170788
2629.00            2.3713877201
2630.00            2.3711583614
2631.00            2.3709287643
2632.00            2.3706991673
2633.00            2.3704690933
2634.00            2.3702390194
2635.00            2.3700087070
2636.00            2.3697783947
2637.00            2.3695478439
2638.00            2.3693170547
2639.00            2.3690860271
2640.00            2.3688549995
2641.00            2.3686237335
2642.00            2.3683922291
2643.00            2.3681607246
2644.00            2.3679287434
2645.00            2.3676970005
2646.00            2.3674647808
2647.00            2.3672325611
2648.00            2.3670003414
2649.00            2.3667676449
2650.00            2.3665347099
2651.00            2.3663017750
2652.00            2.3660686016
2653.00            2.3658354282
2654.00            2.3656020164
2655.00            2.3653683662
2656.00            2.3651344776
2657.00            2.3649005890
2658.00            2.3646664619
2659.00            2.3644320965
2660.00            2.3641977310
2661.00            2.3639631271
2662.00            2.3637282848
2663.00            2.3634932041
2664.00            2.3632581234
2665.00            2.3630228043
2666.00            2.3627874851
2667.00            2.3625516891
2668.00            2.3623161316
2669.00            2.3620798588
2670.00            2.3618438244
2671.00            2.3616075516
2672.00            2.3613710403
2673.00            2.3611345291
2674.00            2.3608975410
2675.00            2.3606605530
2676.00            2.3604235649
2677.00            2.3601861000
2678.00            2.3599486351
2679.00            2.3597111702
2680.00            2.3594732285
2681.00            2.3592352867
2682.00            2.3589971066
2683.00            2.3587586880
2684.00            2.3585202694
2685.00            2.3582816124
2686.00            2.3580427170
2687.00            2.3578038216
2688.00            2.3575646877
2689.00            2.3573253155
2690.00            2.3570857048
2691.00            2.3568463326
2692.00            2.3566062450
2693.00            2.3563663960
2694.00            2.3561263084
2695.00            2.3558857441
2696.00            2.3556454182
2697.00            2.3554046154
2698.00            2.3551638126
2699.00            2.3549230099
2700.00            2.3546817303
2701.00            2.3544404507
2702.00            2.3541989326
2703.00            2.3539571762
2704.00            2.3537154198
2705.00            2.3534734249
2706.00            2.3532311916
2707.00            2.3529889584
2708.00            2.3527464867
2709.00            2.3525037766
2710.00            2.3522608280
2711.00            2.3520178795
2712.00            2.3517746925
2713.00            2.3515315056
2714.00            2.3512878418
2715.00            2.3510441780
2716.00            2.3508005142
2717.00            2.3505563736
2718.00            2.3503122330
2719.00            2.3500678539
2720.00            2.3498234749
2721.00            2.3495788574
2722.00            2.3493337631
2723.00            2.3490889072
2724.00            2.3488438129
2725.00            2.3485984802
2726.00            2.3483529091
2727.00            2.3481073380
2728.00            2.3478612900
2729.00            2.3476154804
2730.00            2.3473691940
2731.00            2.3471229076
2732.00            2.3468763828
2733.00            2.3466296196
2734.00            2.3463828564
2735.00            2.3461358547
2736.00            2.3458886147
2737.00            2.3456413746
2738.00            2.3453938961
2739.00            2.3451464176
2740.00            2.3448982239
2741.00            2.3446502686
2742.00            2.3444023132
2743.00            2.3441538811
2744.00            2.3439054489
2745.00            2.3436567783
2746.00            2.3434078693
2747.00            2.3431589603
2748.00            2.3429098129
2749.00            2.3426604271
2750.00            2.3424110413
2751.00            2.3421611786
2752.00            2.3419113159
2753.00            2.3416614532
2754.00            2.3414113522
2755.00            2.3411610126
2756.00            2.3409104347
2757.00            2.3406598568
2758.00            2.3404090405
2759.00            2.3401579857
2760.00            2.3399066925
2761.00            2.3396556377
2762.00            2.3394041061
2763.00            2.3391523361
2764.00            2.3389005661
2765.00            2.3386487961
2766.00            2.3383963108
2767.00            2.3381440639
2768.00            2.3378915787
2769.00            2.3376390934
2770.00            2.3373863697
2771.00            2.3371334076
2772.00            2.3368802071
2773.00            2.3366267681
2774.00            2.3363733292
2775.00            2.3361196518
2776.00            2.3358659744
2777.00            2.3356118202
2778.00            2.3353579044
2779.00            2.3351035118
2780.00            2.3348491192
2781.00            2.3345944881
2782.00            2.3343396187
2783.00            2.3340847492
2784.00            2.3338296413
2785.00            2.3335742950
2786.00            2.3333189487
2787.00            2.3330631256
2788.00            2.3328075409
2789.00            2.3325517178
2790.00            2.3322954178
2791.00            2.3320391178
2792.00            2.3317828178
2793.00            2.3315260410
2794.00            2.3312695026
2795.00            2.3310122490
2796.00            2.3307552338
2797.00            2.3304979801
2798.00            2.3302404881
2799.00            2.3299829960
2800.00            2.3297252655
2801.00            2.3294672966
2802.00            2.3292093277
2803.00            2.3289508820
2804.00            2.3286924362
2805.00            2.3284339905
2806.00            2.3281753063
2807.00            2.3279161453
2808.00            2.3276572227
2809.00            2.3273978233
2810.00            2.3271386623
2811.00            2.3268790245
2812.00            2.3266191483
2813.00            2.3263595104
2814.00            2.3260991573
2815.00            2.3258390427
2816.00            2.3255786896
2817.00            2.3253180981
2818.00            2.3250575066
2819.00            2.3247966766
2820.00            2.3245356083
2821.00            2.3242743015
2822.00            2.3240129948
2823.00            2.3237514496
2824.00            2.3234896660
2825.00            2.3232276440
2826.00            2.3229656219
2827.00            2.3227035999
2828.00            2.3224411011
2829.00            2.3221786022
2830.00            2.3219158649
2831.00            2.3216531277
2832.00            2.3213901520
2833.00            2.3211266994
2834.00            2.3208634853
2835.00            2.3206000328
2836.00            2.3203363419
2837.00            2.3200724125
2838.00            2.3198084831
2839.00            2.3195443153
2840.00            2.3192801476
2841.00            2.3190155029
2842.00            2.3187508583
2843.00            2.3184859753
2844.00            2.3182210922
2845.00            2.3179559708
2846.00            2.3176906109
2847.00            2.3174252510
2848.00            2.3171594143
2849.00            2.3168935776
2850.00            2.3166277409
2851.00            2.3163616657
2852.00            2.3160953522
2853.00            2.3158288002
2854.00            2.3155622482
2855.00            2.3152954578
2856.00            2.3150284290
2857.00            2.3147614002
2858.00            2.3144941330
2859.00            2.3142268658
2860.00            2.3139591217
2861.00            2.3136913776
2862.00            2.3134236336
2863.00            2.3131554127
2864.00            2.3128871918
2865.00            2.3126187325
2866.00            2.3123500347
2867.00            2.3120813370
2868.00            2.3118126392
2869.00            2.3115434647
2870.00            2.3112742901
2871.00            2.3110048771
2872.00            2.3107352257
2873.00            2.3104655743
2874.00            2.3101956844
2875.00            2.3099257946
2876.00            2.3096554279
2877.00            2.3093850613
2878.00            2.3091144562
2879.00            2.3088438511
2880.00            2.3085730076
2881.00            2.3083019257
2882.00            2.3080308437
2883.00            2.3077595234
2884.00            2.3074879646
2885.00            2.3072164059
2886.00            2.3069443703
2887.00            2.3066725731
2888.00            2.3064002991
2889.00            2.3061282635
2890.00            2.3058555126
2891.00            2.3055830002
2892.00            2.3053100109
2893.00            2.3050372601
2894.00            2.3047640324
2895.00            2.3044908047
2896.00            2.3042173386
2897.00            2.3039438725
2898.00            2.3036701679
2899.00            2.3033962250
2900.00            2.3031220436
2901.00            2.3028476238
2902.00            2.3025734425
2903.00            2.3022987843
2904.00            2.3020238876
2905.00            2.3017492294
2906.00            2.3014740944
2907.00            2.3011989594
2908.00            2.3009235859
2909.00            2.3006479740
2910.00            2.3003723621
2911.00            2.3000965118
2912.00            2.2998204231
2913.00            2.2995443344
2914.00            2.2992677689
2915.00            2.2989914417
2916.00            2.2987146378
2917.00            2.2984378338
2918.00            2.2981607914
2919.00            2.2978837490
2920.00            2.2976062298
2921.00            2.2973289490
2922.00            2.2970511913
2923.00            2.2967734337
2924.00            2.2964954376
2925.00            2.2962174416
2926.00            2.2959392071
2927.00            2.2956604958
2928.00            2.2953820229
2929.00            2.2951030731
2930.00            2.2948243618
2931.00            2.2945451736
2932.00            2.2942659855
2933.00            2.2939865589
2934.00            2.2937068939
2935.00            2.2934272289
2936.00            2.2931473255
2937.00            2.2928671837
2938.00            2.2925870419
2939.00            2.2923066616
2940.00            2.2920262814
2941.00            2.2917454243
2942.00            2.2914648056
2943.00            2.2911837101
2944.00            2.2909026146
2945.00            2.2906212807
2946.00            2.2903397083
2947.00            2.2900578976
2948.00            2.2897760868
2949.00            2.2894942760
2950.00            2.2892119884
2951.00            2.2889297009
2952.00            2.2886474133
2953.00            2.2883648872
2954.00            2.2880818844
2955.00            2.2877991199
2956.00            2.2875158787
2957.00            2.2872326374
2958.00            2.2869493961
2959.00            2.2866656780
2960.00            2.2863819599
2961.00            2.2860980034
2962.00            2.2858140469
2963.00            2.2855298519
2964.00            2.2852454185
2965.00            2.2849609852
2966.00            2.2846763134
2967.00            2.2843914032
2968.00            2.2841064930
2969.00            2.2838213444
2970.00            2.2835359573
2971.00            2.2832505703
2972.00            2.2829649448
2973.00            2.2826790810
2974.00            2.2823929787
2975.00            2.2821068764
2976.00            2.2818205357
2977.00            2.2815341949
2978.00            2.2812476158
2979.00            2.2809610367
2980.00            2.2806739807
2981.00            2.2803869247
2982.00            2.2800996304
2983.00            2.2798120975
2984.00            2.2795245647
2985.00            2.2792370319
2986.00            2.2789490223
2987.00            2.2786610126
2988.00            2.2783730030
2989.00            2.2780845165
2990.00            2.2777960300
2991.00            2.2775075436
2992.00            2.2772185802
2993.00            2.2769296169
2994.00            2.2766404152
2995.00            2.2763512135
2996.00            2.2760617733
2997.00            2.2757720947
2998.00            2.2754824162
2999.00            2.2751924992
3000.00            2.2749023438
3001.00            2.2746121883
3002.00            2.2743217945
3003.00            2.2740311623
3004.00            2.2737402916
3005.00            2.2734496593
3006.00            2.2731585503
3007.00            2.2728672028
3008.00            2.2725760937
3009.00            2.2722845078
3010.00            2.2719929218
3011.00            2.2717010975
3012.00            2.2714090347
3013.00            2.2711169720
3014.00            2.2708246708
3015.00            2.2705321312
3016.00            2.2702395916
3017.00            2.2699468136
3018.00            2.2696540356
3019.00            2.2693607807
3020.00            2.2690675259
3021.00            2.2687740326
3022.00            2.2684805393
3023.00            2.2681868076
3024.00            2.2678930759
3025.00            2.2675991058
3026.00            2.2673048973
3027.00            2.2670106888
3028.00            2.2667160034
3029.00            2.2664215565
3030.00            2.2661266327
3031.00            2.2658317089
3032.00            2.2655365467
3033.00            2.2652411461
3034.00            2.2649457455
3035.00            2.2646501064
3036.00            2.2643544674
3037.00            2.2640585899
3038.00            2.2637624741
3039.00            2.2634663582
3040.00            2.2631700039
3041.00            2.2628734112
3042.00            2.2625768185
3043.00            2.2622797489
3044.00            2.2619829178
3045.00            2.2616856098
3046.00            2.2613885403
3047.00            2.2610909939
3048.00            2.2607932091
3049.00            2.2604954243
3050.00            2.2601976395
3051.00            2.2598996162
3052.00            2.2596013546
3053.00            2.2593028545
3054.00            2.2590043545
3055.00            2.2587056160
3056.00            2.2584068775
3057.00            2.2581076622
3058.00            2.2578084469
3059.00            2.2575092316
3060.00            2.2572097778
3061.00            2.2569100857
3062.00            2.2566101551
3063.00            2.2563102245
3064.00            2.2560102940
3065.00            2.2557098866
3066.00            2.2554094791
3067.00            2.2551088333
3068.00            2.2548081875
3069.00            2.2545073032
3070.00            2.2542061806
3071.00            2.2539050579
3072.00            2.2536036968
3073.00            2.2533023357
3074.00            2.2530004978
3075.00            2.2526986599
3076.00            2.2523965836
3077.00            2.2520945072
3078.00            2.2517924309
3079.00            2.2514898777
3080.00            2.2511873245
3081.00            2.2508845329
3082.00            2.2505815029
3083.00            2.2502784729
3084.00            2.2499754429
3085.00            2.2496719360
3086.00            2.2493684292
3087.00            2.2490649223
3088.00            2.2487609386
3089.00            2.2484571934
3090.00            2.2481529713
3091.00            2.2478487492
3092.00            2.2475440502
3093.00            2.2472395897
3094.00            2.2469348907
3095.00            2.2466299534
3096.00            2.2463247776
3097.00            2.2460196018
3098.00            2.2457141876
3099.00            2.2454087734
3100.00            2.2451031208
3101.00            2.2447972298
3102.00            2.2444911003
3103.00            2.2441849709
3104.00            2.2438788414
3105.00            2.2435724735
3106.00            2.2432656288
3107.00            2.2429590225
3108.00            2.2426521778
3109.00            2.2423450947
3110.00            2.2420380116
3111.00            2.2417304516
3112.00            2.2414228916
3113.00            2.2411153316
3114.00            2.2408075333
3115.00            2.2404994965
3116.00            2.2401912212
3117.00            2.2398831844
3118.00            2.2395746708
3119.00            2.2392661572
3120.00            2.2389571667
3121.00            2.2386484146
3122.00            2.2383394241
3123.00            2.2380301952
3124.00            2.2377207279
3125.00            2.2374112606
3126.00            2.2371017933
3127.00            2.2367918491
3128.00            2.2364819050
3129.00            2.2361717224
3130.00            2.2358615398
3131.00            2.2355511189
3132.00            2.2352404594
3133.00            2.2349298000
3134.00            2.2346189022
3135.00            2.2343080044
3136.00            2.2339966297
3137.00            2.2336854935
3138.00            2.2333741188
3139.00            2.2330622673
3140.00            2.2327504158
3141.00            2.2324385643
3142.00            2.2321264744
3143.00            2.2318143845
3144.00            2.2315018177
3145.00            2.2311892509
3146.00            2.2308766842
3147.00            2.2305636406
3148.00            2.2302508354
3149.00            2.2299375534
3150.00            2.2296242714
3151.00            2.2293109894
3152.00            2.2289972305
3153.00            2.2286837101
3154.00            2.2283697128
3155.00            2.2280554771
3156.00            2.2277414799
3157.00            2.2274270058
3158.00            2.2271125317
3159.00            2.2267978191
3160.00            2.2264828682
3161.00            2.2261681557
3162.00            2.2258529663
3163.00            2.2255375385
3164.00            2.2252223492
3165.00            2.2249066830
3166.00            2.2245910168
3167.00            2.2242751122
3168.00            2.2239592075
3169.00            2.2236428261
3170.00            2.2233266830
3171.00            2.2230103016
3172.00            2.2226936817
3173.00            2.2223768234
3174.00            2.2220599651
3175.00            2.2217428684
3176.00            2.2214255333
3177.00            2.2211081982
3178.00            2.2207906246
3179.00            2.2204730511
3180.00            2.2201552391
3181.00            2.2198371887
3182.00            2.2195191383
3183.00            2.2192010880
3184.00            2.2188825607
3185.00            2.2185637951
3186.00            2.2182452679
3187.00            2.2179265022
3188.00            2.2176074982
3189.00            2.2172882557
3190.00            2.2169687748
3191.00            2.2166492939
3192.00            2.2163298130
3193.00            2.2160100937
3194.00            2.2156901360
3195.00            2.2153701782
3196.00            2.2150499821
3197.00            2.2147295475
3198.00            2.2144091129
3199.00            2.2140884399
3200.00            2.2137675285
3201.00            2.2134466171
3202.00            2.2131254673
3203.00            2.2128043175
3204.00            2.2124829292
3205.00            2.2121613026
3206.00            2.2118396759
3207.00            2.2115178108
3208.00            2.2111959457
3209.00            2.2108736038
3210.00            2.2105515003
3211.00            2.2102289200
3212.00            2.2099063396
3213.00            2.2095837593
3214.00            2.2092607021
3215.00            2.2089378834
3216.00            2.2086148262
3217.00            2.2082915306
3218.00            2.2079679966
3219.00            2.2076442242
3220.00            2.2073204517
3221.00            2.2069964409
3222.00            2.2066724300
3223.00            2.2063484192
3224.00            2.2060239315
3225.00            2.2056994438
3226.00            2.2053749561
3227.00            2.2050499916
3228.00            2.2047252655
3229.00            2.2044000626
3230.00            2.2040748596
3231.00            2.2037494183
3232.00            2.2034239769
3233.00            2.2030980587
3234.00            2.2027723789
3235.00            2.2024464607
3236.00            2.2021203041
3237.00            2.2017939091
3238.00            2.2014675140
3239.00            2.2011411190
3240.00            2.2008144855
3241.00            2.2004876137
3242.00            2.2001607418
3243.00            2.1998333931
3244.00            2.1995060444
3245.00            2.1991786957
3246.00            2.1988511086
3247.00            2.1985232830
3248.00            2.1981954575
3249.00            2.1978673935
3250.00            2.1975393295
3251.00            2.1972110271
3252.00            2.1968824863
3253.00            2.1965539455
3254.00            2.1962251663
3255.00            2.1958963871
3256.00            2.1955673695
3257.00            2.1952381134
3258.00            2.1949088573
3259.00            2.1945793629
3260.00            2.1942498684
3261.00            2.1939198971
3262.00            2.1935901642
3263.00            2.1932599545
3264.00            2.1929297447
3265.00            2.1925992966
3266.00            2.1922688484
3267.00            2.1919384003
3268.00            2.1916074753
3269.00            2.1912765503
3270.00            2.1909456253
3271.00            2.1906144619
3272.00            2.1902830601
3273.00            2.1899514198
3274.00            2.1896200180
3275.00            2.1892879009
3276.00            2.1889560223
3277.00            2.1886241436
3278.00            2.1882917881
3279.00            2.1879594326
3280.00            2.1876270771
3281.00            2.1872942448
3282.00            2.1869614124
3283.00            2.1866285801
3284.00            2.1862955093
3285.00            2.1859622002
3286.00            2.1856288910
3287.00            2.1852953434
3288.00            2.1849615574
3289.00            2.1846277714
3290.00            2.1842939854
3291.00            2.1839597225
3292.00            2.1836256981
3293.00            2.1832911968
3294.00            2.1829566956
3295.00            2.1826219559
3296.00            2.1822872162
3297.00            2.1819522381
3298.00            2.1816172600
3299.00            2.1812818050
3300.00            2.1809465885
3301.00            2.1806111336
3302.00            2.1802754402
3303.00            2.1799395084
3304.00            2.1796035767
3305.00            2.1792674065
3306.00            2.1789312363
3307.00            2.1785948277
3308.00            2.1782584190
3309.00            2.1779217720
3310.00            2.1775848866
3311.00            2.1772480011
3312.00            2.1769108772
3313.00            2.1765735149
3314.00            2.1762361526
3315.00            2.1758985519
3316.00            2.1755611897
3317.00            2.1752231121
3318.00            2.1748852730
3319.00            2.1745471954
3320.00            2.1742088795
3321.00            2.1738705635
3322.00            2.1735320091
3323.00            2.1731934547
3324.00            2.1728546619
3325.00            2.1725156307
3326.00            2.1721765995
3327.00            2.1718375683
3328.00            2.1714980602
3329.00            2.1711585522
3330.00            2.1708188057
3331.00            2.1704790592
3332.00            2.1701390743
3333.00            2.1697990894
3334.00            2.1694591045
3335.00            2.1691184044
3336.00            2.1687781811
3337.00            2.1684374809
3338.00            2.1680967808
3339.00            2.1677558422
3340.00            2.1674149036
3341.00            2.1670737267
3342.00            2.1667323112
3343.00            2.1663906574
3344.00            2.1660492420
3345.00            2.1657073498
3346.00            2.1653654575
3347.00            2.1650235653
3348.00            2.1646811962
3349.00            2.1643390656
3350.00            2.1639966965
3351.00            2.1636538506
3352.00            2.1633112431
3353.00            2.1629683971
3354.00            2.1626253128
3355.00            2.1622822285
3356.00            2.1619389057
3357.00            2.1615953445
3358.00            2.1612517834
3359.00            2.1609082222
3360.00            2.1605644226
3361.00            2.1602203846
3362.00            2.1598763466
3363.00            2.1595320702
3364.00            2.1591875553
3365.00            2.1588430405
3366.00            2.1584982872
3367.00            2.1581535339
3368.00            2.1578085423
3369.00            2.1574635506
3370.00            2.1571183205
3371.00            2.1567730904
3372.00            2.1564273834
3373.00            2.1560819149
3374.00            2.1557359695
3375.00            2.1553900242
3376.00            2.1550440788
3377.00            2.1546978951
3378.00            2.1543514729
3379.00            2.1540050507
3380.00            2.1536583900
3381.00            2.1533117294
3382.00            2.1529648304
3383.00            2.1526176929
3384.00            2.1522705555
3385.00            2.1519231796
3386.00            2.1515758038
3387.00            2.1512281895
3388.00            2.1508805752
3389.00            2.1505327225
3390.00            2.1501846313
3391.00            2.1498365402
3392.00            2.1494882107
3393.00            2.1491398811
3394.00            2.1487913132
3395.00            2.1484427452
3396.00            2.1480937004
3397.00            2.1477448940
3398.00            2.1473958492
3399.00            2.1470465660
3400.00            2.1466972828
3401.00            2.1463477612
3402.00            2.1459980011
3403.00            2.1456484795
3404.00            2.1452984810
3405.00            2.1449482441
3406.00            2.1445982456
3407.00            2.1442480087
3408.00            2.1438975334
3409.00            2.1435468197
3410.00            2.1431961060
3411.00            2.1428453922
3412.00            2.1424944401
3413.00            2.1421432495
3414.00            2.1417918205
3415.00            2.1414406300
3416.00            2.1410889626
3417.00            2.1407372952
3418.00            2.1403856277
3419.00            2.1400334835
3420.00            2.1396815777
3421.00            2.1393294334
3422.00            2.1389770508
3423.00            2.1386244297
3424.00            2.1382718086
3425.00            2.1379191875
3426.00            2.1375663280
3427.00            2.1372132301
3428.00            2.1368601322
3429.00            2.1365067959
3430.00            2.1361534595
3431.00            2.1357998848
3432.00            2.1354460716
3433.00            2.1350922585
3434.00            2.1347382069
3435.00            2.1343841553
3436.00            2.1340298653
3437.00            2.1336758137
3438.00            2.1333210468
3439.00            2.1329665184
3440.00            2.1326117516
3441.00            2.1322567463
3442.00            2.1319019794
3443.00            2.1315464973
3444.00            2.1311912537
3445.00            2.1308357716
3446.00            2.1304805279
3447.00            2.1301245689
3448.00            2.1297688484
3449.00            2.1294128895
3450.00            2.1290569305
3451.00            2.1287004948
3452.00            2.1283442974
3453.00            2.1279878616
3454.00            2.1276311874
3455.00            2.1272742748
3456.00            2.1269173622
3457.00            2.1265604496
3458.00            2.1262032986
3459.00            2.1258459091
3460.00            2.1254885197
3461.00            2.1251311302
3462.00            2.1247732639
3463.00            2.1244153976
3464.00            2.1240575314
3465.00            2.1236994267
3466.00            2.1233410835
3467.00            2.1229827404
3468.00            2.1226243973
3469.00            2.1222658157
3470.00            2.1219069958
3471.00            2.1215481758
3472.00            2.1211891174
3473.00            2.1208300591
3474.00            2.1204707623
3475.00            2.1201112270
3476.00            2.1197519302
3477.00            2.1193921566
3478.00            2.1190323830
3479.00            2.1186723709
3480.00            2.1183123589
3481.00            2.1179523468
3482.00            2.1175918579
3483.00            2.1172313690
3484.00            2.1168708801
3485.00            2.1165101528
3486.00            2.1161494255
3487.00            2.1157884598
3488.00            2.1154272556
3489.00            2.1150660515
3490.00            2.1147046089
3491.00            2.1143431664
3492.00            2.1139814854
3493.00            2.1136198044
3494.00            2.1132578850
3495.00            2.1128959656
3496.00            2.1125338078
3497.00            2.1121716499
3498.00            2.1118090153
3499.00            2.1114466190
3500.00            2.1110839844
3501.00            2.1107211113
3502.00            2.1103582382
3503.00            2.1099951267
3504.00            2.1096320152
3505.00            2.1092686653
3506.00            2.1089053154
3507.00            2.1085417271
3508.00            2.1081779003
3509.00            2.1078143120
3510.00            2.1074502468
3511.00            2.1070861816
3512.00            2.1067218781
3513.00            2.1063578129
3514.00            2.1059930325
3515.00            2.1056284904
3516.00            2.1052639484
3517.00            2.1048991680
3518.00            2.1045339108
3519.00            2.1041688919
3520.00            2.1038036346
3521.00            2.1034383774
3522.00            2.1030728817
3523.00            2.1027071476
3524.00            2.1023416519
3525.00            2.1019756794
3526.00            2.1016097069
3527.00            2.1012434959
3528.00            2.1008772850
3529.00            2.1005108356
3530.00            2.1001443863
3531.00            2.0997776985
3532.00            2.0994110107
3533.00            2.0990440845
3534.00            2.0986771584
3535.00            2.0983099937
3536.00            2.0979425907
3537.00            2.0975754261
3538.00            2.0972077847
3539.00            2.0968401432
3540.00            2.0964722633
3541.00            2.0961046219
3542.00            2.0957365036
3543.00            2.0953683853
3544.00            2.0950000286
3545.00            2.0946316719
3546.00            2.0942630768
3547.00            2.0938944817
3548.00            2.0935256481
3549.00            2.0931565762
3550.00            2.0927875042
3551.00            2.0924186707
3552.00            2.0920491219
3553.00            2.0916798115
3554.00            2.0913102627
3555.00            2.0909407139
3556.00            2.0905706882
3557.00            2.0902009010
3558.00            2.0898308754
3559.00            2.0894608498
3560.00            2.0890905857
3561.00            2.0887200832
3562.00            2.0883495808
3563.00            2.0879788399
3564.00            2.0876080990
3565.00            2.0872371197
3566.00            2.0868661404
3567.00            2.0864949226
3568.00            2.0861237049
3569.00            2.0857522488
3570.00            2.0853807926
3571.00            2.0850090981
3572.00            2.0846374035
3573.00            2.0842654705
3574.00            2.0838935375
3575.00            2.0835213661
3576.00            2.0831489563
3577.00            2.0827765465
3578.00            2.0824041367
3579.00            2.0820314884
3580.00            2.0816586018
3581.00            2.0812857151
3582.00            2.0809125900
3583.00            2.0805392265
3584.00            2.0801658630
3585.00            2.0797922611
3586.00            2.0794184208
3587.00            2.0790441036
3588.00            2.0786695480
3589.00            2.0782945156
3590.00            2.0779187679
3591.00            2.0775418282
3592.00            2.0771636963
3593.00            2.0767838955
3594.00            2.0764014721
3595.00            2.0760154724
3596.00            2.0756249428
3597.00            2.0752279758
3598.00            2.0748221874
3599.00            2.0744049549
3600.00            2.0739717484
3601.00            2.0735175610
3602.00            2.0730357170
3603.00            2.0725178719
3604.00            2.0719525814
3605.00            2.0713262558
3606.00            2.0706214905
3607.00            2.0698168278
3608.00            2.0688860416
3609.00            2.0677969456
3610.00            2.0665104389
3611.00            2.0649802685
3612.00            2.0631508827
3613.00            2.0609574318
3614.00            2.0583245754
3615.00            2.0551648140
3616.00            2.0513789654
3617.00            2.0468542576
3618.00            2.0414650440
3619.00            2.0350720882
3620.00            2.0275237560
3621.00            2.0186553001
3622.00            2.0082921982
3623.00            1.9962500334
3624.00            1.9823384285
3625.00            1.9663634300
3626.00            1.9481306076
3627.00            1.9274502993
3628.00            1.9041414261
3629.00            1.8780362606
3630.00            1.8489865065
3631.00            1.8168673515
3632.00            1.7815839052
3633.00            1.7430751324
3634.00            1.7013188601
3635.00            1.6563353539
3636.00            1.6081904173
3637.00            1.5569968224
3638.00            1.5029160976
3639.00            1.4461566210
3640.00            1.3869735003
3641.00            1.3256641626
3642.00            1.2625645399
3643.00            1.1980439425
3644.00            1.1324977875
3645.00            1.0663411617
3646.00            1.0000000000
3647.00            0.9339034557
3648.00            0.8684755564
3649.00            0.8041266799
3650.00            0.7412462234
3651.00            0.6801952124
3652.00            0.6213007569
3653.00            0.5648505688
3654.00            0.5110892653
3655.00            0.4602156579
3656.00            0.4123816192
3657.00            0.3676918745
3658.00            0.3262051046
3659.00            0.2879362106
3660.00            0.2528592646
3661.00            0.2209113985
3662.00            0.1919972897
3663.00            0.1659939140
3664.00            0.1427554637
3665.00            0.1221184954
3666.00            0.1039068252
3667.00            0.0879361033
3668.00            0.0740182176
3669.00            0.0619650520
3670.00            0.0515918620
3671.00            0.0427200645
3672.00            0.0351795219
3673.00            0.0288102422
3674.00            0.0234636255
3675.00            0.0190032329
3676.00            0.0153051475
3677.00            0.0122579895
3678.00            0.0097626401
3679.00            0.0077317292
3680.00            0.0060889558
3681.00            0.0047682808
3682.00            0.0037130425
3683.00            0.0028750403
3684.00            0.0022136089
3685.00            0.0016947211
3686.00            0.0012901307
3687.00            0.0009765744
3688.00            0.0007350409
3689.00            0.0005501116
3690.00            0.0004093757
3691.00            0.0003029175
3692.00            0.0002228728
3693.00            0.0001630496
3694.00            0.0001186075
3695.00            0.0000857894
3696.00            0.0000617000
3697.00            0.0000441232
