1897.0000000000            2.6891767979
1898.0000000000            2.6890065670
1899.0000000000            2.6888358593
1900.0000000000            2.6886651516
1901.0000000000            2.6884942055
1902.0000000000            2.6883227825
1903.0000000000            2.6881511211
1904.0000000000            2.6879794598
1905.0000000000            2.6878075600
1906.0000000000            2.6876354218
1907.0000000000            2.6874625683
1908.0000000000            2.6872901917
1909.0000000000            2.6871170998
1910.0000000000            2.6869437695
1911.0000000000            2.6867702007
1912.0000000000            2.6865966320
1913.0000000000            2.6864225864
1914.0000000000            2.6862485409
1915.0000000000            2.6860742569
1916.0000000000            2.6858994961
1917.0000000000            2.6857247353
1918.0000000000            2.6855494976
1919.0000000000            2.6853740215
1920.0000000000            2.6851985455
1921.0000000000            2.6850225925
1922.0000000000            2.6848466396
1923.0000000000            2.6846702099
1924.0000000000            2.6844937801
1925.0000000000            2.6843168736
1926.0000000000            2.6841399670
1927.0000000000            2.6839625835
1928.0000000000            2.6837849617
1929.0000000000            2.6836073399
1930.0000000000            2.6834292412
1931.0000000000            2.6832511425
1932.0000000000            2.6830725670
1933.0000000000            2.6828937531
1934.0000000000            2.6827149391
1935.0000000000            2.6825356483
1936.0000000000            2.6823563576
1937.0000000000            2.6821765900
1938.0000000000            2.6819968224
1939.0000000000            2.6818165779
1940.0000000000            2.6816363335
1941.0000000000            2.6814553738
1942.0000000000            2.6812746525
1943.0000000000            2.6810936928
1944.0000000000            2.6809122562
1945.0000000000            2.6807305813
1946.0000000000            2.6805486679
1947.0000000000            2.6803669930
1948.0000000000            2.6801843643
1949.0000000000            2.6800019741
1950.0000000000            2.6798191071
1951.0000000000            2.6796362400
1952.0000000000            2.6794528961
1953.0000000000            2.6792693138
1954.0000000000            2.6790857315
1955.0000000000            2.6789016724
1956.0000000000            2.6787173748
1957.0000000000            2.6785330772
1958.0000000000            2.6783483028
1959.0000000000            2.6781632900
1960.0000000000            2.6779782772
1961.0000000000            2.6777925491
1962.0000000000            2.6776070595
1963.0000000000            2.6774213314
1964.0000000000            2.6772351265
1965.0000000000            2.6770486832
1966.0000000000            2.6768620014
1967.0000000000            2.6766753197
1968.0000000000            2.6764883995
1969.0000000000            2.6763007641
1970.0000000000            2.6761133671
1971.0000000000            2.6759254932
1972.0000000000            2.6757373810
1973.0000000000            2.6755490303
1974.0000000000            2.6753606796
1975.0000000000            2.6751718521
1976.0000000000            2.6749827862
1977.0000000000            2.6747937202
1978.0000000000            2.6746041775
1979.0000000000            2.6744146347
1980.0000000000            2.6742246151
1981.0000000000            2.6740343571
1982.0000000000            2.6738438606
1983.0000000000            2.6736531258
1984.0000000000            2.6734621525
1985.0000000000            2.6732711792
1986.0000000000            2.6730799675
1987.0000000000            2.6728880405
1988.0000000000            2.6726963520
1989.0000000000            2.6725041866
1990.0000000000            2.6723117828
1991.0000000000            2.6721191406
1992.0000000000            2.6719264984
1993.0000000000            2.6717333794
1994.0000000000            2.6715400219
1995.0000000000            2.6713464260
1996.0000000000            2.6711528301
1997.0000000000            2.6709587574
1998.0000000000            2.6707646847
1999.0000000000            2.6705701351
2000.0000000000            2.6703753471
2001.0000000000            2.6701803207
2002.0000000000            2.6699852943
2003.0000000000            2.6697897911
2004.0000000000            2.6695940495
2005.0000000000            2.6693980694
2006.0000000000            2.6692018509
2007.0000000000            2.6690053940
2008.0000000000            2.6688089371
2009.0000000000            2.6686122417
2010.0000000000            2.6684150696
2011.0000000000            2.6682174206
2012.0000000000            2.6680200100
2013.0000000000            2.6678223610
2014.0000000000            2.6676239967
2015.0000000000            2.6674258709
2016.0000000000            2.6672272682
2017.0000000000            2.6670284271
2018.0000000000            2.6668295860
2019.0000000000            2.6666302681
2020.0000000000            2.6664307117
2021.0000000000            2.6662311554
2022.0000000000            2.6660311222
2023.0000000000            2.6658308506
2024.0000000000            2.6656303406
2025.0000000000            2.6654295921
2026.0000000000            2.6652288437
2027.0000000000            2.6650278568
2028.0000000000            2.6648263931
2029.0000000000            2.6646244526
2030.0000000000            2.6644227505
2031.0000000000            2.6642208099
2032.0000000000            2.6640181541
2033.0000000000            2.6638154984
2034.0000000000            2.6636128426
2035.0000000000            2.6634097099
2036.0000000000            2.6632065773
2037.0000000000            2.6630029678
2038.0000000000            2.6627991199
2039.0000000000            2.6625950336
2040.0000000000            2.6623909473
2041.0000000000            2.6621861458
2042.0000000000            2.6619815826
2043.0000000000            2.6617765427
2044.0000000000            2.6615712643
2045.0000000000            2.6613659859
2046.0000000000            2.6611602306
2047.0000000000            2.6609542370
2048.0000000000            2.6607480049
2049.0000000000            2.6605417728
2050.0000000000            2.6603353024
2051.0000000000            2.6601283550
2052.0000000000            2.6599211693
2053.0000000000            2.6597137451
2054.0000000000            2.6595060825
2055.0000000000            2.6592981815
2056.0000000000            2.6590902805
2057.0000000000            2.6588821411
2058.0000000000            2.6586732864
2059.0000000000            2.6584646702
2060.0000000000            2.6582555771
2061.0000000000            2.6580462456
2062.0000000000            2.6578366756
2063.0000000000            2.6576271057
2064.0000000000            2.6574170589
2065.0000000000            2.6572070122
2066.0000000000            2.6569962502
2067.0000000000            2.6567857265
2068.0000000000            2.6565747261
2069.0000000000            2.6563637257
2070.0000000000            2.6561522484
2071.0000000000            2.6559405327
2072.0000000000            2.6557285786
2073.0000000000            2.6555166245
2074.0000000000            2.6553041935
2075.0000000000            2.6550915241
2076.0000000000            2.6548788548
2077.0000000000            2.6546657085
2078.0000000000            2.6544525623
2079.0000000000            2.6542389393
2080.0000000000            2.6540250778
2081.0000000000            2.6538112164
2082.0000000000            2.6535968781
2083.0000000000            2.6533825397
2084.0000000000            2.6531674862
2085.0000000000            2.6529526711
2086.0000000000            2.6527373791
2087.0000000000            2.6525218487
2088.0000000000            2.6523060799
2089.0000000000            2.6520905495
2090.0000000000            2.6518743038
2091.0000000000            2.6516575813
2092.0000000000            2.6514410973
2093.0000000000            2.6512243748
2094.0000000000            2.6510071754
2095.0000000000            2.6507899761
2096.0000000000            2.6505723000
2097.0000000000            2.6503543854
2098.0000000000            2.6501362324
2099.0000000000            2.6499180794
2100.0000000000            2.6496994495
2101.0000000000            2.6494808197
2102.0000000000            2.6492617130
2103.0000000000            2.6490426064
2104.0000000000            2.6488230228
2105.0000000000            2.6486034393
2106.0000000000            2.6483833790
2107.0000000000            2.6481630802
2108.0000000000            2.6479427814
2109.0000000000            2.6477222443
2110.0000000000            2.6475009918
2111.0000000000            2.6472799778
2112.0000000000            2.6470584869
2113.0000000000            2.6468369961
2114.0000000000            2.6466150284
2115.0000000000            2.6463930607
2116.0000000000            2.6461706161
2117.0000000000            2.6459481716
2118.0000000000            2.6457252502
2119.0000000000            2.6455023289
2120.0000000000            2.6452789307
2121.0000000000            2.6450555325
2122.0000000000            2.6448316574
2123.0000000000            2.6446075439
2124.0000000000            2.6443836689
2125.0000000000            2.6441590786
2126.0000000000            2.6439344883
2127.0000000000            2.6437091827
2128.0000000000            2.6434841156
2129.0000000000            2.6432588100
2130.0000000000            2.6430330276
2131.0000000000            2.6428070068
2132.0000000000            2.6425812244
2133.0000000000            2.6423547268
2134.0000000000            2.6421282291
2135.0000000000            2.6419012547
2136.0000000000            2.6416742802
2137.0000000000            2.6414468288
2138.0000000000            2.6412193775
2139.0000000000            2.6409914494
2140.0000000000            2.6407635212
2141.0000000000            2.6405351162
2142.0000000000            2.6403067112
2143.0000000000            2.6400780678
2144.0000000000            2.6398489475
2145.0000000000            2.6396198273
2146.0000000000            2.6393904686
2147.0000000000            2.6391606331
2148.0000000000            2.6389307976
2149.0000000000            2.6387007236
2150.0000000000            2.6384701729
2151.0000000000            2.6382393837
2152.0000000000            2.6380085945
2153.0000000000            2.6377775669
2154.0000000000            2.6375463009
2155.0000000000            2.6373147964
2156.0000000000            2.6370828152
2157.0000000000            2.6368508339
2158.0000000000            2.6366183758
2159.0000000000            2.6363859177
2160.0000000000            2.6361529827
2161.0000000000            2.6359200478
2162.0000000000            2.6356868744
2163.0000000000            2.6354534626
2164.0000000000            2.6352198124
2165.0000000000            2.6349856853
2166.0000000000            2.6347515583
2167.0000000000            2.6345171928
2168.0000000000            2.6342823505
2169.0000000000            2.6340477467
2170.0000000000            2.6338126659
2171.0000000000            2.6335771084
2172.0000000000            2.6333415508
2173.0000000000            2.6331057549
2174.0000000000            2.6328694820
2175.0000000000            2.6326334476
2176.0000000000            2.6323966980
2177.0000000000            2.6321601868
2178.0000000000            2.6319229603
2179.0000000000            2.6316857338
2180.0000000000            2.6314480305
2181.0000000000            2.6312103271
2182.0000000000            2.6309726238
2183.0000000000            2.6307342052
2184.0000000000            2.6304957867
2185.0000000000            2.6302571297
2186.0000000000            2.6300184727
2187.0000000000            2.6297791004
2188.0000000000            2.6295397282
2189.0000000000            2.6292998791
2190.0000000000            2.6290602684
2191.0000000000            2.6288201809
2192.0000000000            2.6285796165
2193.0000000000            2.6283392906
2194.0000000000            2.6280984879
2195.0000000000            2.6278572083
2196.0000000000            2.6276159286
2197.0000000000            2.6273744106
2198.0000000000            2.6271326542
2199.0000000000            2.6268908978
2200.0000000000            2.6266486645
2201.0000000000            2.6264061928
2202.0000000000            2.6261634827
2203.0000000000            2.6259205341
2204.0000000000            2.6256773472
2205.0000000000            2.6254339218
2206.0000000000            2.6251902580
2207.0000000000            2.6249463558
2208.0000000000            2.6247024536
2209.0000000000            2.6244580746
2210.0000000000            2.6242134571
2211.0000000000            2.6239688396
2212.0000000000            2.6237235069
2213.0000000000            2.6234781742
2214.0000000000            2.6232326031
2215.0000000000            2.6229870319
2216.0000000000            2.6227409840
2217.0000000000            2.6224946976
2218.0000000000            2.6222484112
2219.0000000000            2.6220016479
2220.0000000000            2.6217548847
2221.0000000000            2.6215076447
2222.0000000000            2.6212601662
2223.0000000000            2.6210124493
2224.0000000000            2.6207644939
2225.0000000000            2.6205165386
2226.0000000000            2.6202681065
2227.0000000000            2.6200196743
2228.0000000000            2.6197707653
2229.0000000000            2.6195218563
2230.0000000000            2.6192724705
2231.0000000000            2.6190228462
2232.0000000000            2.6187729836
2233.0000000000            2.6185231209
2234.0000000000            2.6182727814
2235.0000000000            2.6180224419
2236.0000000000            2.6177716255
2237.0000000000            2.6175205708
2238.0000000000            2.6172695160
2239.0000000000            2.6170182228
2240.0000000000            2.6167664528
2241.0000000000            2.6165144444
2242.0000000000            2.6162624359
2243.0000000000            2.6160101891
2244.0000000000            2.6157574654
2245.0000000000            2.6155045033
2246.0000000000            2.6152515411
2247.0000000000            2.6149983406
2248.0000000000            2.6147449017
2249.0000000000            2.6144909859
2250.0000000000            2.6142370701
2251.0000000000            2.6139829159
2252.0000000000            2.6137282848
2253.0000000000            2.6134736538
2254.0000000000            2.6132185459
2255.0000000000            2.6129634380
2256.0000000000            2.6127080917
2257.0000000000            2.6124522686
2258.0000000000            2.6121966839
2259.0000000000            2.6119403839
2260.0000000000            2.6116840839
2261.0000000000            2.6114275455
2262.0000000000            2.6111705303
2263.0000000000            2.6109135151
2264.0000000000            2.6106564999
2265.0000000000            2.6103987694
2266.0000000000            2.6101410389
2267.0000000000            2.6098830700
2268.0000000000            2.6096248627
2269.0000000000            2.6093664169
2270.0000000000            2.6091077328
2271.0000000000            2.6088485718
2272.0000000000            2.6085896492
2273.0000000000            2.6083302498
2274.0000000000            2.6080706120
2275.0000000000            2.6078104973
2276.0000000000            2.6075506210
2277.0000000000            2.6072902679
2278.0000000000            2.6070296764
2279.0000000000            2.6067688465
2280.0000000000            2.6065077782
2281.0000000000            2.6062464714
2282.0000000000            2.6059851646
2283.0000000000            2.6057231426
2284.0000000000            2.6054611206
2285.0000000000            2.6051990986
2286.0000000000            2.6049365997
2287.0000000000            2.6046738625
2288.0000000000            2.6044111252
2289.0000000000            2.6041476727
2290.0000000000            2.6038844585
2291.0000000000            2.6036210060
2292.0000000000            2.6033568382
2293.0000000000            2.6030926704
2294.0000000000            2.6028282642
2295.0000000000            2.6025640965
2296.0000000000            2.6022992134
2297.0000000000            2.6020343304
2298.0000000000            2.6017687321
2299.0000000000            2.6015033722
2300.0000000000            2.6012377739
2301.0000000000            2.6009716988
2302.0000000000            2.6007053852
2303.0000000000            2.6004390717
2304.0000000000            2.6001725197
2305.0000000000            2.5999054909
2306.0000000000            2.5996384621
2307.0000000000            2.5993709564
2308.0000000000            2.5991034508
2309.0000000000            2.5988357067
2310.0000000000            2.5985674858
2311.0000000000            2.5982990265
2312.0000000000            2.5980305672
2313.0000000000            2.5977618694
2314.0000000000            2.5974929333
2315.0000000000            2.5972237587
2316.0000000000            2.5969543457
2317.0000000000            2.5966844559
2318.0000000000            2.5964145660
2319.0000000000            2.5961441994
2320.0000000000            2.5958740711
2321.0000000000            2.5956032276
2322.0000000000            2.5953323841
2323.0000000000            2.5950613022
2324.0000000000            2.5947899818
2325.0000000000            2.5945184231
2326.0000000000            2.5942463875
2327.0000000000            2.5939745903
2328.0000000000            2.5937020779
2329.0000000000            2.5934298038
2330.0000000000            2.5931570530
2331.0000000000            2.5928840637
2332.0000000000            2.5926108360
2333.0000000000            2.5923373699
2334.0000000000            2.5920636654
2335.0000000000            2.5917899609
2336.0000000000            2.5915155411
2337.0000000000            2.5912413597
2338.0000000000            2.5909667015
2339.0000000000            2.5906918049
2340.0000000000            2.5904169083
2341.0000000000            2.5901415348
2342.0000000000            2.5898661613
2343.0000000000            2.5895900726
2344.0000000000            2.5893142223
2345.0000000000            2.5890381336
2346.0000000000            2.5887615681
2347.0000000000            2.5884850025
2348.0000000000            2.5882079601
2349.0000000000            2.5879306793
2350.0000000000            2.5876533985
2351.0000000000            2.5873756409
2352.0000000000            2.5870978832
2353.0000000000            2.5868198872
2354.0000000000            2.5865414143
2355.0000000000            2.5862629414
2356.0000000000            2.5859839916
2357.0000000000            2.5857050419
2358.0000000000            2.5854258537
2359.0000000000            2.5851464272
2360.0000000000            2.5848667622
2361.0000000000            2.5845863819
2362.0000000000            2.5843064785
2363.0000000000            2.5840260983
2364.0000000000            2.5837452412
2365.0000000000            2.5834646225
2366.0000000000            2.5831832886
2367.0000000000            2.5829019547
2368.0000000000            2.5826203823
2369.0000000000            2.5823385715
2370.0000000000            2.5820565224
2371.0000000000            2.5817742348
2372.0000000000            2.5814919472
2373.0000000000            2.5812089443
2374.0000000000            2.5809261799
2375.0000000000            2.5806429386
2376.0000000000            2.5803594589
2377.0000000000            2.5800757408
2378.0000000000            2.5797917843
2379.0000000000            2.5795078278
2380.0000000000            2.5792233944
2381.0000000000            2.5789387226
2382.0000000000            2.5786540508
2383.0000000000            2.5783686638
2384.0000000000            2.5780837536
2385.0000000000            2.5777981281
2386.0000000000            2.5775122643
2387.0000000000            2.5772264004
2388.0000000000            2.5769400597
2389.0000000000            2.5766537189
2390.0000000000            2.5763669014
2391.0000000000            2.5760800838
2392.0000000000            2.5757927895
2393.0000000000            2.5755054951
2394.0000000000            2.5752179623
2395.0000000000            2.5749299526
2396.0000000000            2.5746419430
2397.0000000000            2.5743536949
2398.0000000000            2.5740652084
2399.0000000000            2.5737762451
2400.0000000000            2.5734872818
2401.0000000000            2.5731983185
2402.0000000000            2.5729086399
2403.0000000000            2.5726189613
2404.0000000000            2.5723290443
2405.0000000000            2.5720388889
2406.0000000000            2.5717484951
2407.0000000000            2.5714578629
2408.0000000000            2.5711672306
2409.0000000000            2.5708758831
2410.0000000000            2.5705847740
2411.0000000000            2.5702931881
2412.0000000000            2.5700016022
2413.0000000000            2.5697095394
2414.0000000000            2.5694172382
2415.0000000000            2.5691249371
2416.0000000000            2.5688321590
2417.0000000000            2.5685391426
2418.0000000000            2.5682461262
2419.0000000000            2.5679526329
2420.0000000000            2.5676591396
2421.0000000000            2.5673651695
2422.0000000000            2.5670711994
2423.0000000000            2.5667767525
2424.0000000000            2.5664823055
2425.0000000000            2.5661876202
2426.0000000000            2.5658926964
2427.0000000000            2.5655975342
2428.0000000000            2.5653018951
2429.0000000000            2.5650062561
2430.0000000000            2.5647103786
2431.0000000000            2.5644142628
2432.0000000000            2.5641176701
2433.0000000000            2.5638210773
2434.0000000000            2.5635244846
2435.0000000000            2.5632274151
2436.0000000000            2.5629298687
2437.0000000000            2.5626325607
2438.0000000000            2.5623345375
2439.0000000000            2.5620367527
2440.0000000000            2.5617384911
2441.0000000000            2.5614399910
2442.0000000000            2.5611414909
2443.0000000000            2.5608425140
2444.0000000000            2.5605435371
2445.0000000000            2.5602440834
2446.0000000000            2.5599443913
2447.0000000000            2.5596446991
2448.0000000000            2.5593445301
2449.0000000000            2.5590443611
2450.0000000000            2.5587437153
2451.0000000000            2.5584430695
2452.0000000000            2.5581419468
2453.0000000000            2.5578408241
2454.0000000000            2.5575394630
2455.0000000000            2.5572381020
2456.0000000000            2.5569360256
2457.0000000000            2.5566337109
2458.0000000000            2.5563316345
2459.0000000000            2.5560290813
2460.0000000000            2.5557262897
2461.0000000000            2.5554232597
2462.0000000000            2.5551199913
2463.0000000000            2.5548162460
2464.0000000000            2.5545127392
2465.0000000000            2.5542087555
2466.0000000000            2.5539045334
2467.0000000000            2.5536000729
2468.0000000000            2.5532953739
2469.0000000000            2.5529909134
2470.0000000000            2.5526857376
2471.0000000000            2.5523805618
2472.0000000000            2.5520746708
2473.0000000000            2.5517690182
2474.0000000000            2.5514628887
2475.0000000000            2.5511567593
2476.0000000000            2.5508503914
2477.0000000000            2.5505435467
2478.0000000000            2.5502369404
2479.0000000000            2.5499296188
2480.0000000000            2.5496222973
2481.0000000000            2.5493144989
2482.0000000000            2.5490067005
2483.0000000000            2.5486989021
2484.0000000000            2.5483903885
2485.0000000000            2.5480818748
2486.0000000000            2.5477733612
2487.0000000000            2.5474643707
2488.0000000000            2.5471551418
2489.0000000000            2.5468456745
2490.0000000000            2.5465359688
2491.0000000000            2.5462260246
2492.0000000000            2.5459160805
2493.0000000000            2.5456058979
2494.0000000000            2.5452952385
2495.0000000000            2.5449843407
2496.0000000000            2.5446732044
2497.0000000000            2.5443623066
2498.0000000000            2.5440504551
2499.0000000000            2.5437388420
2500.0000000000            2.5434269905
2501.0000000000            2.5431149006
2502.0000000000            2.5428023338
2503.0000000000            2.5424900055
2504.0000000000            2.5421769619
2505.0000000000            2.5418639183
2506.0000000000            2.5415506363
2507.0000000000            2.5412371159
2508.0000000000            2.5409233570
2509.0000000000            2.5406093597
2510.0000000000            2.5402953625
2511.0000000000            2.5399808884
2512.0000000000            2.5396661758
2513.0000000000            2.5393512249
2514.0000000000            2.5390360355
2515.0000000000            2.5387210846
2516.0000000000            2.5384054184
2517.0000000000            2.5380897522
2518.0000000000            2.5377733707
2519.0000000000            2.5374572277
2520.0000000000            2.5371408463
2521.0000000000            2.5368242264
2522.0000000000            2.5365073681
2523.0000000000            2.5361902714
2524.0000000000            2.5358726978
2525.0000000000            2.5355551243
2526.0000000000            2.5352373123
2527.0000000000            2.5349192619
2528.0000000000            2.5346012115
2529.0000000000            2.5342824459
2530.0000000000            2.5339639187
2531.0000000000            2.5336446762
2532.0000000000            2.5333256721
2533.0000000000            2.5330061913
2534.0000000000            2.5326867104
2535.0000000000            2.5323667526
2536.0000000000            2.5320467949
2537.0000000000            2.5317265987
2538.0000000000            2.5314056873
2539.0000000000            2.5310852528
2540.0000000000            2.5307643414
2541.0000000000            2.5304429531
2542.0000000000            2.5301215649
2543.0000000000            2.5297996998
2544.0000000000            2.5294778347
2545.0000000000            2.5291557312
2546.0000000000            2.5288336277
2547.0000000000            2.5285110474
2548.0000000000            2.5281882286
2549.0000000000            2.5278651714
2550.0000000000            2.5275421143
2551.0000000000            2.5272185802
2552.0000000000            2.5268948078
2553.0000000000            2.5265707970
2554.0000000000            2.5262467861
2555.0000000000            2.5259225368
2556.0000000000            2.5255978107
2557.0000000000            2.5252728462
2558.0000000000            2.5249481201
2559.0000000000            2.5246229172
2560.0000000000            2.5242972374
2561.0000000000            2.5239715576
2562.0000000000            2.5236456394
2563.0000000000            2.5233194828
2564.0000000000            2.5229930878
2565.0000000000            2.5226664543
2566.0000000000            2.5223398209
2567.0000000000            2.5220124722
2568.0000000000            2.5216853619
2569.0000000000            2.5213577747
2570.0000000000            2.5210301876
2571.0000000000            2.5207023621
2572.0000000000            2.5203740597
2573.0000000000            2.5200457573
2574.0000000000            2.5197169781
2575.0000000000            2.5193881989
2576.0000000000            2.5190589428
2577.0000000000            2.5187299252
2578.0000000000            2.5184001923
2579.0000000000            2.5180706978
2580.0000000000            2.5177407265
2581.0000000000            2.5174105167
2582.0000000000            2.5170800686
2583.0000000000            2.5167493820
2584.0000000000            2.5164186954
2585.0000000000            2.5160872936
2586.0000000000            2.5157561302
2587.0000000000            2.5154247284
2588.0000000000            2.5150928497
2589.0000000000            2.5147607327
2590.0000000000            2.5144286156
2591.0000000000            2.5140964985
2592.0000000000            2.5137634277
2593.0000000000            2.5134305954
2594.0000000000            2.5130977631
2595.0000000000            2.5127644539
2596.0000000000            2.5124309063
2597.0000000000            2.5120971203
2598.0000000000            2.5117630959
2599.0000000000            2.5114288330
2600.0000000000            2.5110945702
2601.0000000000            2.5107600689
2602.0000000000            2.5104248524
2603.0000000000            2.5100898743
2604.0000000000            2.5097546577
2605.0000000000            2.5094192028
2606.0000000000            2.5090832710
2607.0000000000            2.5087475777
2608.0000000000            2.5084111691
2609.0000000000            2.5080747604
2610.0000000000            2.5077381134
2611.0000000000            2.5074012280
2612.0000000000            2.5070641041
2613.0000000000            2.5067269802
2614.0000000000            2.5063891411
2615.0000000000            2.5060515404
2616.0000000000            2.5057134628
2617.0000000000            2.5053753853
2618.0000000000            2.5050368309
2619.0000000000            2.5046982765
2620.0000000000            2.5043594837
2621.0000000000            2.5040204525
2622.0000000000            2.5036811829
2623.0000000000            2.5033416748
2624.0000000000            2.5030016899
2625.0000000000            2.5026619434
2626.0000000000            2.5023214817
2627.0000000000            2.5019812584
2628.0000000000            2.5016405582
2629.0000000000            2.5012998581
2630.0000000000            2.5009586811
2631.0000000000            2.5006175041
2632.0000000000            2.5002760887
2633.0000000000            2.4999341965
2634.0000000000            2.4995923042
2635.0000000000            2.4992499352
2636.0000000000            2.4989078045
2637.0000000000            2.4985649586
2638.0000000000            2.4982221127
2639.0000000000            2.4978790283
2640.0000000000            2.4975357056
2641.0000000000            2.4971923828
2642.0000000000            2.4968485832
2643.0000000000            2.4965045452
2644.0000000000            2.4961605072
2645.0000000000            2.4958159924
2646.0000000000            2.4954717159
2647.0000000000            2.4951267242
2648.0000000000            2.4947817326
2649.0000000000            2.4944365025
2650.0000000000            2.4940910339
2651.0000000000            2.4937453270
2652.0000000000            2.4933991432
2653.0000000000            2.4930531979
2654.0000000000            2.4927070141
2655.0000000000            2.4923603535
2656.0000000000            2.4920134544
2657.0000000000            2.4916665554
2658.0000000000            2.4913194180
2659.0000000000            2.4909718037
2660.0000000000            2.4906239510
2661.0000000000            2.4902760983
2662.0000000000            2.4899282455
2663.0000000000            2.4895799160
2664.0000000000            2.4892313480
2665.0000000000            2.4888823032
2666.0000000000            2.4885334969
2667.0000000000            2.4881844521
2668.0000000000            2.4878349304
2669.0000000000            2.4874854088
2670.0000000000            2.4871354103
2671.0000000000            2.4867851734
2672.0000000000            2.4864349365
2673.0000000000            2.4860846996
2674.0000000000            2.4857337475
2675.0000000000            2.4853827953
2676.0000000000            2.4850318432
2677.0000000000            2.4846804142
2678.0000000000            2.4843287468
2679.0000000000            2.4839768410
2680.0000000000            2.4836246967
2681.0000000000            2.4832725525
2682.0000000000            2.4829201698
2683.0000000000            2.4825673103
2684.0000000000            2.4822144508
2685.0000000000            2.4818613529
2686.0000000000            2.4815080166
2687.0000000000            2.4811544418
2688.0000000000            2.4808006287
2689.0000000000            2.4804465771
2690.0000000000            2.4800925255
2691.0000000000            2.4797379971
2692.0000000000            2.4793832302
2693.0000000000            2.4790284634
2694.0000000000            2.4786734581
2695.0000000000            2.4783179760
2696.0000000000            2.4779627323
2697.0000000000            2.4776070118
2698.0000000000            2.4772510529
2699.0000000000            2.4768948555
2700.0000000000            2.4765384197
2701.0000000000            2.4761817455
2702.0000000000            2.4758250713
2703.0000000000            2.4754679203
2704.0000000000            2.4751105309
2705.0000000000            2.4747533798
2706.0000000000            2.4743955135
2707.0000000000            2.4740376472
2708.0000000000            2.4736795425
2709.0000000000            2.4733211994
2710.0000000000            2.4729626179
2711.0000000000            2.4726037979
2712.0000000000            2.4722449780
2713.0000000000            2.4718856812
2714.0000000000            2.4715261459
2715.0000000000            2.4711668491
2716.0000000000            2.4708068371
2717.0000000000            2.4704468250
2718.0000000000            2.4700865746
2719.0000000000            2.4697260857
2720.0000000000            2.4693653584
2721.0000000000            2.4690043926
2722.0000000000            2.4686431885
2723.0000000000            2.4682819843
2724.0000000000            2.4679203033
2725.0000000000            2.4675586224
2726.0000000000            2.4671967030
2727.0000000000            2.4668345451
2728.0000000000            2.4664721489
2729.0000000000            2.4661092758
2730.0000000000            2.4657464027
2731.0000000000            2.4653835297
2732.0000000000            2.4650201797
2733.0000000000            2.4646568298
2734.0000000000            2.4642930031
2735.0000000000            2.4639289379
2736.0000000000            2.4635648727
2737.0000000000            2.4632005692
2738.0000000000            2.4628360271
2739.0000000000            2.4624712467
2740.0000000000            2.4621062279
2741.0000000000            2.4617409706
2742.0000000000            2.4613757133
2743.0000000000            2.4610099792
2744.0000000000            2.4606440067
2745.0000000000            2.4602780342
2746.0000000000            2.4599118233
2747.0000000000            2.4595453739
2748.0000000000            2.4591786861
2749.0000000000            2.4588115215
2750.0000000000            2.4584445953
2751.0000000000            2.4580771923
2752.0000000000            2.4577095509
2753.0000000000            2.4573419094
2754.0000000000            2.4569740295
2755.0000000000            2.4566056728
2756.0000000000            2.4562373161
2757.0000000000            2.4558687210
2758.0000000000            2.4554998875
2759.0000000000            2.4551308155
2760.0000000000            2.4547617435
2761.0000000000            2.4543921947
2762.0000000000            2.4540224075
2763.0000000000            2.4536526203
2764.0000000000            2.4532823563
2765.0000000000            2.4529123306
2766.0000000000            2.4525415897
2767.0000000000            2.4521708488
2768.0000000000            2.4518001080
2769.0000000000            2.4514286518
2770.0000000000            2.4510574341
2771.0000000000            2.4506859779
2772.0000000000            2.4503140450
2773.0000000000            2.4499421120
2774.0000000000            2.4495697021
2775.0000000000            2.4491972923
2776.0000000000            2.4488246441
2777.0000000000            2.4484517574
2778.0000000000            2.4480788708
2779.0000000000            2.4477055073
2780.0000000000            2.4473319054
2781.0000000000            2.4469583035
2782.0000000000            2.4465844631
2783.0000000000            2.4462103844
2784.0000000000            2.4458358288
2785.0000000000            2.4454612732
2786.0000000000            2.4450867176
2787.0000000000            2.4447114468
2788.0000000000            2.4443364143
2789.0000000000            2.4439611435
2790.0000000000            2.4435856342
2791.0000000000            2.4432098866
2792.0000000000            2.4428336620
2793.0000000000            2.4424574375
2794.0000000000            2.4420812130
2795.0000000000            2.4417045116
2796.0000000000            2.4413275719
2797.0000000000            2.4409503937
2798.0000000000            2.4405732155
2799.0000000000            2.4401957989
2800.0000000000            2.4398179054
2801.0000000000            2.4394400120
2802.0000000000            2.4390621185
2803.0000000000            2.4386837482
2804.0000000000            2.4383051395
2805.0000000000            2.4379265308
2806.0000000000            2.4375474453
2807.0000000000            2.4371683598
2808.0000000000            2.4367890358
2809.0000000000            2.4364092350
2810.0000000000            2.4360294342
2811.0000000000            2.4356496334
2812.0000000000            2.4352693558
2813.0000000000            2.4348890781
2814.0000000000            2.4345083237
2815.0000000000            2.4341273308
2816.0000000000            2.4337463379
2817.0000000000            2.4333651066
2818.0000000000            2.4329836369
2819.0000000000            2.4326021671
2820.0000000000            2.4322202206
2821.0000000000            2.4318382740
2822.0000000000            2.4314558506
2823.0000000000            2.4310734272
2824.0000000000            2.4306907654
2825.0000000000            2.4303076267
2826.0000000000            2.4299244881
2827.0000000000            2.4295413494
2828.0000000000            2.4291577339
2829.0000000000            2.4287741184
2830.0000000000            2.4283902645
2831.0000000000            2.4280061722
2832.0000000000            2.4276216030
2833.0000000000            2.4272370338
2834.0000000000            2.4268522263
2835.0000000000            2.4264671803
2836.0000000000            2.4260823727
2837.0000000000            2.4256968498
2838.0000000000            2.4253113270
2839.0000000000            2.4249253273
2840.0000000000            2.4245393276
2841.0000000000            2.4241530895
2842.0000000000            2.4237666130
2843.0000000000            2.4233801365
2844.0000000000            2.4229931831
2845.0000000000            2.4226062298
2846.0000000000            2.4222190380
2847.0000000000            2.4218316078
2848.0000000000            2.4214439392
2849.0000000000            2.4210560322
2850.0000000000            2.4206678867
2851.0000000000            2.4202795029
2852.0000000000            2.4198911190
2853.0000000000            2.4195022583
2854.0000000000            2.4191136360
2855.0000000000            2.4187242985
2856.0000000000            2.4183349609
2857.0000000000            2.4179456234
2858.0000000000            2.4175560474
2859.0000000000            2.4171659946
2860.0000000000            2.4167757034
2861.0000000000            2.4163854122
2862.0000000000            2.4159951210
2863.0000000000            2.4156041145
2864.0000000000            2.4152133465
2865.0000000000            2.4148221016
2866.0000000000            2.4144310951
2867.0000000000            2.4140393734
2868.0000000000            2.4136476517
2869.0000000000            2.4132556915
2870.0000000000            2.4128634930
2871.0000000000            2.4124710560
2872.0000000000            2.4120783806
2873.0000000000            2.4116857052
2874.0000000000            2.4112927914
2875.0000000000            2.4108996391
2876.0000000000            2.4105062485
2877.0000000000            2.4101126194
2878.0000000000            2.4097187519
2879.0000000000            2.4093246460
2880.0000000000            2.4089305401
2881.0000000000            2.4085361958
2882.0000000000            2.4081416130
2883.0000000000            2.4077467918
2884.0000000000            2.4073517323
2885.0000000000            2.4069564342
2886.0000000000            2.4065611362
2887.0000000000            2.4061655998
2888.0000000000            2.4057698250
2889.0000000000            2.4053735733
2890.0000000000            2.4049775600
2891.0000000000            2.4045810699
2892.0000000000            2.4041845798
2893.0000000000            2.4037876129
2894.0000000000            2.4033906460
2895.0000000000            2.4029932022
2896.0000000000            2.4025959969
2897.0000000000            2.4021983147
2898.0000000000            2.4018003941
2899.0000000000            2.4014022350
2900.0000000000            2.4010040760
2901.0000000000            2.4006056786
2902.0000000000            2.4002070427
2903.0000000000            2.3998081684
2904.0000000000            2.3994092941
2905.0000000000            2.3990099430
2906.0000000000            2.3986103535
2907.0000000000            2.3982110023
2908.0000000000            2.3978109360
2909.0000000000            2.3974108696
2910.0000000000            2.3970105648
2911.0000000000            2.3966102600
2912.0000000000            2.3962094784
2913.0000000000            2.3958086967
2914.0000000000            2.3954079151
2915.0000000000            2.3950064182
2916.0000000000            2.3946051598
2917.0000000000            2.3942034245
2918.0000000000            2.3938014507
2919.0000000000            2.3933994770
2920.0000000000            2.3929972649
2921.0000000000            2.3925948143
2922.0000000000            2.3921921253
2923.0000000000            2.3917894363
2924.0000000000            2.3913862705
2925.0000000000            2.3909831047
2926.0000000000            2.3905794621
2927.0000000000            2.3901758194
2928.0000000000            2.3897719383
2929.0000000000            2.3893680573
2930.0000000000            2.3889639378
2931.0000000000            2.3885593414
2932.0000000000            2.3881547451
2933.0000000000            2.3877499104
2934.0000000000            2.3873450756
2935.0000000000            2.3869395256
2936.0000000000            2.3865342140
2937.0000000000            2.3861284256
2938.0000000000            2.3857228756
2939.0000000000            2.3853166103
2940.0000000000            2.3849103451
2941.0000000000            2.3845043182
2942.0000000000            2.3840975761
2943.0000000000            2.3836908340
2944.0000000000            2.3832836151
2945.0000000000            2.3828763962
2946.0000000000            2.3824691772
2947.0000000000            2.3820612431
2948.0000000000            2.3816535473
2949.0000000000            2.3812456131
2950.0000000000            2.3808374405
2951.0000000000            2.3804290295
2952.0000000000            2.3800203800
2953.0000000000            2.3796117306
2954.0000000000            2.3792028427
2955.0000000000            2.3787937164
2956.0000000000            2.3783843517
2957.0000000000            2.3779745102
2958.0000000000            2.3775649071
2959.0000000000            2.3771548271
2960.0000000000            2.3767447472
2961.0000000000            2.3763344288
2962.0000000000            2.3759238720
2963.0000000000            2.3755130768
2964.0000000000            2.3751020432
2965.0000000000            2.3746910095
2966.0000000000            2.3742797375
2967.0000000000            2.3738682270
2968.0000000000            2.3734567165
2969.0000000000            2.3730447292
2970.0000000000            2.3726327419
2971.0000000000            2.3722202778
2972.0000000000            2.3718075752
2973.0000000000            2.3713948727
2974.0000000000            2.3709824085
2975.0000000000            2.3705692291
2976.0000000000            2.3701560497
2977.0000000000            2.3697423935
2978.0000000000            2.3693287373
2979.0000000000            2.3689148426
2980.0000000000            2.3685007095
2981.0000000000            2.3680865765
2982.0000000000            2.3676722050
2983.0000000000            2.3672573566
2984.0000000000            2.3668425083
2985.0000000000            2.3664278984
2986.0000000000            2.3660125732
2987.0000000000            2.3655972481
2988.0000000000            2.3651814461
2989.0000000000            2.3647656441
2990.0000000000            2.3643498421
2991.0000000000            2.3639335632
2992.0000000000            2.3635172844
2993.0000000000            2.3631005287
2994.0000000000            2.3626837730
2995.0000000000            2.3622667789
2996.0000000000            2.3618497849
2997.0000000000            2.3614325523
2998.0000000000            2.3610150814
2999.0000000000            2.3605971336
3000.0000000000            2.3601791859
3001.0000000000            2.3597612381
3002.0000000000            2.3593428135
3003.0000000000            2.3589246273
3004.0000000000            2.3585057259
3005.0000000000            2.3580868244
3006.0000000000            2.3576676846
3007.0000000000            2.3572487831
3008.0000000000            2.3568291664
3009.0000000000            2.3564097881
3010.0000000000            2.3559896946
3011.0000000000            2.3555698395
3012.0000000000            2.3551495075
3013.0000000000            2.3547291756
3014.0000000000            2.3543086052
3015.0000000000            2.3538877964
3016.0000000000            2.3534667492
3017.0000000000            2.3530457020
3018.0000000000            2.3526244164
3019.0000000000            2.3522028923
3020.0000000000            2.3517811298
3021.0000000000            2.3513593674
3022.0000000000            2.3509371281
3023.0000000000            2.3505148888
3024.0000000000            2.3500921726
3025.0000000000            2.3496696949
3026.0000000000            2.3492467403
3027.0000000000            2.3488237858
3028.0000000000            2.3484005928
3029.0000000000            2.3479771614
3030.0000000000            2.3475534916
3031.0000000000            2.3471298218
3032.0000000000            2.3467056751
3033.0000000000            2.3462815285
3034.0000000000            2.3458571434
3035.0000000000            2.3454327583
3036.0000000000            2.3450078964
3037.0000000000            2.3445830345
3038.0000000000            2.3441576958
3039.0000000000            2.3437323570
3040.0000000000            2.3433072567
3041.0000000000            2.3428814411
3042.0000000000            2.3424556255
3043.0000000000            2.3420293331
3044.0000000000            2.3416030407
3045.0000000000            2.3411767483
3046.0000000000            2.3407499790
3047.0000000000            2.3403232098
3048.0000000000            2.3398962021
3049.0000000000            2.3394691944
3050.0000000000            2.3390417099
3051.0000000000            2.3386142254
3052.0000000000            2.3381862640
3053.0000000000            2.3377585411
3054.0000000000            2.3373303413
3055.0000000000            2.3369021416
3056.0000000000            2.3364737034
3057.0000000000            2.3360447884
3058.0000000000            2.3356161118
3059.0000000000            2.3351869583
3060.0000000000            2.3347578049
3061.0000000000            2.3343284130
3062.0000000000            2.3338987827
3063.0000000000            2.3334689140
3064.0000000000            2.3330388069
3065.0000000000            2.3326086998
3066.0000000000            2.3321783543
3067.0000000000            2.3317480087
3068.0000000000            2.3313174248
3069.0000000000            2.3308863640
3070.0000000000            2.3304553032
3071.0000000000            2.3300240040
3072.0000000000            2.3295927048
3073.0000000000            2.3291609287
3074.0000000000            2.3287291527
3075.0000000000            2.3282971382
3076.0000000000            2.3278648853
3077.0000000000            2.3274326324
3078.0000000000            2.3270001411
3079.0000000000            2.3265674114
3080.0000000000            2.3261344433
3081.0000000000            2.3257014751
3082.0000000000            2.3252680302
3083.0000000000            2.3248345852
3084.0000000000            2.3244009018
3085.0000000000            2.3239669800
3086.0000000000            2.3235330582
3087.0000000000            2.3230988979
3088.0000000000            2.3226644993
3089.0000000000            2.3222298622
3090.0000000000            2.3217952251
3091.0000000000            2.3213603497
3092.0000000000            2.3209249973
3093.0000000000            2.3204898834
3094.0000000000            2.3200542927
3095.0000000000            2.3196184635
3096.0000000000            2.3191828728
3097.0000000000            2.3187468052
3098.0000000000            2.3183104992
3099.0000000000            2.3178741932
3100.0000000000            2.3174376488
3101.0000000000            2.3170008659
3102.0000000000            2.3165638447
3103.0000000000            2.3161268234
3104.0000000000            2.3156895638
3105.0000000000            2.3152520657
3106.0000000000            2.3148145676
3107.0000000000            2.3143765926
3108.0000000000            2.3139386177
3109.0000000000            2.3135004044
3110.0000000000            2.3130619526
3111.0000000000            2.3126232624
3112.0000000000            2.3121845722
3113.0000000000            2.3117458820
3114.0000000000            2.3113067150
3115.0000000000            2.3108673096
3116.0000000000            2.3104279041
3117.0000000000            2.3099882603
3118.0000000000            2.3095486164
3119.0000000000            2.3091084957
3120.0000000000            2.3086683750
3121.0000000000            2.3082282543
3122.0000000000            2.3077876568
3123.0000000000            2.3073465824
3124.0000000000            2.3069057465
3125.0000000000            2.3064649105
3126.0000000000            2.3060235977
3127.0000000000            2.3055820465
3128.0000000000            2.3051404953
3129.0000000000            2.3046989441
3130.0000000000            2.3042569160
3131.0000000000            2.3038146496
3132.0000000000            2.3033723831
3133.0000000000            2.3029301167
3134.0000000000            2.3024873734
3135.0000000000            2.3020446301
3136.0000000000            2.3016011715
3137.0000000000            2.3011581898
3138.0000000000            2.3007147312
3139.0000000000            2.3002710342
3140.0000000000            2.2998275757
3141.0000000000            2.2993834019
3142.0000000000            2.2989394665
3143.0000000000            2.2984952927
3144.0000000000            2.2980506420
3145.0000000000            2.2976064682
3146.0000000000            2.2971613407
3147.0000000000            2.2967164516
3148.0000000000            2.2962713242
3149.0000000000            2.2958259583
3150.0000000000            2.2953805923
3151.0000000000            2.2949347496
3152.0000000000            2.2944889069
3153.0000000000            2.2940428257
3154.0000000000            2.2935967445
3155.0000000000            2.2931504250
3156.0000000000            2.2927038670
3157.0000000000            2.2922570705
3158.0000000000            2.2918105125
3159.0000000000            2.2913630009
3160.0000000000            2.2909159660
3161.0000000000            2.2904684544
3162.0000000000            2.2900209427
3163.0000000000            2.2895734310
3164.0000000000            2.2891252041
3165.0000000000            2.2886769772
3166.0000000000            2.2882289886
3167.0000000000            2.2877802849
3168.0000000000            2.2873315811
3169.0000000000            2.2868831158
3170.0000000000            2.2864341736
3171.0000000000            2.2859849930
3172.0000000000            2.2855353355
3173.0000000000            2.2850859165
3174.0000000000            2.2846362591
3175.0000000000            2.2841866016
3176.0000000000            2.2837364674
3177.0000000000            2.2832863331
3178.0000000000            2.2828359604
3179.0000000000            2.2823853493
3180.0000000000            2.2819347382
3181.0000000000            2.2814838886
3182.0000000000            2.2810328007
3183.0000000000            2.2805814743
3184.0000000000            2.2801301479
3185.0000000000            2.2796785831
3186.0000000000            2.2792267799
3187.0000000000            2.2787749767
3188.0000000000            2.2783229351
3189.0000000000            2.2778706551
3190.0000000000            2.2774183750
3191.0000000000            2.2769656181
3192.0000000000            2.2765128613
3193.0000000000            2.2760601044
3194.0000000000            2.2756068707
3195.0000000000            2.2751536369
3196.0000000000            2.2747001648
3197.0000000000            2.2742466927
3198.0000000000            2.2737927437
3199.0000000000            2.2733387947
3200.0000000000            2.2728848457
3201.0000000000            2.2724304199
3202.0000000000            2.2719759941
3203.0000000000            2.2715213299
3204.0000000000            2.2710664272
3205.0000000000            2.2706115246
3206.0000000000            2.2701563835
3207.0000000000            2.2697010040
3208.0000000000            2.2692456245
3209.0000000000            2.2687900066
3210.0000000000            2.2683341503
3211.0000000000            2.2678780556
3212.0000000000            2.2674219608
3213.0000000000            2.2669658661
3214.0000000000            2.2665090561
3215.0000000000            2.2660527229
3216.0000000000            2.2655956745
3217.0000000000            2.2651386261
3218.0000000000            2.2646813393
3219.0000000000            2.2642240524
3220.0000000000            2.2637665272
3221.0000000000            2.2633092403
3222.0000000000            2.2628512383
3223.0000000000            2.2623932362
3224.0000000000            2.2619352341
3225.0000000000            2.2614769936
3226.0000000000            2.2610182762
3227.0000000000            2.2605597973
3228.0000000000            2.2601008415
3229.0000000000            2.2596416473
3230.0000000000            2.2591826916
3231.0000000000            2.2587234974
3232.0000000000            2.2582638264
3233.0000000000            2.2578041553
3234.0000000000            2.2573444843
3235.0000000000            2.2568843365
3236.0000000000            2.2564244270
3237.0000000000            2.2559638023
3238.0000000000            2.2555034161
3239.0000000000            2.2550427914
3240.0000000000            2.2545819283
3241.0000000000            2.2541210651
3242.0000000000            2.2536599636
3243.0000000000            2.2531986237
3244.0000000000            2.2527372837
3245.0000000000            2.2522754669
3246.0000000000            2.2518136501
3247.0000000000            2.2513518333
3248.0000000000            2.2508895397
3249.0000000000            2.2504272461
3250.0000000000            2.2499649525
3251.0000000000            2.2495021820
3252.0000000000            2.2490396500
3253.0000000000            2.2485764027
3254.0000000000            2.2481133938
3255.0000000000            2.2476501465
3256.0000000000            2.2471866608
3257.0000000000            2.2467231750
3258.0000000000            2.2462594509
3259.0000000000            2.2457954884
3260.0000000000            2.2453315258
3261.0000000000            2.2448673248
3262.0000000000            2.2444028854
3263.0000000000            2.2439382076
3264.0000000000            2.2434735298
3265.0000000000            2.2430086136
3266.0000000000            2.2425436974
3267.0000000000            2.2420783043
3268.0000000000            2.2416129112
3269.0000000000            2.2411475182
3270.0000000000            2.2406816483
3271.0000000000            2.2402157784
3272.0000000000            2.2397499084
3273.0000000000            2.2392838001
3274.0000000000            2.2388174534
3275.0000000000            2.2383508682
3276.0000000000            2.2378842831
3277.0000000000            2.2374174595
3278.0000000000            2.2369503975
3279.0000000000            2.2364833355
3280.0000000000            2.2360160351
3281.0000000000            2.2355484962
3282.0000000000            2.2350809574
3283.0000000000            2.2346131802
3284.0000000000            2.2341451645
3285.0000000000            2.2336771488
3286.0000000000            2.2332088947
3287.0000000000            2.2327406406
3288.0000000000            2.2322719097
3289.0000000000            2.2318031788
3290.0000000000            2.2313344479
3291.0000000000            2.2308652401
3292.0000000000            2.2303960323
3293.0000000000            2.2299268246
3294.0000000000            2.2294571400
3295.0000000000            2.2289876938
3296.0000000000            2.2285177708
3297.0000000000            2.2280476093
3298.0000000000            2.2275774479
3299.0000000000            2.2271072865
3300.0000000000            2.2266368866
3301.0000000000            2.2261662483
3302.0000000000            2.2256956100
3303.0000000000            2.2252244949
3304.0000000000            2.2247533798
3305.0000000000            2.2242822647
3306.0000000000            2.2238109112
3307.0000000000            2.2233393192
3308.0000000000            2.2228674889
3309.0000000000            2.2223956585
3310.0000000000            2.2219238281
3311.0000000000            2.2214515209
3312.0000000000            2.2209792137
3313.0000000000            2.2205066681
3314.0000000000            2.2200338840
3315.0000000000            2.2195611000
3316.0000000000            2.2190883160
3317.0000000000            2.2186150551
3318.0000000000            2.2181417942
3319.0000000000            2.2176685333
3320.0000000000            2.2171947956
3321.0000000000            2.2167212963
3322.0000000000            2.2162473202
3323.0000000000            2.2157733440
3324.0000000000            2.2152991295
3325.0000000000            2.2148246765
3326.0000000000            2.2143502235
3327.0000000000            2.2138755322
3328.0000000000            2.2134008408
3329.0000000000            2.2129259109
3330.0000000000            2.2124507427
3331.0000000000            2.2119753361
3332.0000000000            2.2115001678
3333.0000000000            2.2110245228
3334.0000000000            2.2105486393
3335.0000000000            2.2100727558
3336.0000000000            2.2095968723
3337.0000000000            2.2091207504
3338.0000000000            2.2086443901
3339.0000000000            2.2081680298
3340.0000000000            2.2076911926
3341.0000000000            2.2072145939
3342.0000000000            2.2067375183
3343.0000000000            2.2062604427
3344.0000000000            2.2057831287
3345.0000000000            2.2053058147
3346.0000000000            2.2048282623
3347.0000000000            2.2043507099
3348.0000000000            2.2038729191
3349.0000000000            2.2033946514
3350.0000000000            2.2029166222
3351.0000000000            2.2024383545
3352.0000000000            2.2019600868
3353.0000000000            2.2014813423
3354.0000000000            2.2010025978
3355.0000000000            2.2005238533
3356.0000000000            2.2000446320
3357.0000000000            2.1995654106
3358.0000000000            2.1990861893
3359.0000000000            2.1986067295
3360.0000000000            2.1981270313
3361.0000000000            2.1976473331
3362.0000000000            2.1971673965
3363.0000000000            2.1966872215
3364.0000000000            2.1962070465
3365.0000000000            2.1957266331
3366.0000000000            2.1952462196
3367.0000000000            2.1947653294
3368.0000000000            2.1942846775
3369.0000000000            2.1938035488
3370.0000000000            2.1933226585
3371.0000000000            2.1928412914
3372.0000000000            2.1923599243
3373.0000000000            2.1918783188
3374.0000000000            2.1913967133
3375.0000000000            2.1909148693
3376.0000000000            2.1904327869
3377.0000000000            2.1899507046
3378.0000000000            2.1894683838
3379.0000000000            2.1889858246
3380.0000000000            2.1885032654
3381.0000000000            2.1880207062
3382.0000000000            2.1875376701
3383.0000000000            2.1870546341
3384.0000000000            2.1865715981
3385.0000000000            2.1860883236
3386.0000000000            2.1856048107
3387.0000000000            2.1851210594
3388.0000000000            2.1846375465
3389.0000000000            2.1841535568
3390.0000000000            2.1836695671
3391.0000000000            2.1831853390
3392.0000000000            2.1827008724
3393.0000000000            2.1822166443
3394.0000000000            2.1817319393
3395.0000000000            2.1812472343
3396.0000000000            2.1807622910
3397.0000000000            2.1802771091
3398.0000000000            2.1797919273
3399.0000000000            2.1793067455
3400.0000000000            2.1788213253
3401.0000000000            2.1783356667
3402.0000000000            2.1778497696
3403.0000000000            2.1773638725
3404.0000000000            2.1768779755
3405.0000000000            2.1763918400
3406.0000000000            2.1759054661
3407.0000000000            2.1754188538
3408.0000000000            2.1749322414
3409.0000000000            2.1744453907
3410.0000000000            2.1739585400
3411.0000000000            2.1734716892
3412.0000000000            2.1729843616
3413.0000000000            2.1724970341
3414.0000000000            2.1720097065
3415.0000000000            2.1715219021
3416.0000000000            2.1710343361
3417.0000000000            2.1705462933
3418.0000000000            2.1700582504
3419.0000000000            2.1695702076
3420.0000000000            2.1690819263
3421.0000000000            2.1685934067
3422.0000000000            2.1681046486
3423.0000000000            2.1676161289
3424.0000000000            2.1671271324
3425.0000000000            2.1666381359
3426.0000000000            2.1661491394
3427.0000000000            2.1656596661
3428.0000000000            2.1651701927
3429.0000000000            2.1646807194
3430.0000000000            2.1641910076
3431.0000000000            2.1637010574
3432.0000000000            2.1632111073
3433.0000000000            2.1627209187
3434.0000000000            2.1622307301
3435.0000000000            2.1617403030
3436.0000000000            2.1612496376
3437.0000000000            2.1607592106
3438.0000000000            2.1602683067
3439.0000000000            2.1597774029
3440.0000000000            2.1592862606
3441.0000000000            2.1587951183
3442.0000000000            2.1583037376
3443.0000000000            2.1578121185
3444.0000000000            2.1573204994
3445.0000000000            2.1568286419
3446.0000000000            2.1563367844
3447.0000000000            2.1558446884
3448.0000000000            2.1553525925
3449.0000000000            2.1548602581
3450.0000000000            2.1543676853
3451.0000000000            2.1538751125
3452.0000000000            2.1533825397
3453.0000000000            2.1528894901
3454.0000000000            2.1523964405
3455.0000000000            2.1519033909
3456.0000000000            2.1514101028
3457.0000000000            2.1509168148
3458.0000000000            2.1504230499
3459.0000000000            2.1499295235
3460.0000000000            2.1494357586
3461.0000000000            2.1489417553
3462.0000000000            2.1484477520
3463.0000000000            2.1479532719
3464.0000000000            2.1474590302
3465.0000000000            2.1469645500
3466.0000000000            2.1464700699
3467.0000000000            2.1459753513
3468.0000000000            2.1454801559
3469.0000000000            2.1449851990
3470.0000000000            2.1444902420
3471.0000000000            2.1439948082
3472.0000000000            2.1434993744
3473.0000000000            2.1430037022
3474.0000000000            2.1425080299
3475.0000000000            2.1420123577
3476.0000000000            2.1415164471
3477.0000000000            2.1410202980
3478.0000000000            2.1405241489
3479.0000000000            2.1400277615
3480.0000000000            2.1395313740
3481.0000000000            2.1390347481
3482.0000000000            2.1385378838
3483.0000000000            2.1380410194
3484.0000000000            2.1375441551
3485.0000000000            2.1370468140
3486.0000000000            2.1365497112
3487.0000000000            2.1360521317
3488.0000000000            2.1355547905
3489.0000000000            2.1350569725
3490.0000000000            2.1345593929
3491.0000000000            2.1340613365
3492.0000000000            2.1335632801
3493.0000000000            2.1330649853
3494.0000000000            2.1325669289
3495.0000000000            2.1320683956
3496.0000000000            2.1315698624
3497.0000000000            2.1310710907
3498.0000000000            2.1305723190
3499.0000000000            2.1300733089
3500.0000000000            2.1295742989
3501.0000000000            2.1290750504
3502.0000000000            2.1285758018
3503.0000000000            2.1280760765
3504.0000000000            2.1275765896
3505.0000000000            2.1270768642
3506.0000000000            2.1265771389
3507.0000000000            2.1260771751
3508.0000000000            2.1255769730
3509.0000000000            2.1250767708
3510.0000000000            2.1245763302
3511.0000000000            2.1240758896
3512.0000000000            2.1235752106
3513.0000000000            2.1230745316
3514.0000000000            2.1225736141
3515.0000000000            2.1220726967
3516.0000000000            2.1215715408
3517.0000000000            2.1210703850
3518.0000000000            2.1205689907
3519.0000000000            2.1200673580
3520.0000000000            2.1195657253
3521.0000000000            2.1190640926
3522.0000000000            2.1185622215
3523.0000000000            2.1180601120
3524.0000000000            2.1175580025
3525.0000000000            2.1170556545
3526.0000000000            2.1165533066
3527.0000000000            2.1160507202
3528.0000000000            2.1155483723
3529.0000000000            2.1150455475
3530.0000000000            2.1145424843
3531.0000000000            2.1140396595
3532.0000000000            2.1135363579
3533.0000000000            2.1130332947
3534.0000000000            2.1125297546
3535.0000000000            2.1120264530
3536.0000000000            2.1115226746
3537.0000000000            2.1110188961
3538.0000000000            2.1105151176
3539.0000000000            2.1100111008
3540.0000000000            2.1095070839
3541.0000000000            2.1090028286
3542.0000000000            2.1084983349
3543.0000000000            2.1079938412
3544.0000000000            2.1074893475
3545.0000000000            2.1069846153
3546.0000000000            2.1064796448
3547.0000000000            2.1059746742
3548.0000000000            2.1054697037
3549.0000000000            2.1049644947
3550.0000000000            2.1044590473
3551.0000000000            2.1039535999
3552.0000000000            2.1034481525
3553.0000000000            2.1029422283
3554.0000000000            2.1024365425
3555.0000000000            2.1019306183
3556.0000000000            2.1014244556
3557.0000000000            2.1009185314
3558.0000000000            2.1004118919
3559.0000000000            2.0999054909
3560.0000000000            2.0993990898
3561.0000000000            2.0988924503
3562.0000000000            2.0983855724
3563.0000000000            2.0978786945
3564.0000000000            2.0973718166
3565.0000000000            2.0968644619
3566.0000000000            2.0963573456
3567.0000000000            2.0958499908
3568.0000000000            2.0953423977
3569.0000000000            2.0948348045
3570.0000000000            2.0943272114
3571.0000000000            2.0938193798
3572.0000000000            2.0933113098
3573.0000000000            2.0928032398
3574.0000000000            2.0922949314
3575.0000000000            2.0917866230
3576.0000000000            2.0912783146
3577.0000000000            2.0907697678
3578.0000000000            2.0902609825
3579.0000000000            2.0897524357
3580.0000000000            2.0892434120
3581.0000000000            2.0887341499
3582.0000000000            2.0882251263
3583.0000000000            2.0877156258
3584.0000000000            2.0872061253
3585.0000000000            2.0866966248
3586.0000000000            2.0861864090
3587.0000000000            2.0856761932
3588.0000000000            2.0851655006
3589.0000000000            2.0846543312
3590.0000000000            2.0841424465
3591.0000000000            2.0836296082
3592.0000000000            2.0831155777
3593.0000000000            2.0825996399
3594.0000000000            2.0820810795
3595.0000000000            2.0815591812
3596.0000000000            2.0810325146
3597.0000000000            2.0804996490
3598.0000000000            2.0799579620
3599.0000000000            2.0794045925
3600.0000000000            2.0788354874
3601.0000000000            2.0782454014
3602.0000000000            2.0776278973
3603.0000000000            2.0769739151
3604.0000000000            2.0762729645
3605.0000000000            2.0755107403
3606.0000000000            2.0746705532
3607.0000000000            2.0737302303
3608.0000000000            2.0726642609
3609.0000000000            2.0714397430
3610.0000000000            2.0700180531
3611.0000000000            2.0683529377
3612.0000000000            2.0663888454
3613.0000000000            2.0640614033
3614.0000000000            2.0612947941
3615.0000000000            2.0580017567
3616.0000000000            2.0540831089
3617.0000000000            2.0494265556
3618.0000000000            2.0439064503
3619.0000000000            2.0373835564
3620.0000000000            2.0297062397
3621.0000000000            2.0207104683
3622.0000000000            2.0102212429
3623.0000000000            1.9980551004
3624.0000000000            1.9840215445
3625.0000000000            1.9679267406
3626.0000000000            1.9495767355
3627.0000000000            1.9287822247
3628.0000000000            1.9053621292
3629.0000000000            1.8791493177
3630.0000000000            1.8499953747
3631.0000000000            1.8177762032
3632.0000000000            1.7823969126
3633.0000000000            1.7437969446
3634.0000000000            1.7019540071
3635.0000000000            1.6568889618
3636.0000000000            1.6086673737
3637.0000000000            1.5574026108
3638.0000000000            1.5032557249
3639.0000000000            1.4464356899
3640.0000000000            1.3871973753
3641.0000000000            1.3258380890
3642.0000000000            1.2626938820
3643.0000000000            1.1981337070
3644.0000000000            1.1325531006
3645.0000000000            1.0663665533
3646.0000000000            1.0000000000
3647.0000000000            0.9338824153
3648.0000000000            0.8684372306
3649.0000000000            0.8040747046
3650.0000000000            0.7411837578
3651.0000000000            0.6801252961
3652.0000000000            0.6212258935
3653.0000000000            0.5647729635
3654.0000000000            0.5110108256
3655.0000000000            0.4601379931
3656.0000000000            0.4123060405
3657.0000000000            0.3676193655
3658.0000000000            0.3261364698
3659.0000000000            0.2878719866
3660.0000000000            0.2527998090
3661.0000000000            0.2208569050
3662.0000000000            0.1919478476
3663.0000000000            0.1659494191
3664.0000000000            0.1427157670
3665.0000000000            0.1220833808
3666.0000000000            0.1038759872
3667.0000000000            0.0879092366
3668.0000000000            0.0739949867
3669.0000000000            0.0619451031
3670.0000000000            0.0515748523
3671.0000000000            0.0427056700
3672.0000000000            0.0351674184
3673.0000000000            0.0288001336
3674.0000000000            0.0234552398
3675.0000000000            0.0189963225
3676.0000000000            0.0152994907
3677.0000000000            0.0122533878
3678.0000000000            0.0097589204
3679.0000000000            0.0077287424
3680.0000000000            0.0060865721
3681.0000000000            0.0047663902
3682.0000000000            0.0037115526
3683.0000000000            0.0028738733
3684.0000000000            0.0022127004
3685.0000000000            0.0016940184
3686.0000000000            0.0012895904
3687.0000000000            0.0009761615
3688.0000000000            0.0007347273
3689.0000000000            0.0005498749
3690.0000000000            0.0004091980
3691.0000000000            0.0003027850
3692.0000000000            0.0002227745
3693.0000000000            0.0001629772
3694.0000000000            0.0001185544
3695.0000000000            0.0000857508
3696.0000000000            0.0000616720
3697.0000000000            0.0000441030
