1897.0000000000            2.5905101299
1898.0000000000            2.5903739929
1899.0000000000            2.5902376175
1900.0000000000            2.5901012421
1901.0000000000            2.5899643898
1902.0000000000            2.5898277760
1903.0000000000            2.5896904469
1904.0000000000            2.5895531178
1905.0000000000            2.5894157887
1906.0000000000            2.5892777443
1907.0000000000            2.5891399384
1908.0000000000            2.5890018940
1909.0000000000            2.5888633728
1910.0000000000            2.5887248516
1911.0000000000            2.5885860920
1912.0000000000            2.5884473324
1913.0000000000            2.5883080959
1914.0000000000            2.5881686211
1915.0000000000            2.5880289078
1916.0000000000            2.5878891945
1917.0000000000            2.5877492428
1918.0000000000            2.5876092911
1919.0000000000            2.5874686241
1920.0000000000            2.5873281956
1921.0000000000            2.5871872902
1922.0000000000            2.5870463848
1923.0000000000            2.5869052410
1924.0000000000            2.5867636204
1925.0000000000            2.5866217613
1926.0000000000            2.5864799023
1927.0000000000            2.5863382816
1928.0000000000            2.5861957073
1929.0000000000            2.5860533714
1930.0000000000            2.5859105587
1931.0000000000            2.5857679844
1932.0000000000            2.5856249332
1933.0000000000            2.5854816437
1934.0000000000            2.5853378773
1935.0000000000            2.5851943493
1936.0000000000            2.5850503445
1937.0000000000            2.5849061012
1938.0000000000            2.5847618580
1939.0000000000            2.5846173763
1940.0000000000            2.5844726562
1941.0000000000            2.5843276978
1942.0000000000            2.5841825008
1943.0000000000            2.5840373039
1944.0000000000            2.5838918686
1945.0000000000            2.5837459564
1946.0000000000            2.5836000443
1947.0000000000            2.5834538937
1948.0000000000            2.5833072662
1949.0000000000            2.5831611156
1950.0000000000            2.5830140114
1951.0000000000            2.5828671455
1952.0000000000            2.5827200413
1953.0000000000            2.5825724602
1954.0000000000            2.5824248791
1955.0000000000            2.5822770596
1956.0000000000            2.5821290016
1957.0000000000            2.5819809437
1958.0000000000            2.5818324089
1959.0000000000            2.5816836357
1960.0000000000            2.5815351009
1961.0000000000            2.5813860893
1962.0000000000            2.5812366009
1963.0000000000            2.5810873508
1964.0000000000            2.5809376240
1965.0000000000            2.5807878971
1966.0000000000            2.5806376934
1967.0000000000            2.5804872513
1968.0000000000            2.5803368092
1969.0000000000            2.5801863670
1970.0000000000            2.5800354481
1971.0000000000            2.5798842907
1972.0000000000            2.5797328949
1973.0000000000            2.5795814991
1974.0000000000            2.5794298649
1975.0000000000            2.5792777538
1976.0000000000            2.5791258812
1977.0000000000            2.5789735317
1978.0000000000            2.5788209438
1979.0000000000            2.5786681175
1980.0000000000            2.5785152912
1981.0000000000            2.5783619881
1982.0000000000            2.5782084465
1983.0000000000            2.5780551434
1984.0000000000            2.5779011250
1985.0000000000            2.5777473450
1986.0000000000            2.5775933266
1987.0000000000            2.5774388313
1988.0000000000            2.5772840977
1989.0000000000            2.5771293640
1990.0000000000            2.5769743919
1991.0000000000            2.5768194199
1992.0000000000            2.5766637325
1993.0000000000            2.5765080452
1994.0000000000            2.5763525963
1995.0000000000            2.5761964321
1996.0000000000            2.5760400295
1997.0000000000            2.5758836269
1998.0000000000            2.5757269859
1999.0000000000            2.5755703449
2000.0000000000            2.5754132271
2001.0000000000            2.5752561092
2002.0000000000            2.5750985146
2003.0000000000            2.5749409199
2004.0000000000            2.5747828484
2005.0000000000            2.5746247768
2006.0000000000            2.5744664669
2007.0000000000            2.5743081570
2008.0000000000            2.5741496086
2009.0000000000            2.5739905834
2010.0000000000            2.5738315582
2011.0000000000            2.5736722946
2012.0000000000            2.5735127926
2013.0000000000            2.5733528137
2014.0000000000            2.5731930733
2015.0000000000            2.5730330944
2016.0000000000            2.5728726387
2017.0000000000            2.5727121830
2018.0000000000            2.5725512505
2019.0000000000            2.5723903179
2020.0000000000            2.5722291470
2021.0000000000            2.5720677376
2022.0000000000            2.5719060898
2023.0000000000            2.5717446804
2024.0000000000            2.5715825558
2025.0000000000            2.5714204311
2026.0000000000            2.5712578297
2027.0000000000            2.5710954666
2028.0000000000            2.5709326267
2029.0000000000            2.5707695484
2030.0000000000            2.5706064701
2031.0000000000            2.5704429150
2032.0000000000            2.5702791214
2033.0000000000            2.5701155663
2034.0000000000            2.5699515343
2035.0000000000            2.5697872639
2036.0000000000            2.5696229935
2037.0000000000            2.5694582462
2038.0000000000            2.5692932606
2039.0000000000            2.5691285133
2040.0000000000            2.5689632893
2041.0000000000            2.5687978268
2042.0000000000            2.5686318874
2043.0000000000            2.5684661865
2044.0000000000            2.5683000088
2045.0000000000            2.5681338310
2046.0000000000            2.5679671764
2047.0000000000            2.5678007603
2048.0000000000            2.5676336288
2049.0000000000            2.5674667358
2050.0000000000            2.5672993660
2051.0000000000            2.5671317577
2052.0000000000            2.5669641495
2053.0000000000            2.5667963028
2054.0000000000            2.5666279793
2055.0000000000            2.5664598942
2056.0000000000            2.5662910938
2057.0000000000            2.5661225319
2058.0000000000            2.5659534931
2059.0000000000            2.5657842159
2060.0000000000            2.5656149387
2061.0000000000            2.5654454231
2062.0000000000            2.5652756691
2063.0000000000            2.5651056767
2064.0000000000            2.5649354458
2065.0000000000            2.5647652149
2066.0000000000            2.5645945072
2067.0000000000            2.5644237995
2068.0000000000            2.5642526150
2069.0000000000            2.5640819073
2070.0000000000            2.5639102459
2071.0000000000            2.5637388229
2072.0000000000            2.5635669231
2073.0000000000            2.5633947849
2074.0000000000            2.5632226467
2075.0000000000            2.5630502701
2076.0000000000            2.5628776550
2077.0000000000            2.5627045631
2078.0000000000            2.5625317097
2079.0000000000            2.5623586178
2080.0000000000            2.5621850491
2081.0000000000            2.5620114803
2082.0000000000            2.5618374348
2083.0000000000            2.5616636276
2084.0000000000            2.5614891052
2085.0000000000            2.5613148212
2086.0000000000            2.5611400604
2087.0000000000            2.5609652996
2088.0000000000            2.5607900620
2089.0000000000            2.5606148243
2090.0000000000            2.5604393482
2091.0000000000            2.5602636337
2092.0000000000            2.5600876808
2093.0000000000            2.5599114895
2094.0000000000            2.5597352982
2095.0000000000            2.5595586300
2096.0000000000            2.5593819618
2097.0000000000            2.5592050552
2098.0000000000            2.5590279102
2099.0000000000            2.5588507652
2100.0000000000            2.5586731434
2101.0000000000            2.5584955215
2102.0000000000            2.5583174229
2103.0000000000            2.5581393242
2104.0000000000            2.5579607487
2105.0000000000            2.5577824116
2106.0000000000            2.5576035976
2107.0000000000            2.5574247837
2108.0000000000            2.5572454929
2109.0000000000            2.5570662022
2110.0000000000            2.5568864346
2111.0000000000            2.5567066669
2112.0000000000            2.5565266609
2113.0000000000            2.5563464165
2114.0000000000            2.5561659336
2115.0000000000            2.5559854507
2116.0000000000            2.5558047295
2117.0000000000            2.5556235313
2118.0000000000            2.5554423332
2119.0000000000            2.5552611351
2120.0000000000            2.5550792217
2121.0000000000            2.5548975468
2122.0000000000            2.5547156334
2123.0000000000            2.5545332432
2124.0000000000            2.5543506145
2125.0000000000            2.5541682243
2126.0000000000            2.5539851189
2127.0000000000            2.5538022518
2128.0000000000            2.5536189079
2129.0000000000            2.5534355640
2130.0000000000            2.5532517433
2131.0000000000            2.5530679226
2132.0000000000            2.5528838634
2133.0000000000            2.5526995659
2134.0000000000            2.5525150299
2135.0000000000            2.5523304939
2136.0000000000            2.5521454811
2137.0000000000            2.5519604683
2138.0000000000            2.5517749786
2139.0000000000            2.5515894890
2140.0000000000            2.5514037609
2141.0000000000            2.5512180328
2142.0000000000            2.5510318279
2143.0000000000            2.5508456230
2144.0000000000            2.5506587029
2145.0000000000            2.5504722595
2146.0000000000            2.5502851009
2147.0000000000            2.5500981808
2148.0000000000            2.5499105453
2149.0000000000            2.5497231483
2150.0000000000            2.5495352745
2151.0000000000            2.5493471622
2152.0000000000            2.5491592884
2153.0000000000            2.5489709377
2154.0000000000            2.5487823486
2155.0000000000            2.5485935211
2156.0000000000            2.5484044552
2157.0000000000            2.5482153893
2158.0000000000            2.5480258465
2159.0000000000            2.5478363037
2160.0000000000            2.5476465225
2161.0000000000            2.5474565029
2162.0000000000            2.5472662449
2163.0000000000            2.5470759869
2164.0000000000            2.5468852520
2165.0000000000            2.5466942787
2166.0000000000            2.5465033054
2167.0000000000            2.5463118553
2168.0000000000            2.5461206436
2169.0000000000            2.5459289551
2170.0000000000            2.5457372665
2171.0000000000            2.5455448627
2172.0000000000            2.5453526974
2173.0000000000            2.5451602936
2174.0000000000            2.5449676514
2175.0000000000            2.5447750092
2176.0000000000            2.5445818901
2177.0000000000            2.5443885326
2178.0000000000            2.5441951752
2179.0000000000            2.5440013409
2180.0000000000            2.5438072681
2181.0000000000            2.5436134338
2182.0000000000            2.5434191227
2183.0000000000            2.5432245731
2184.0000000000            2.5430297852
2185.0000000000            2.5428349972
2186.0000000000            2.5426397324
2187.0000000000            2.5424447060
2188.0000000000            2.5422492027
2189.0000000000            2.5420532227
2190.0000000000            2.5418572426
2191.0000000000            2.5416610241
2192.0000000000            2.5414650440
2193.0000000000            2.5412683487
2194.0000000000            2.5410716534
2195.0000000000            2.5408747196
2196.0000000000            2.5406775475
2197.0000000000            2.5404801369
2198.0000000000            2.5402824879
2199.0000000000            2.5400848389
2200.0000000000            2.5398869514
2201.0000000000            2.5396888256
2202.0000000000            2.5394902229
2203.0000000000            2.5392918587
2204.0000000000            2.5390930176
2205.0000000000            2.5388939381
2206.0000000000            2.5386948586
2207.0000000000            2.5384953022
2208.0000000000            2.5382957458
2209.0000000000            2.5380959511
2210.0000000000            2.5378959179
2211.0000000000            2.5376956463
2212.0000000000            2.5374953747
2213.0000000000            2.5372943878
2214.0000000000            2.5370938778
2215.0000000000            2.5368926525
2216.0000000000            2.5366914272
2217.0000000000            2.5364899635
2218.0000000000            2.5362884998
2219.0000000000            2.5360867977
2220.0000000000            2.5358846188
2221.0000000000            2.5356822014
2222.0000000000            2.5354797840
2223.0000000000            2.5352771282
2224.0000000000            2.5350744724
2225.0000000000            2.5348711014
2226.0000000000            2.5346679688
2227.0000000000            2.5344645977
2228.0000000000            2.5342607498
2229.0000000000            2.5340571404
2230.0000000000            2.5338528156
2231.0000000000            2.5336487293
2232.0000000000            2.5334441662
2233.0000000000            2.5332393646
2234.0000000000            2.5330345631
2235.0000000000            2.5328292847
2236.0000000000            2.5326242447
2237.0000000000            2.5324184895
2238.0000000000            2.5322127342
2239.0000000000            2.5320069790
2240.0000000000            2.5318007469
2241.0000000000            2.5315945148
2242.0000000000            2.5313878059
2243.0000000000            2.5311813354
2244.0000000000            2.5309743881
2245.0000000000            2.5307672024
2246.0000000000            2.5305597782
2247.0000000000            2.5303523540
2248.0000000000            2.5301444530
2249.0000000000            2.5299367905
2250.0000000000            2.5297281742
2251.0000000000            2.5295202732
2252.0000000000            2.5293114185
2253.0000000000            2.5291028023
2254.0000000000            2.5288939476
2255.0000000000            2.5286846161
2256.0000000000            2.5284752846
2257.0000000000            2.5282657146
2258.0000000000            2.5280556679
2259.0000000000            2.5278458595
2260.0000000000            2.5276358128
2261.0000000000            2.5274252892
2262.0000000000            2.5272147655
2263.0000000000            2.5270040035
2264.0000000000            2.5267927647
2265.0000000000            2.5265817642
2266.0000000000            2.5263702869
2267.0000000000            2.5261585712
2268.0000000000            2.5259466171
2269.0000000000            2.5257346630
2270.0000000000            2.5255224705
2271.0000000000            2.5253100395
2272.0000000000            2.5250976086
2273.0000000000            2.5248847008
2274.0000000000            2.5246717930
2275.0000000000            2.5244581699
2276.0000000000            2.5242447853
2277.0000000000            2.5240314007
2278.0000000000            2.5238175392
2279.0000000000            2.5236034393
2280.0000000000            2.5233891010
2281.0000000000            2.5231747627
2282.0000000000            2.5229599476
2283.0000000000            2.5227453709
2284.0000000000            2.5225300789
2285.0000000000            2.5223147869
2286.0000000000            2.5220994949
2287.0000000000            2.5218834877
2288.0000000000            2.5216677189
2289.0000000000            2.5214517117
2290.0000000000            2.5212352276
2291.0000000000            2.5210187435
2292.0000000000            2.5208022594
2293.0000000000            2.5205852985
2294.0000000000            2.5203680992
2295.0000000000            2.5201506615
2296.0000000000            2.5199334621
2297.0000000000            2.5197155476
2298.0000000000            2.5194976330
2299.0000000000            2.5192797184
2300.0000000000            2.5190613270
2301.0000000000            2.5188429356
2302.0000000000            2.5186238289
2303.0000000000            2.5184049606
2304.0000000000            2.5181858540
2305.0000000000            2.5179667473
2306.0000000000            2.5177471638
2307.0000000000            2.5175273418
2308.0000000000            2.5173072815
2309.0000000000            2.5170872211
2310.0000000000            2.5168669224
2311.0000000000            2.5166463852
2312.0000000000            2.5164256096
2313.0000000000            2.5162048340
2314.0000000000            2.5159835815
2315.0000000000            2.5157623291
2316.0000000000            2.5155405998
2317.0000000000            2.5153188705
2318.0000000000            2.5150969028
2319.0000000000            2.5148746967
2320.0000000000            2.5146524906
2321.0000000000            2.5144298077
2322.0000000000            2.5142068863
2323.0000000000            2.5139839649
2324.0000000000            2.5137608051
2325.0000000000            2.5135374069
2326.0000000000            2.5133137703
2327.0000000000            2.5130901337
2328.0000000000            2.5128660202
2329.0000000000            2.5126419067
2330.0000000000            2.5124173164
2331.0000000000            2.5121927261
2332.0000000000            2.5119681358
2333.0000000000            2.5117430687
2334.0000000000            2.5115177631
2335.0000000000            2.5112924576
2336.0000000000            2.5110666752
2337.0000000000            2.5108408928
2338.0000000000            2.5106148720
2339.0000000000            2.5103886127
2340.0000000000            2.5101623535
2341.0000000000            2.5099356174
2342.0000000000            2.5097086430
2343.0000000000            2.5094816685
2344.0000000000            2.5092544556
2345.0000000000            2.5090270042
2346.0000000000            2.5087995529
2347.0000000000            2.5085716248
2348.0000000000            2.5083434582
2349.0000000000            2.5081152916
2350.0000000000            2.5078868866
2351.0000000000            2.5076580048
2352.0000000000            2.5074293613
2353.0000000000            2.5072002411
2354.0000000000            2.5069711208
2355.0000000000            2.5067415237
2356.0000000000            2.5065119267
2357.0000000000            2.5062820911
2358.0000000000            2.5060517788
2359.0000000000            2.5058217049
2360.0000000000            2.5055911541
2361.0000000000            2.5053606033
2362.0000000000            2.5051298141
2363.0000000000            2.5048985481
2364.0000000000            2.5046672821
2365.0000000000            2.5044357777
2366.0000000000            2.5042040348
2367.0000000000            2.5039720535
2368.0000000000            2.5037400723
2369.0000000000            2.5035078526
2370.0000000000            2.5032753944
2371.0000000000            2.5030426979
2372.0000000000            2.5028097630
2373.0000000000            2.5025765896
2374.0000000000            2.5023434162
2375.0000000000            2.5021097660
2376.0000000000            2.5018761158
2377.0000000000            2.5016422272
2378.0000000000            2.5014081001
2379.0000000000            2.5011739731
2380.0000000000            2.5009393692
2381.0000000000            2.5007045269
2382.0000000000            2.5004696846
2383.0000000000            2.5002346039
2384.0000000000            2.4999992847
2385.0000000000            2.4997637272
2386.0000000000            2.4995279312
2387.0000000000            2.4992921352
2388.0000000000            2.4990558624
2389.0000000000            2.4988195896
2390.0000000000            2.4985830784
2391.0000000000            2.4983463287
2392.0000000000            2.4981093407
2393.0000000000            2.4978723526
2394.0000000000            2.4976348877
2395.0000000000            2.4973974228
2396.0000000000            2.4971594810
2397.0000000000            2.4969217777
2398.0000000000            2.4966835976
2399.0000000000            2.4964451790
2400.0000000000            2.4962067604
2401.0000000000            2.4959678650
2402.0000000000            2.4957289696
2403.0000000000            2.4954898357
2404.0000000000            2.4952504635
2405.0000000000            2.4950108528
2406.0000000000            2.4947712421
2407.0000000000            2.4945311546
2408.0000000000            2.4942910671
2409.0000000000            2.4940507412
2410.0000000000            2.4938101768
2411.0000000000            2.4935693741
2412.0000000000            2.4933283329
2413.0000000000            2.4930872917
2414.0000000000            2.4928460121
2415.0000000000            2.4926044941
2416.0000000000            2.4923624992
2417.0000000000            2.4921205044
2418.0000000000            2.4918785095
2419.0000000000            2.4916360378
2420.0000000000            2.4913935661
2421.0000000000            2.4911508560
2422.0000000000            2.4909076691
2423.0000000000            2.4906644821
2424.0000000000            2.4904212952
2425.0000000000            2.4901776314
2426.0000000000            2.4899339676
2427.0000000000            2.4896898270
2428.0000000000            2.4894456863
2429.0000000000            2.4892013073
2430.0000000000            2.4889566898
2431.0000000000            2.4887120724
2432.0000000000            2.4884669781
2433.0000000000            2.4882216454
2434.0000000000            2.4879763126
2435.0000000000            2.4877307415
2436.0000000000            2.4874849319
2437.0000000000            2.4872391224
2438.0000000000            2.4869928360
2439.0000000000            2.4867463112
2440.0000000000            2.4865000248
2441.0000000000            2.4862530231
2442.0000000000            2.4860060215
2443.0000000000            2.4857587814
2444.0000000000            2.4855115414
2445.0000000000            2.4852638245
2446.0000000000            2.4850161076
2447.0000000000            2.4847679138
2448.0000000000            2.4845199585
2449.0000000000            2.4842715263
2450.0000000000            2.4840228558
2451.0000000000            2.4837739468
2452.0000000000            2.4835252762
2453.0000000000            2.4832758904
2454.0000000000            2.4830265045
2455.0000000000            2.4827768803
2456.0000000000            2.4825272560
2457.0000000000            2.4822771549
2458.0000000000            2.4820268154
2459.0000000000            2.4817764759
2460.0000000000            2.4815258980
2461.0000000000            2.4812750816
2462.0000000000            2.4810242653
2463.0000000000            2.4807729721
2464.0000000000            2.4805214405
2465.0000000000            2.4802699089
2466.0000000000            2.4800181389
2467.0000000000            2.4797661304
2468.0000000000            2.4795138836
2469.0000000000            2.4792616367
2470.0000000000            2.4790089130
2471.0000000000            2.4787561893
2472.0000000000            2.4785032272
2473.0000000000            2.4782497883
2474.0000000000            2.4779965878
2475.0000000000            2.4777429104
2476.0000000000            2.4774892330
2477.0000000000            2.4772350788
2478.0000000000            2.4769809246
2479.0000000000            2.4767265320
2480.0000000000            2.4764719009
2481.0000000000            2.4762170315
2482.0000000000            2.4759621620
2483.0000000000            2.4757070541
2484.0000000000            2.4754514694
2485.0000000000            2.4751958847
2486.0000000000            2.4749400616
2487.0000000000            2.4746842384
2488.0000000000            2.4744279385
2489.0000000000            2.4741714001
2490.0000000000            2.4739148617
2491.0000000000            2.4736580849
2492.0000000000            2.4734010696
2493.0000000000            2.4731438160
2494.0000000000            2.4728865623
2495.0000000000            2.4726288319
2496.0000000000            2.4723711014
2497.0000000000            2.4721131325
2498.0000000000            2.4718549252
2499.0000000000            2.4715964794
2500.0000000000            2.4713380337
2501.0000000000            2.4710791111
2502.0000000000            2.4708201885
2503.0000000000            2.4705610275
2504.0000000000            2.4703016281
2505.0000000000            2.4700419903
2506.0000000000            2.4697821140
2507.0000000000            2.4695222378
2508.0000000000            2.4692618847
2509.0000000000            2.4690017700
2510.0000000000            2.4687409401
2511.0000000000            2.4684803486
2512.0000000000            2.4682192802
2513.0000000000            2.4679582119
2514.0000000000            2.4676969051
2515.0000000000            2.4674351215
2516.0000000000            2.4671733379
2517.0000000000            2.4669113159
2518.0000000000            2.4666490555
2519.0000000000            2.4663867950
2520.0000000000            2.4661242962
2521.0000000000            2.4658615589
2522.0000000000            2.4655985832
2523.0000000000            2.4653353691
2524.0000000000            2.4650719166
2525.0000000000            2.4648084641
2526.0000000000            2.4645445347
2527.0000000000            2.4642806053
2528.0000000000            2.4640164375
2529.0000000000            2.4637520313
2530.0000000000            2.4634876251
2531.0000000000            2.4632229805
2532.0000000000            2.4629578590
2533.0000000000            2.4626927376
2534.0000000000            2.4624273777
2535.0000000000            2.4621617794
2536.0000000000            2.4618961811
2537.0000000000            2.4616301060
2538.0000000000            2.4613640308
2539.0000000000            2.4610974789
2540.0000000000            2.4608309269
2541.0000000000            2.4605643749
2542.0000000000            2.4602973461
2543.0000000000            2.4600300789
2544.0000000000            2.4597628117
2545.0000000000            2.4594953060
2546.0000000000            2.4592275620
2547.0000000000            2.4589598179
2548.0000000000            2.4586915970
2549.0000000000            2.4584231377
2550.0000000000            2.4581546783
2551.0000000000            2.4578859806
2552.0000000000            2.4576170444
2553.0000000000            2.4573478699
2554.0000000000            2.4570784569
2555.0000000000            2.4568090439
2556.0000000000            2.4565391541
2557.0000000000            2.4562692642
2558.0000000000            2.4559991360
2559.0000000000            2.4557290077
2560.0000000000            2.4554584026
2561.0000000000            2.4551877975
2562.0000000000            2.4549167156
2563.0000000000            2.4546456337
2564.0000000000            2.4543743134
2565.0000000000            2.4541029930
2566.0000000000            2.4538311958
2567.0000000000            2.4535591602
2568.0000000000            2.4532873631
2569.0000000000            2.4530148506
2570.0000000000            2.4527425766
2571.0000000000            2.4524698257
2572.0000000000            2.4521968365
2573.0000000000            2.4519238472
2574.0000000000            2.4516506195
2575.0000000000            2.4513769150
2576.0000000000            2.4511034489
2577.0000000000            2.4508295059
2578.0000000000            2.4505553246
2579.0000000000            2.4502811432
2580.0000000000            2.4500067234
2581.0000000000            2.4497320652
2582.0000000000            2.4494571686
2583.0000000000            2.4491822720
2584.0000000000            2.4489068985
2585.0000000000            2.4486315250
2586.0000000000            2.4483559132
2587.0000000000            2.4480800629
2588.0000000000            2.4478039742
2589.0000000000            2.4475278854
2590.0000000000            2.4472513199
2591.0000000000            2.4469747543
2592.0000000000            2.4466977119
2593.0000000000            2.4464209080
2594.0000000000            2.4461436272
2595.0000000000            2.4458661079
2596.0000000000            2.4455885887
2597.0000000000            2.4453108311
2598.0000000000            2.4450328350
2599.0000000000            2.4447546005
2600.0000000000            2.4444761276
2601.0000000000            2.4441976547
2602.0000000000            2.4439189434
2603.0000000000            2.4436399937
2604.0000000000            2.4433605671
2605.0000000000            2.4430813789
2606.0000000000            2.4428017139
2607.0000000000            2.4425218105
2608.0000000000            2.4422419071
2609.0000000000            2.4419617653
2610.0000000000            2.4416813850
2611.0000000000            2.4414007664
2612.0000000000            2.4411201477
2613.0000000000            2.4408392906
2614.0000000000            2.4405579567
2615.0000000000            2.4402766228
2616.0000000000            2.4399950504
2617.0000000000            2.4397134781
2618.0000000000            2.4394314289
2619.0000000000            2.4391493797
2620.0000000000            2.4388670921
2621.0000000000            2.4385845661
2622.0000000000            2.4383018017
2623.0000000000            2.4380187988
2624.0000000000            2.4377357960
2625.0000000000            2.4374525547
2626.0000000000            2.4371690750
2627.0000000000            2.4368853569
2628.0000000000            2.4366014004
2629.0000000000            2.4363172054
2630.0000000000            2.4360330105
2631.0000000000            2.4357485771
2632.0000000000            2.4354639053
2633.0000000000            2.4351789951
2634.0000000000            2.4348938465
2635.0000000000            2.4346086979
2636.0000000000            2.4343233109
2637.0000000000            2.4340376854
2638.0000000000            2.4337515831
2639.0000000000            2.4334657192
2640.0000000000            2.4331793785
2641.0000000000            2.4328930378
2642.0000000000            2.4326064587
2643.0000000000            2.4323196411
2644.0000000000            2.4320325851
2645.0000000000            2.4317455292
2646.0000000000            2.4314579964
2647.0000000000            2.4311704636
2648.0000000000            2.4308826923
2649.0000000000            2.4305946827
2650.0000000000            2.4303064346
2651.0000000000            2.4300179482
2652.0000000000            2.4297294617
2653.0000000000            2.4294407368
2654.0000000000            2.4291517735
2655.0000000000            2.4288625717
2656.0000000000            2.4285733700
2657.0000000000            2.4282836914
2658.0000000000            2.4279940128
2659.0000000000            2.4277040958
2660.0000000000            2.4274139404
2661.0000000000            2.4271235466
2662.0000000000            2.4268329144
2663.0000000000            2.4265422821
2664.0000000000            2.4262514114
2665.0000000000            2.4259603024
2666.0000000000            2.4256689548
2667.0000000000            2.4253776073
2668.0000000000            2.4250857830
2669.0000000000            2.4247939587
2670.0000000000            2.4245018959
2671.0000000000            2.4242095947
2672.0000000000            2.4239170551
2673.0000000000            2.4236245155
2674.0000000000            2.4233314991
2675.0000000000            2.4230387211
2676.0000000000            2.4227454662
2677.0000000000            2.4224519730
2678.0000000000            2.4221582413
2679.0000000000            2.4218645096
2680.0000000000            2.4215705395
2681.0000000000            2.4212763309
2682.0000000000            2.4209818840
2683.0000000000            2.4206871986
2684.0000000000            2.4203925133
2685.0000000000            2.4200975895
2686.0000000000            2.4198021889
2687.0000000000            2.4195070267
2688.0000000000            2.4192113876
2689.0000000000            2.4189157486
2690.0000000000            2.4186196327
2691.0000000000            2.4183235168
2692.0000000000            2.4180271626
2693.0000000000            2.4177305698
2694.0000000000            2.4174339771
2695.0000000000            2.4171369076
2696.0000000000            2.4168400764
2697.0000000000            2.4165427685
2698.0000000000            2.4162452221
2699.0000000000            2.4159474373
2700.0000000000            2.4156496525
2701.0000000000            2.4153516293
2702.0000000000            2.4150531292
2703.0000000000            2.4147548676
2704.0000000000            2.4144561291
2705.0000000000            2.4141573906
2706.0000000000            2.4138581753
2707.0000000000            2.4135589600
2708.0000000000            2.4132595062
2709.0000000000            2.4129600525
2710.0000000000            2.4126601219
2711.0000000000            2.4123601913
2712.0000000000            2.4120600224
2713.0000000000            2.4117596149
2714.0000000000            2.4114589691
2715.0000000000            2.4111583233
2716.0000000000            2.4108572006
2717.0000000000            2.4105560780
2718.0000000000            2.4102547169
2719.0000000000            2.4099531174
2720.0000000000            2.4096515179
2721.0000000000            2.4093496799
2722.0000000000            2.4090473652
2723.0000000000            2.4087450504
2724.0000000000            2.4084427357
2725.0000000000            2.4081399441
2726.0000000000            2.4078371525
2727.0000000000            2.4075338840
2728.0000000000            2.4072308540
2729.0000000000            2.4069271088
2730.0000000000            2.4066236019
2731.0000000000            2.4063198566
2732.0000000000            2.4060156345
2733.0000000000            2.4057114124
2734.0000000000            2.4054071903
2735.0000000000            2.4051024914
2736.0000000000            2.4047977924
2737.0000000000            2.4044926167
2738.0000000000            2.4041876793
2739.0000000000            2.4038822651
2740.0000000000            2.4035766125
2741.0000000000            2.4032707214
2742.0000000000            2.4029648304
2743.0000000000            2.4026587009
2744.0000000000            2.4023523331
2745.0000000000            2.4020457268
2746.0000000000            2.4017391205
2747.0000000000            2.4014322758
2748.0000000000            2.4011251926
2749.0000000000            2.4008178711
2750.0000000000            2.4005105495
2751.0000000000            2.4002027512
2752.0000000000            2.3998949528
2753.0000000000            2.3995866776
2754.0000000000            2.3992786407
2755.0000000000            2.3989701271
2756.0000000000            2.3986613750
2757.0000000000            2.3983526230
2758.0000000000            2.3980436325
2759.0000000000            2.3977344036
2760.0000000000            2.3974251747
2761.0000000000            2.3971154690
2762.0000000000            2.3968057632
2763.0000000000            2.3964958191
2764.0000000000            2.3961856365
2765.0000000000            2.3958754539
2766.0000000000            2.3955647945
2767.0000000000            2.3952541351
2768.0000000000            2.3949432373
2769.0000000000            2.3946321011
2770.0000000000            2.3943207264
2771.0000000000            2.3940093517
2772.0000000000            2.3936977386
2773.0000000000            2.3933858871
2774.0000000000            2.3930737972
2775.0000000000            2.3927617073
2776.0000000000            2.3924491405
2777.0000000000            2.3921365738
2778.0000000000            2.3918237686
2779.0000000000            2.3915107250
2780.0000000000            2.3911976814
2781.0000000000            2.3908841610
2782.0000000000            2.3905706406
2783.0000000000            2.3902568817
2784.0000000000            2.3899428844
2785.0000000000            2.3896288872
2786.0000000000            2.3893144131
2787.0000000000            2.3889999390
2788.0000000000            2.3886852264
2789.0000000000            2.3883705139
2790.0000000000            2.3880553246
2791.0000000000            2.3877401352
2792.0000000000            2.3874247074
2793.0000000000            2.3871090412
2794.0000000000            2.3867931366
2795.0000000000            2.3864769936
2796.0000000000            2.3861608505
2797.0000000000            2.3858444691
2798.0000000000            2.3855278492
2799.0000000000            2.3852112293
2800.0000000000            2.3848941326
2801.0000000000            2.3845770359
2802.0000000000            2.3842597008
2803.0000000000            2.3839421272
2804.0000000000            2.3836245537
2805.0000000000            2.3833065033
2806.0000000000            2.3829884529
2807.0000000000            2.3826701641
2808.0000000000            2.3823516369
2809.0000000000            2.3820331097
2810.0000000000            2.3817143440
2811.0000000000            2.3813951015
2812.0000000000            2.3810760975
2813.0000000000            2.3807566166
2814.0000000000            2.3804368973
2815.0000000000            2.3801171780
2816.0000000000            2.3797972202
2817.0000000000            2.3794770241
2818.0000000000            2.3791568279
2819.0000000000            2.3788361549
2820.0000000000            2.3785154819
2821.0000000000            2.3781945705
2822.0000000000            2.3778734207
2823.0000000000            2.3775520325
2824.0000000000            2.3772306442
2825.0000000000            2.3769090176
2826.0000000000            2.3765871525
2827.0000000000            2.3762650490
2828.0000000000            2.3759429455
2829.0000000000            2.3756206036
2830.0000000000            2.3752980232
2831.0000000000            2.3749752045
2832.0000000000            2.3746521473
2833.0000000000            2.3743290901
2834.0000000000            2.3740055561
2835.0000000000            2.3736820221
2836.0000000000            2.3733584881
2837.0000000000            2.3730344772
2838.0000000000            2.3727104664
2839.0000000000            2.3723862171
2840.0000000000            2.3720617294
2841.0000000000            2.3717370033
2842.0000000000            2.3714122772
2843.0000000000            2.3710873127
2844.0000000000            2.3707621098
2845.0000000000            2.3704366684
2846.0000000000            2.3701109886
2847.0000000000            2.3697850704
2848.0000000000            2.3694591522
2849.0000000000            2.3691332340
2850.0000000000            2.3688068390
2851.0000000000            2.3684802055
2852.0000000000            2.3681535721
2853.0000000000            2.3678267002
2854.0000000000            2.3674995899
2855.0000000000            2.3671722412
2856.0000000000            2.3668448925
2857.0000000000            2.3665173054
2858.0000000000            2.3661894798
2859.0000000000            2.3658616543
2860.0000000000            2.3655333519
2861.0000000000            2.3652050495
2862.0000000000            2.3648765087
2863.0000000000            2.3645477295
2864.0000000000            2.3642187119
2865.0000000000            2.3638896942
2866.0000000000            2.3635601997
2867.0000000000            2.3632309437
2868.0000000000            2.3629012108
2869.0000000000            2.3625714779
2870.0000000000            2.3622412682
2871.0000000000            2.3619112968
2872.0000000000            2.3615808487
2873.0000000000            2.3612501621
2874.0000000000            2.3609192371
2875.0000000000            2.3605883121
2876.0000000000            2.3602571487
2877.0000000000            2.3599259853
2878.0000000000            2.3595943451
2879.0000000000            2.3592627048
2880.0000000000            2.3589308262
2881.0000000000            2.3585987091
2882.0000000000            2.3582665920
2883.0000000000            2.3579339981
2884.0000000000            2.3576016426
2885.0000000000            2.3572688103
2886.0000000000            2.3569357395
2887.0000000000            2.3566024303
2888.0000000000            2.3562691212
2889.0000000000            2.3559355736
2890.0000000000            2.3556017876
2891.0000000000            2.3552680016
2892.0000000000            2.3549339771
2893.0000000000            2.3545997143
2894.0000000000            2.3542652130
2895.0000000000            2.3539304733
2896.0000000000            2.3535957336
2897.0000000000            2.3532607555
2898.0000000000            2.3529257774
2899.0000000000            2.3525903225
2900.0000000000            2.3522546291
2901.0000000000            2.3519189358
2902.0000000000            2.3515830040
2903.0000000000            2.3512468338
2904.0000000000            2.3509106636
2905.0000000000            2.3505742550
2906.0000000000            2.3502376080
2907.0000000000            2.3499007225
2908.0000000000            2.3495635986
2909.0000000000            2.3492264748
2910.0000000000            2.3488891125
2911.0000000000            2.3485515118
2912.0000000000            2.3482139111
2913.0000000000            2.3478758335
2914.0000000000            2.3475377560
2915.0000000000            2.3471994400
2916.0000000000            2.3468608856
2917.0000000000            2.3465223312
2918.0000000000            2.3461833000
2919.0000000000            2.3458445072
2920.0000000000            2.3455052376
2921.0000000000            2.3451659679
2922.0000000000            2.3448262215
2923.0000000000            2.3444864750
2924.0000000000            2.3441464901
2925.0000000000            2.3438065052
2926.0000000000            2.3434660435
2927.0000000000            2.3431255817
2928.0000000000            2.3427851200
2929.0000000000            2.3424441814
2930.0000000000            2.3421032429
2931.0000000000            2.3417618275
2932.0000000000            2.3414206505
2933.0000000000            2.3410789967
2934.0000000000            2.3407373428
2935.0000000000            2.3403952122
2936.0000000000            2.3400530815
2937.0000000000            2.3397109509
2938.0000000000            2.3393683434
2939.0000000000            2.3390257359
2940.0000000000            2.3386831284
2941.0000000000            2.3383400440
2942.0000000000            2.3379967213
2943.0000000000            2.3376533985
2944.0000000000            2.3373098373
2945.0000000000            2.3369660378
2946.0000000000            2.3366222382
2947.0000000000            2.3362782001
2948.0000000000            2.3359336853
2949.0000000000            2.3355894089
2950.0000000000            2.3352446556
2951.0000000000            2.3348999023
2952.0000000000            2.3345549107
2953.0000000000            2.3342096806
2954.0000000000            2.3338644505
2955.0000000000            2.3335187435
2956.0000000000            2.3331730366
2957.0000000000            2.3328273296
2958.0000000000            2.3324811459
2959.0000000000            2.3321349621
2960.0000000000            2.3317885399
2961.0000000000            2.3314418793
2962.0000000000            2.3310949802
2963.0000000000            2.3307480812
2964.0000000000            2.3304009438
2965.0000000000            2.3300535679
2966.0000000000            2.3297059536
2967.0000000000            2.3293583393
2968.0000000000            2.3290104866
2969.0000000000            2.3286623955
2970.0000000000            2.3283140659
2971.0000000000            2.3279657364
2972.0000000000            2.3276171684
2973.0000000000            2.3272683620
2974.0000000000            2.3269195557
2975.0000000000            2.3265705109
2976.0000000000            2.3262212276
2977.0000000000            2.3258717060
2978.0000000000            2.3255219460
2979.0000000000            2.3251721859
2980.0000000000            2.3248219490
2981.0000000000            2.3244719505
2982.0000000000            2.3241214752
2983.0000000000            2.3237709999
2984.0000000000            2.3234202862
2985.0000000000            2.3230693340
2986.0000000000            2.3227181435
2987.0000000000            2.3223669529
2988.0000000000            2.3220155239
2989.0000000000            2.3216640949
2990.0000000000            2.3213121891
2991.0000000000            2.3209602833
2992.0000000000            2.3206081390
2993.0000000000            2.3202557564
2994.0000000000            2.3199031353
2995.0000000000            2.3195505142
2996.0000000000            2.3191976547
2997.0000000000            2.3188445568
2998.0000000000            2.3184914589
2999.0000000000            2.3181378841
3000.0000000000            2.3177845478
3001.0000000000            2.3174307346
3002.0000000000            2.3170769215
3003.0000000000            2.3167226315
3004.0000000000            2.3163685799
3005.0000000000            2.3160138130
3006.0000000000            2.3156592846
3007.0000000000            2.3153045177
3008.0000000000            2.3149495125
3009.0000000000            2.3145945072
3010.0000000000            2.3142390251
3011.0000000000            2.3138835430
3012.0000000000            2.3135278225
3013.0000000000            2.3131721020
3014.0000000000            2.3128159046
3015.0000000000            2.3124597073
3016.0000000000            2.3121032715
3017.0000000000            2.3117468357
3018.0000000000            2.3113899231
3019.0000000000            2.3110332489
3020.0000000000            2.3106760979
3021.0000000000            2.3103189468
3022.0000000000            2.3099613190
3023.0000000000            2.3096036911
3024.0000000000            2.3092460632
3025.0000000000            2.3088879585
3026.0000000000            2.3085298538
3027.0000000000            2.3081715107
3028.0000000000            2.3078131676
3029.0000000000            2.3074543476
3030.0000000000            2.3070955276
3031.0000000000            2.3067364693
3032.0000000000            2.3063771725
3033.0000000000            2.3060178757
3034.0000000000            2.3056583405
3035.0000000000            2.3052988052
3036.0000000000            2.3049387932
3037.0000000000            2.3045787811
3038.0000000000            2.3042185307
3039.0000000000            2.3038580418
3040.0000000000            2.3034975529
3041.0000000000            2.3031368256
3042.0000000000            2.3027756214
3043.0000000000            2.3024146557
3044.0000000000            2.3020534515
3045.0000000000            2.3016920090
3046.0000000000            2.3013303280
3047.0000000000            2.3009684086
3048.0000000000            2.3006064892
3049.0000000000            2.3002443314
3050.0000000000            2.2998819351
3051.0000000000            2.2995195389
3052.0000000000            2.2991566658
3053.0000000000            2.2987940311
3054.0000000000            2.2984309196
3055.0000000000            2.2980678082
3056.0000000000            2.2977044582
3057.0000000000            2.2973408699
3058.0000000000            2.2969772816
3059.0000000000            2.2966132164
3060.0000000000            2.2962491512
3061.0000000000            2.2958850861
3062.0000000000            2.2955205441
3063.0000000000            2.2951560020
3064.0000000000            2.2947912216
3065.0000000000            2.2944264412
3066.0000000000            2.2940611839
3067.0000000000            2.2936961651
3068.0000000000            2.2933306694
3069.0000000000            2.2929649353
3070.0000000000            2.2925992012
3071.0000000000            2.2922332287
3072.0000000000            2.2918670177
3073.0000000000            2.2915008068
3074.0000000000            2.2911343575
3075.0000000000            2.2907676697
3076.0000000000            2.2904007435
3077.0000000000            2.2900340557
3078.0000000000            2.2896668911
3079.0000000000            2.2892992496
3080.0000000000            2.2889318466
3081.0000000000            2.2885642052
3082.0000000000            2.2881963253
3083.0000000000            2.2878284454
3084.0000000000            2.2874603271
3085.0000000000            2.2870919704
3086.0000000000            2.2867233753
3087.0000000000            2.2863545418
3088.0000000000            2.2859857082
3089.0000000000            2.2856166363
3090.0000000000            2.2852475643
3091.0000000000            2.2848782539
3092.0000000000            2.2845087051
3093.0000000000            2.2841389179
3094.0000000000            2.2837691307
3095.0000000000            2.2833988667
3096.0000000000            2.2830288410
3097.0000000000            2.2826583385
3098.0000000000            2.2822878361
3099.0000000000            2.2819170952
3100.0000000000            2.2815461159
3101.0000000000            2.2811748981
3102.0000000000            2.2808036804
3103.0000000000            2.2804324627
3104.0000000000            2.2800607681
3105.0000000000            2.2796890736
3106.0000000000            2.2793171406
3107.0000000000            2.2789449692
3108.0000000000            2.2785727978
3109.0000000000            2.2782001495
3110.0000000000            2.2778277397
3111.0000000000            2.2774548531
3112.0000000000            2.2770819664
3113.0000000000            2.2767088413
3114.0000000000            2.2763357162
3115.0000000000            2.2759621143
3116.0000000000            2.2755885124
3117.0000000000            2.2752146721
3118.0000000000            2.2748408318
3119.0000000000            2.2744667530
3120.0000000000            2.2740924358
3121.0000000000            2.2737178802
3122.0000000000            2.2733433247
3123.0000000000            2.2729685307
3124.0000000000            2.2725934982
3125.0000000000            2.2722184658
3126.0000000000            2.2718431950
3127.0000000000            2.2714676857
3128.0000000000            2.2710919380
3129.0000000000            2.2707161903
3130.0000000000            2.2703402042
3131.0000000000            2.2699642181
3132.0000000000            2.2695877552
3133.0000000000            2.2692112923
3134.0000000000            2.2688345909
3135.0000000000            2.2684578896
3136.0000000000            2.2680809498
3137.0000000000            2.2677037716
3138.0000000000            2.2673263550
3139.0000000000            2.2669491768
3140.0000000000            2.2665715218
3141.0000000000            2.2661936283
3142.0000000000            2.2658157349
3143.0000000000            2.2654373646
3144.0000000000            2.2650592327
3145.0000000000            2.2646808624
3146.0000000000            2.2643020153
3147.0000000000            2.2639231682
3148.0000000000            2.2635443211
3149.0000000000            2.2631652355
3150.0000000000            2.2627859116
3151.0000000000            2.2624065876
3152.0000000000            2.2620267868
3153.0000000000            2.2616469860
3154.0000000000            2.2612671852
3155.0000000000            2.2608869076
3156.0000000000            2.2605066299
3157.0000000000            2.2601261139
3158.0000000000            2.2597455978
3159.0000000000            2.2593648434
3160.0000000000            2.2589838505
3161.0000000000            2.2586026192
3162.0000000000            2.2582213879
3163.0000000000            2.2578401566
3164.0000000000            2.2574584484
3165.0000000000            2.2570767403
3166.0000000000            2.2566945553
3167.0000000000            2.2563126087
3168.0000000000            2.2559304237
3169.0000000000            2.2555480003
3170.0000000000            2.2551653385
3171.0000000000            2.2547824383
3172.0000000000            2.2543995380
3173.0000000000            2.2540163994
3174.0000000000            2.2536332607
3175.0000000000            2.2532496452
3176.0000000000            2.2528662682
3177.0000000000            2.2524824142
3178.0000000000            2.2520985603
3179.0000000000            2.2517144680
3180.0000000000            2.2513303757
3181.0000000000            2.2509460449
3182.0000000000            2.2505614758
3183.0000000000            2.2501764297
3184.0000000000            2.2497916222
3185.0000000000            2.2494065762
3186.0000000000            2.2490212917
3187.0000000000            2.2486360073
3188.0000000000            2.2482504845
3189.0000000000            2.2478647232
3190.0000000000            2.2474789619
3191.0000000000            2.2470929623
3192.0000000000            2.2467067242
3193.0000000000            2.2463204861
3194.0000000000            2.2459340096
3195.0000000000            2.2455470562
3196.0000000000            2.2451603413
3197.0000000000            2.2447733879
3198.0000000000            2.2443861961
3199.0000000000            2.2439990044
3200.0000000000            2.2436113358
3201.0000000000            2.2432239056
3202.0000000000            2.2428359985
3203.0000000000            2.2424478531
3204.0000000000            2.2420597076
3205.0000000000            2.2416715622
3206.0000000000            2.2412831783
3207.0000000000            2.2408945560
3208.0000000000            2.2405056953
3209.0000000000            2.2401165962
3210.0000000000            2.2397277355
3211.0000000000            2.2393383980
3212.0000000000            2.2389490604
3213.0000000000            2.2385592461
3214.0000000000            2.2381696701
3215.0000000000            2.2377796173
3216.0000000000            2.2373895645
3217.0000000000            2.2369992733
3218.0000000000            2.2366092205
3219.0000000000            2.2362186909
3220.0000000000            2.2358276844
3221.0000000000            2.2354369164
3222.0000000000            2.2350459099
3223.0000000000            2.2346546650
3224.0000000000            2.2342634201
3225.0000000000            2.2338719368
3226.0000000000            2.2334802151
3227.0000000000            2.2330884933
3228.0000000000            2.2326965332
3229.0000000000            2.2323043346
3230.0000000000            2.2319118977
3231.0000000000            2.2315196991
3232.0000000000            2.2311270237
3233.0000000000            2.2307341099
3234.0000000000            2.2303411961
3235.0000000000            2.2299480438
3236.0000000000            2.2295548916
3237.0000000000            2.2291615009
3238.0000000000            2.2287678719
3239.0000000000            2.2283742428
3240.0000000000            2.2279803753
3241.0000000000            2.2275862694
3242.0000000000            2.2271921635
3243.0000000000            2.2267975807
3244.0000000000            2.2264032364
3245.0000000000            2.2260084152
3246.0000000000            2.2256135941
3247.0000000000            2.2252187729
3248.0000000000            2.2248234749
3249.0000000000            2.2244281769
3250.0000000000            2.2240328789
3251.0000000000            2.2236371040
3252.0000000000            2.2232413292
3253.0000000000            2.2228455544
3254.0000000000            2.2224493027
3255.0000000000            2.2220530510
3256.0000000000            2.2216567993
3257.0000000000            2.2212603092
3258.0000000000            2.2208633423
3259.0000000000            2.2204666138
3260.0000000000            2.2200696468
3261.0000000000            2.2196724415
3262.0000000000            2.2192749977
3263.0000000000            2.2188775539
3264.0000000000            2.2184798717
3265.0000000000            2.2180819511
3266.0000000000            2.2176840305
3267.0000000000            2.2172858715
3268.0000000000            2.2168877125
3269.0000000000            2.2164893150
3270.0000000000            2.2160906792
3271.0000000000            2.2156918049
3272.0000000000            2.2152931690
3273.0000000000            2.2148940563
3274.0000000000            2.2144947052
3275.0000000000            2.2140953541
3276.0000000000            2.2136957645
3277.0000000000            2.2132961750
3278.0000000000            2.2128963470
3279.0000000000            2.2124962807
3280.0000000000            2.2120962143
3281.0000000000            2.2116959095
3282.0000000000            2.2112953663
3283.0000000000            2.2108948231
3284.0000000000            2.2104940414
3285.0000000000            2.2100932598
3286.0000000000            2.2096922398
3287.0000000000            2.2092909813
3288.0000000000            2.2088894844
3289.0000000000            2.2084879875
3290.0000000000            2.2080862522
3291.0000000000            2.2076845169
3292.0000000000            2.2072825432
3293.0000000000            2.2068803310
3294.0000000000            2.2064781189
3295.0000000000            2.2060756683
3296.0000000000            2.2056729794
3297.0000000000            2.2052702904
3298.0000000000            2.2048673630
3299.0000000000            2.2044641972
3300.0000000000            2.2040610313
3301.0000000000            2.2036576271
3302.0000000000            2.2032542229
3303.0000000000            2.2028505802
3304.0000000000            2.2024466991
3305.0000000000            2.2020428181
3306.0000000000            2.2016384602
3307.0000000000            2.2012343407
3308.0000000000            2.2008299828
3309.0000000000            2.2004253864
3310.0000000000            2.2000205517
3311.0000000000            2.1996157169
3312.0000000000            2.1992106438
3313.0000000000            2.1988055706
3314.0000000000            2.1984000206
3315.0000000000            2.1979944706
3316.0000000000            2.1975889206
3317.0000000000            2.1971831322
3318.0000000000            2.1967771053
3319.0000000000            2.1963710785
3320.0000000000            2.1959650517
3321.0000000000            2.1955585480
3322.0000000000            2.1951518059
3323.0000000000            2.1947450638
3324.0000000000            2.1943385601
3325.0000000000            2.1939313412
3326.0000000000            2.1935241222
3327.0000000000            2.1931169033
3328.0000000000            2.1927094460
3329.0000000000            2.1923019886
3330.0000000000            2.1918940544
3331.0000000000            2.1914861202
3332.0000000000            2.1910781860
3333.0000000000            2.1906700134
3334.0000000000            2.1902616024
3335.0000000000            2.1898531914
3336.0000000000            2.1894445419
3337.0000000000            2.1890356541
3338.0000000000            2.1886267662
3339.0000000000            2.1882176399
3340.0000000000            2.1878085136
3341.0000000000            2.1873991489
3342.0000000000            2.1869895458
3343.0000000000            2.1865797043
3344.0000000000            2.1861701012
3345.0000000000            2.1857600212
3346.0000000000            2.1853497028
3347.0000000000            2.1849396229
3348.0000000000            2.1845290661
3349.0000000000            2.1841185093
3350.0000000000            2.1837079525
3351.0000000000            2.1832969189
3352.0000000000            2.1828858852
3353.0000000000            2.1824748516
3354.0000000000            2.1820633411
3355.0000000000            2.1816520691
3356.0000000000            2.1812403202
3357.0000000000            2.1808285713
3358.0000000000            2.1804165840
3359.0000000000            2.1800045967
3360.0000000000            2.1795923710
3361.0000000000            2.1791801453
3362.0000000000            2.1787674427
3363.0000000000            2.1783549786
3364.0000000000            2.1779422760
3365.0000000000            2.1775290966
3366.0000000000            2.1771161556
3367.0000000000            2.1767029762
3368.0000000000            2.1762895584
3369.0000000000            2.1758759022
3370.0000000000            2.1754622459
3371.0000000000            2.1750485897
3372.0000000000            2.1746346951
3373.0000000000            2.1742203236
3374.0000000000            2.1738061905
3375.0000000000            2.1733918190
3376.0000000000            2.1729772091
3377.0000000000            2.1725625992
3378.0000000000            2.1721477509
3379.0000000000            2.1717326641
3380.0000000000            2.1713175774
3381.0000000000            2.1709022522
3382.0000000000            2.1704869270
3383.0000000000            2.1700713634
3384.0000000000            2.1696557999
3385.0000000000            2.1692397594
3386.0000000000            2.1688237190
3387.0000000000            2.1684079170
3388.0000000000            2.1679913998
3389.0000000000            2.1675748825
3390.0000000000            2.1671586037
3391.0000000000            2.1667416096
3392.0000000000            2.1663248539
3393.0000000000            2.1659078598
3394.0000000000            2.1654908657
3395.0000000000            2.1650736332
3396.0000000000            2.1646559238
3397.0000000000            2.1642384529
3398.0000000000            2.1638207436
3399.0000000000            2.1634030342
3400.0000000000            2.1629848480
3401.0000000000            2.1625666618
3402.0000000000            2.1621484756
3403.0000000000            2.1617300510
3404.0000000000            2.1613113880
3405.0000000000            2.1608929634
3406.0000000000            2.1604740620
3407.0000000000            2.1600549221
3408.0000000000            2.1596357822
3409.0000000000            2.1592164040
3410.0000000000            2.1587970257
3411.0000000000            2.1583774090
3412.0000000000            2.1579577923
3413.0000000000            2.1575379372
3414.0000000000            2.1571180820
3415.0000000000            2.1566979885
3416.0000000000            2.1562776566
3417.0000000000            2.1558570862
3418.0000000000            2.1554365158
3419.0000000000            2.1550159454
3420.0000000000            2.1545951366
3421.0000000000            2.1541740894
3422.0000000000            2.1537530422
3423.0000000000            2.1533317566
3424.0000000000            2.1529102325
3425.0000000000            2.1524887085
3426.0000000000            2.1520671844
3427.0000000000            2.1516451836
3428.0000000000            2.1512231827
3429.0000000000            2.1508011818
3430.0000000000            2.1503789425
3431.0000000000            2.1499564648
3432.0000000000            2.1495339870
3433.0000000000            2.1491115093
3434.0000000000            2.1486885548
3435.0000000000            2.1482656002
3436.0000000000            2.1478426456
3437.0000000000            2.1474192142
3438.0000000000            2.1469960213
3439.0000000000            2.1465725899
3440.0000000000            2.1461489201
3441.0000000000            2.1457250118
3442.0000000000            2.1453011036
3443.0000000000            2.1448771954
3444.0000000000            2.1444530487
3445.0000000000            2.1440286636
3446.0000000000            2.1436040401
3447.0000000000            2.1431796551
3448.0000000000            2.1427547932
3449.0000000000            2.1423299313
3450.0000000000            2.1419048309
3451.0000000000            2.1414797306
3452.0000000000            2.1410546303
3453.0000000000            2.1406290531
3454.0000000000            2.1402034760
3455.0000000000            2.1397778988
3456.0000000000            2.1393518448
3457.0000000000            2.1389260292
3458.0000000000            2.1384999752
3459.0000000000            2.1380736828
3460.0000000000            2.1376473904
3461.0000000000            2.1372208595
3462.0000000000            2.1367940903
3463.0000000000            2.1363673210
3464.0000000000            2.1359403133
3465.0000000000            2.1355133057
3466.0000000000            2.1350860596
3467.0000000000            2.1346588135
3468.0000000000            2.1342310905
3469.0000000000            2.1338036060
3470.0000000000            2.1333758831
3471.0000000000            2.1329479218
3472.0000000000            2.1325199604
3473.0000000000            2.1320917606
3474.0000000000            2.1316635609
3475.0000000000            2.1312351227
3476.0000000000            2.1308064461
3477.0000000000            2.1303780079
3478.0000000000            2.1299490929
3479.0000000000            2.1295201778
3480.0000000000            2.1290910244
3481.0000000000            2.1286618710
3482.0000000000            2.1282324791
3483.0000000000            2.1278028488
3484.0000000000            2.1273732185
3485.0000000000            2.1269435883
3486.0000000000            2.1265134811
3487.0000000000            2.1260836124
3488.0000000000            2.1256532669
3489.0000000000            2.1252231598
3490.0000000000            2.1247925758
3491.0000000000            2.1243619919
3492.0000000000            2.1239314079
3493.0000000000            2.1235003471
3494.0000000000            2.1230695248
3495.0000000000            2.1226384640
3496.0000000000            2.1222071648
3497.0000000000            2.1217758656
3498.0000000000            2.1213443279
3499.0000000000            2.1209125519
3500.0000000000            2.1204807758
3501.0000000000            2.1200492382
3502.0000000000            2.1196169853
3503.0000000000            2.1191847324
3504.0000000000            2.1187527180
3505.0000000000            2.1183199883
3506.0000000000            2.1178874969
3507.0000000000            2.1174550056
3508.0000000000            2.1170220375
3509.0000000000            2.1165890694
3510.0000000000            2.1161561012
3511.0000000000            2.1157228947
3512.0000000000            2.1152894497
3513.0000000000            2.1148560047
3514.0000000000            2.1144223213
3515.0000000000            2.1139886379
3516.0000000000            2.1135549545
3517.0000000000            2.1131207943
3518.0000000000            2.1126866341
3519.0000000000            2.1122524738
3520.0000000000            2.1118180752
3521.0000000000            2.1113834381
3522.0000000000            2.1109488010
3523.0000000000            2.1105141640
3524.0000000000            2.1100792885
3525.0000000000            2.1096441746
3526.0000000000            2.1092088223
3527.0000000000            2.1087737083
3528.0000000000            2.1083383560
3529.0000000000            2.1079027653
3530.0000000000            2.1074669361
3531.0000000000            2.1070311069
3532.0000000000            2.1065952778
3533.0000000000            2.1061592102
3534.0000000000            2.1057229042
3535.0000000000            2.1052865982
3536.0000000000            2.1048502922
3537.0000000000            2.1044137478
3538.0000000000            2.1039769650
3539.0000000000            2.1035401821
3540.0000000000            2.1031031609
3541.0000000000            2.1026661396
3542.0000000000            2.1022286415
3543.0000000000            2.1017913818
3544.0000000000            2.1013538837
3545.0000000000            2.1009163857
3546.0000000000            2.1004786491
3547.0000000000            2.1000409126
3548.0000000000            2.0996026993
3549.0000000000            2.0991647243
3550.0000000000            2.0987265110
3551.0000000000            2.0982880592
3552.0000000000            2.0978496075
3553.0000000000            2.0974109173
3554.0000000000            2.0969722271
3555.0000000000            2.0965332985
3556.0000000000            2.0960943699
3557.0000000000            2.0956552029
3558.0000000000            2.0952157974
3559.0000000000            2.0947763920
3560.0000000000            2.0943369865
3561.0000000000            2.0938973427
3562.0000000000            2.0934576988
3563.0000000000            2.0930178165
3564.0000000000            2.0925776958
3565.0000000000            2.0921378136
3566.0000000000            2.0916974545
3567.0000000000            2.0912570953
3568.0000000000            2.0908164978
3569.0000000000            2.0903759003
3570.0000000000            2.0899350643
3571.0000000000            2.0894942284
3572.0000000000            2.0890531540
3573.0000000000            2.0886120796
3574.0000000000            2.0881707668
3575.0000000000            2.0877294540
3576.0000000000            2.0872881413
3577.0000000000            2.0868463516
3578.0000000000            2.0864045620
3579.0000000000            2.0859627724
3580.0000000000            2.0855207443
3581.0000000000            2.0850784779
3582.0000000000            2.0846362114
3583.0000000000            2.0841939449
3584.0000000000            2.0837512016
3585.0000000000            2.0833082199
3586.0000000000            2.0828652382
3587.0000000000            2.0824217796
3588.0000000000            2.0819780827
3589.0000000000            2.0815336704
3590.0000000000            2.0810885429
3591.0000000000            2.0806424618
3592.0000000000            2.0801951885
3593.0000000000            2.0797462463
3594.0000000000            2.0792944431
3595.0000000000            2.0788395405
3596.0000000000            2.0783796310
3597.0000000000            2.0779132843
3598.0000000000            2.0774383545
3599.0000000000            2.0769517422
3600.0000000000            2.0764496326
3601.0000000000            2.0759260654
3602.0000000000            2.0753753185
3603.0000000000            2.0747880936
3604.0000000000            2.0741539001
3605.0000000000            2.0734581947
3606.0000000000            2.0726845264
3607.0000000000            2.0718109608
3608.0000000000            2.0708112717
3609.0000000000            2.0696530342
3610.0000000000            2.0682976246
3611.0000000000            2.0666987896
3612.0000000000            2.0648007393
3613.0000000000            2.0625393391
3614.0000000000            2.0598380566
3615.0000000000            2.0566105843
3616.0000000000            2.0527572632
3617.0000000000            2.0481653214
3618.0000000000            2.0427093506
3619.0000000000            2.0362501144
3620.0000000000            2.0286362171
3621.0000000000            2.0197026730
3622.0000000000            2.0092754364
3623.0000000000            1.9971700907
3624.0000000000            1.9831963778
3625.0000000000            1.9671602249
3626.0000000000            1.9488677979
3627.0000000000            1.9281293154
3628.0000000000            1.9047636986
3629.0000000000            1.8786036968
3630.0000000000            1.8495007753
3631.0000000000            1.8173307180
3632.0000000000            1.7819982767
3633.0000000000            1.7434431314
3634.0000000000            1.7016427517
3635.0000000000            1.6566175222
3636.0000000000            1.6084334850
3637.0000000000            1.5572037697
3638.0000000000            1.5030893087
3639.0000000000            1.4462990761
3640.0000000000            1.3870877028
3641.0000000000            1.3257527351
3642.0000000000            1.2626304626
3643.0000000000            1.1980897188
3644.0000000000            1.1325260401
3645.0000000000            1.0663541555
3646.0000000000            1.0000000000
3647.0000000000            0.9338927865
3648.0000000000            0.8684560657
3649.0000000000            0.8041002154
3650.0000000000            0.7412143946
3651.0000000000            0.6801595688
3652.0000000000            0.6212626100
3653.0000000000            0.5648109913
3654.0000000000            0.5110492706
3655.0000000000            0.4601760507
3656.0000000000            0.4123430848
3657.0000000000            0.3676549196
3658.0000000000            0.3261701167
3659.0000000000            0.2879034579
3660.0000000000            0.2528289258
3661.0000000000            0.2208836079
3662.0000000000            0.1919720918
3663.0000000000            0.1659712195
3664.0000000000            0.1427352279
3665.0000000000            0.1221005917
3666.0000000000            0.1038910970
3667.0000000000            0.0879224092
3668.0000000000            0.0740063712
3669.0000000000            0.0619548820
3670.0000000000            0.0515831895
3671.0000000000            0.0427127220
3672.0000000000            0.0351733528
3673.0000000000            0.0288050901
3674.0000000000            0.0234593507
3675.0000000000            0.0189997107
3676.0000000000            0.0153022632
3677.0000000000            0.0122556444
3678.0000000000            0.0097607439
3679.0000000000            0.0077302060
3680.0000000000            0.0060877404
3681.0000000000            0.0047673169
3682.0000000000            0.0037122830
3683.0000000000            0.0028744454
3684.0000000000            0.0022131458
3685.0000000000            0.0016943627
3686.0000000000            0.0012898551
3687.0000000000            0.0009763639
3688.0000000000            0.0007348810
3689.0000000000            0.0005499909
3690.0000000000            0.0004092851
3691.0000000000            0.0003028499
3692.0000000000            0.0002228227
3693.0000000000            0.0001630127
3694.0000000000            0.0001185804
3695.0000000000            0.0000857697
3696.0000000000            0.0000616858
3697.0000000000            0.0000441129
