1897.0000000000            3.2042975426
1898.0000000000            3.2039239407
1899.0000000000            3.2035498619
1900.0000000000            3.2031753063
1901.0000000000            3.2028005123
1902.0000000000            3.2024252415
1903.0000000000            3.2020494938
1904.0000000000            3.2016732693
1905.0000000000            3.2012968063
1906.0000000000            3.2009196281
1907.0000000000            3.2005424500
1908.0000000000            3.2001645565
1909.0000000000            3.1997861862
1910.0000000000            3.1994073391
1911.0000000000            3.1990284920
1912.0000000000            3.1986486912
1913.0000000000            3.1982688904
1914.0000000000            3.1978883743
1915.0000000000            3.1975076199
1916.0000000000            3.1971263885
1917.0000000000            3.1967446804
1918.0000000000            3.1963627338
1919.0000000000            3.1959800720
1920.0000000000            3.1955971718
1921.0000000000            3.1952140331
1922.0000000000            3.1948301792
1923.0000000000            3.1944460869
1924.0000000000            3.1940615177
1925.0000000000            3.1936764717
1926.0000000000            3.1932909489
1927.0000000000            3.1929051876
1928.0000000000            3.1925189495
1929.0000000000            3.1921322346
1930.0000000000            3.1917452812
1931.0000000000            3.1913576126
1932.0000000000            3.1909694672
1933.0000000000            3.1905813217
1934.0000000000            3.1901924610
1935.0000000000            3.1898033619
1936.0000000000            3.1894137859
1937.0000000000            3.1890237331
1938.0000000000            3.1886332035
1939.0000000000            3.1882421970
1940.0000000000            3.1878509521
1941.0000000000            3.1874592304
1942.0000000000            3.1870670319
1943.0000000000            3.1866745949
1944.0000000000            3.1862816811
1945.0000000000            3.1858880520
1946.0000000000            3.1854944229
1947.0000000000            3.1851000786
1948.0000000000            3.1847052574
1949.0000000000            3.1843101978
1950.0000000000            3.1839148998
1951.0000000000            3.1835188866
1952.0000000000            3.1831226349
1953.0000000000            3.1827259064
1954.0000000000            3.1823287010
1955.0000000000            3.1819310188
1956.0000000000            3.1815330982
1957.0000000000            3.1811344624
1958.0000000000            3.1807358265
1959.0000000000            3.1803364754
1960.0000000000            3.1799368858
1961.0000000000            3.1795365810
1962.0000000000            3.1791362762
1963.0000000000            3.1787352562
1964.0000000000            3.1783339977
1965.0000000000            3.1779320240
1966.0000000000            3.1775298119
1967.0000000000            3.1771273613
1968.0000000000            3.1767241955
1969.0000000000            3.1763207912
1970.0000000000            3.1759169102
1971.0000000000            3.1755125523
1972.0000000000            3.1751079559
1973.0000000000            3.1747028828
1974.0000000000            3.1742973328
1975.0000000000            3.1738913059
1976.0000000000            3.1734850407
1977.0000000000            3.1730782986
1978.0000000000            3.1726710796
1979.0000000000            3.1722633839
1980.0000000000            3.1718554497
1981.0000000000            3.1714470387
1982.0000000000            3.1710381508
1983.0000000000            3.1706287861
1984.0000000000            3.1702189445
1985.0000000000            3.1698088646
1986.0000000000            3.1693983078
1987.0000000000            3.1689875126
1988.0000000000            3.1685762405
1989.0000000000            3.1681642532
1990.0000000000            3.1677522659
1991.0000000000            3.1673395634
1992.0000000000            3.1669266224
1993.0000000000            3.1665132046
1994.0000000000            3.1660993099
1995.0000000000            3.1656849384
1996.0000000000            3.1652703285
1997.0000000000            3.1648552418
1998.0000000000            3.1644396782
1999.0000000000            3.1640236378
2000.0000000000            3.1636073589
2001.0000000000            3.1631906033
2002.0000000000            3.1627736092
2003.0000000000            3.1623558998
2004.0000000000            3.1619377136
2005.0000000000            3.1615192890
2006.0000000000            3.1611003876
2007.0000000000            3.1606812477
2008.0000000000            3.1602616310
2009.0000000000            3.1598415375
2010.0000000000            3.1594209671
2011.0000000000            3.1590001583
2012.0000000000            3.1585788727
2013.0000000000            3.1581571102
2014.0000000000            3.1577348709
2015.0000000000            3.1573123932
2016.0000000000            3.1568894386
2017.0000000000            3.1564660072
2018.0000000000            3.1560420990
2019.0000000000            3.1556179523
2020.0000000000            3.1551933289
2021.0000000000            3.1547682285
2022.0000000000            3.1543428898
2023.0000000000            3.1539170742
2024.0000000000            3.1534905434
2025.0000000000            3.1530640125
2026.0000000000            3.1526370049
2027.0000000000            3.1522095203
2028.0000000000            3.1517813206
2029.0000000000            3.1513528824
2030.0000000000            3.1509242058
2031.0000000000            3.1504950523
2032.0000000000            3.1500656605
2033.0000000000            3.1496355534
2034.0000000000            3.1492049694
2035.0000000000            3.1487741470
2036.0000000000            3.1483430862
2037.0000000000            3.1479115486
2038.0000000000            3.1474792957
2039.0000000000            3.1470468044
2040.0000000000            3.1466138363
2041.0000000000            3.1461806297
2042.0000000000            3.1457469463
2043.0000000000            3.1453127861
2044.0000000000            3.1448783875
2045.0000000000            3.1444432735
2046.0000000000            3.1440079212
2047.0000000000            3.1435720921
2048.0000000000            3.1431360245
2049.0000000000            3.1426994801
2050.0000000000            3.1422624588
2051.0000000000            3.1418249607
2052.0000000000            3.1413872242
2053.0000000000            3.1409490108
2054.0000000000            3.1405103207
2055.0000000000            3.1400711536
2056.0000000000            3.1396317482
2057.0000000000            3.1391921043
2058.0000000000            3.1387517452
2059.0000000000            3.1383109093
2060.0000000000            3.1378698349
2061.0000000000            3.1374282837
2062.0000000000            3.1369862556
2063.0000000000            3.1365439892
2064.0000000000            3.1361012459
2065.0000000000            3.1356580257
2066.0000000000            3.1352145672
2067.0000000000            3.1347706318
2068.0000000000            3.1343262196
2069.0000000000            3.1338813305
2070.0000000000            3.1334362030
2071.0000000000            3.1329905987
2072.0000000000            3.1325445175
2073.0000000000            3.1320981979
2074.0000000000            3.1316514015
2075.0000000000            3.1312041283
2076.0000000000            3.1307563782
2077.0000000000            3.1303083897
2078.0000000000            3.1298599243
2079.0000000000            3.1294109821
2080.0000000000            3.1289618015
2081.0000000000            3.1285121441
2082.0000000000            3.1280620098
2083.0000000000            3.1276113987
2084.0000000000            3.1271605492
2085.0000000000            3.1267092228
2086.0000000000            3.1262574196
2087.0000000000            3.1258051395
2088.0000000000            3.1253528595
2089.0000000000            3.1248996258
2090.0000000000            3.1244463921
2091.0000000000            3.1239926815
2092.0000000000            3.1235384941
2093.0000000000            3.1230838299
2094.0000000000            3.1226289272
2095.0000000000            3.1221735477
2096.0000000000            3.1217176914
2097.0000000000            3.1212613583
2098.0000000000            3.1208047867
2099.0000000000            3.1203477383
2100.0000000000            3.1198904514
2101.0000000000            3.1194326878
2102.0000000000            3.1189744473
2103.0000000000            3.1185157299
2104.0000000000            3.1180565357
2105.0000000000            3.1175971031
2106.0000000000            3.1171374321
2107.0000000000            3.1166770458
2108.0000000000            3.1162164211
2109.0000000000            3.1157553196
2110.0000000000            3.1152939796
2111.0000000000            3.1148319244
2112.0000000000            3.1143696308
2113.0000000000            3.1139068604
2114.0000000000            3.1134438515
2115.0000000000            3.1129803658
2116.0000000000            3.1125164032
2117.0000000000            3.1120519638
2118.0000000000            3.1115872860
2119.0000000000            3.1111223698
2120.0000000000            3.1106567383
2121.0000000000            3.1101906300
2122.0000000000            3.1097245216
2123.0000000000            3.1092576981
2124.0000000000            3.1087906361
2125.0000000000            3.1083230972
2126.0000000000            3.1078550816
2127.0000000000            3.1073865891
2128.0000000000            3.1069178581
2129.0000000000            3.1064488888
2130.0000000000            3.1059792042
2131.0000000000            3.1055092812
2132.0000000000            3.1050388813
2133.0000000000            3.1045680046
2134.0000000000            3.1040968895
2135.0000000000            3.1036252975
2136.0000000000            3.1031534672
2137.0000000000            3.1026809216
2138.0000000000            3.1022081375
2139.0000000000            3.1017348766
2140.0000000000            3.1012613773
2141.0000000000            3.1007874012
2142.0000000000            3.1003129482
2143.0000000000            3.0998382568
2144.0000000000            3.0993630886
2145.0000000000            3.0988874435
2146.0000000000            3.0984115601
2147.0000000000            3.0979349613
2148.0000000000            3.0974581242
2149.0000000000            3.0969810486
2150.0000000000            3.0965034962
2151.0000000000            3.0960254669
2152.0000000000            3.0955469608
2153.0000000000            3.0950682163
2154.0000000000            3.0945889950
2155.0000000000            3.0941092968
2156.0000000000            3.0936293602
2157.0000000000            3.0931489468
2158.0000000000            3.0926680565
2159.0000000000            3.0921869278
2160.0000000000            3.0917053223
2161.0000000000            3.0912234783
2162.0000000000            3.0907409191
2163.0000000000            3.0902581215
2164.0000000000            3.0897748470
2165.0000000000            3.0892913342
2166.0000000000            3.0888071060
2167.0000000000            3.0883228779
2168.0000000000            3.0878381729
2169.0000000000            3.0873529911
2170.0000000000            3.0868673325
2171.0000000000            3.0863814354
2172.0000000000            3.0858948231
2173.0000000000            3.0854082108
2174.0000000000            3.0849208832
2175.0000000000            3.0844333172
2176.0000000000            3.0839455128
2177.0000000000            3.0834569931
2178.0000000000            3.0829682350
2179.0000000000            3.0824790001
2180.0000000000            3.0819895267
2181.0000000000            3.0814995766
2182.0000000000            3.0810091496
2183.0000000000            3.0805184841
2184.0000000000            3.0800273418
2185.0000000000            3.0795354843
2186.0000000000            3.0790436268
2187.0000000000            3.0785512924
2188.0000000000            3.0780584812
2189.0000000000            3.0775654316
2190.0000000000            3.0770719051
2191.0000000000            3.0765779018
2192.0000000000            3.0760836601
2193.0000000000            3.0755889416
2194.0000000000            3.0750937462
2195.0000000000            3.0745983124
2196.0000000000            3.0741021633
2197.0000000000            3.0736060143
2198.0000000000            3.0731093884
2199.0000000000            3.0726122856
2200.0000000000            3.0721147060
2201.0000000000            3.0716168880
2202.0000000000            3.0711185932
2203.0000000000            3.0706200600
2204.0000000000            3.0701208115
2205.0000000000            3.0696215630
2206.0000000000            3.0691213608
2207.0000000000            3.0686211586
2208.0000000000            3.0681207180
2209.0000000000            3.0676195621
2210.0000000000            3.0671181679
2211.0000000000            3.0666162968
2212.0000000000            3.0661139488
2213.0000000000            3.0656116009
2214.0000000000            3.0651085377
2215.0000000000            3.0646049976
2216.0000000000            3.0641014576
2217.0000000000            3.0635972023
2218.0000000000            3.0630924702
2219.0000000000            3.0625877380
2220.0000000000            3.0620822906
2221.0000000000            3.0615763664
2222.0000000000            3.0610704422
2223.0000000000            3.0605638027
2224.0000000000            3.0600569248
2225.0000000000            3.0595495701
2226.0000000000            3.0590417385
2227.0000000000            3.0585336685
2228.0000000000            3.0580253601
2229.0000000000            3.0575163364
2230.0000000000            3.0570070744
2231.0000000000            3.0564973354
2232.0000000000            3.0559873581
2233.0000000000            3.0554769039
2234.0000000000            3.0549659729
2235.0000000000            3.0544548035
2236.0000000000            3.0539431572
2237.0000000000            3.0534312725
2238.0000000000            3.0529189110
2239.0000000000            3.0524060726
2240.0000000000            3.0518927574
2241.0000000000            3.0513792038
2242.0000000000            3.0508651733
2243.0000000000            3.0503509045
2244.0000000000            3.0498361588
2245.0000000000            3.0493211746
2246.0000000000            3.0488057137
2247.0000000000            3.0482897758
2248.0000000000            3.0477735996
2249.0000000000            3.0472567081
2250.0000000000            3.0467395782
2251.0000000000            3.0462222099
2252.0000000000            3.0457043648
2253.0000000000            3.0451862812
2254.0000000000            3.0446674824
2255.0000000000            3.0441484451
2256.0000000000            3.0436291695
2257.0000000000            3.0431094170
2258.0000000000            3.0425891876
2259.0000000000            3.0420687199
2260.0000000000            3.0415477753
2261.0000000000            3.0410263538
2262.0000000000            3.0405046940
2263.0000000000            3.0399825573
2264.0000000000            3.0394601822
2265.0000000000            3.0389373302
2266.0000000000            3.0384140015
2267.0000000000            3.0378901958
2268.0000000000            3.0373663902
2269.0000000000            3.0368418694
2270.0000000000            3.0363171101
2271.0000000000            3.0357921124
2272.0000000000            3.0352663994
2273.0000000000            3.0347404480
2274.0000000000            3.0342140198
2275.0000000000            3.0336873531
2276.0000000000            3.0331604481
2277.0000000000            3.0326328278
2278.0000000000            3.0321049690
2279.0000000000            3.0315768719
2280.0000000000            3.0310480595
2281.0000000000            3.0305190086
2282.0000000000            3.0299897194
2283.0000000000            3.0294597149
2284.0000000000            3.0289297104
2285.0000000000            3.0283989906
2286.0000000000            3.0278682709
2287.0000000000            3.0273368359
2288.0000000000            3.0268051624
2289.0000000000            3.0262730122
2290.0000000000            3.0257406235
2291.0000000000            3.0252077579
2292.0000000000            3.0246746540
2293.0000000000            3.0241410732
2294.0000000000            3.0236070156
2295.0000000000            3.0230724812
2296.0000000000            3.0225379467
2297.0000000000            3.0220026970
2298.0000000000            3.0214672089
2299.0000000000            3.0209312439
2300.0000000000            3.0203950405
2301.0000000000            3.0198583603
2302.0000000000            3.0193214417
2303.0000000000            3.0187838078
2304.0000000000            3.0182461739
2305.0000000000            3.0177078247
2306.0000000000            3.0171692371
2307.0000000000            3.0166301727
2308.0000000000            3.0160911083
2309.0000000000            3.0155513287
2310.0000000000            3.0150110722
2311.0000000000            3.0144708157
2312.0000000000            3.0139300823
2313.0000000000            3.0133888721
2314.0000000000            3.0128471851
2315.0000000000            3.0123052597
2316.0000000000            3.0117628574
2317.0000000000            3.0112202168
2318.0000000000            3.0106770992
2319.0000000000            3.0101335049
2320.0000000000            3.0095896721
2321.0000000000            3.0090453625
2322.0000000000            3.0085008144
2323.0000000000            3.0079557896
2324.0000000000            3.0074105263
2325.0000000000            3.0068645477
2326.0000000000            3.0063185692
2327.0000000000            3.0057721138
2328.0000000000            3.0052251816
2329.0000000000            3.0046780109
2330.0000000000            3.0041303635
2331.0000000000            3.0035822392
2332.0000000000            3.0030341148
2333.0000000000            3.0024852753
2334.0000000000            3.0019361973
2335.0000000000            3.0013866425
2336.0000000000            3.0008368492
2337.0000000000            3.0002865791
2338.0000000000            2.9997358322
2339.0000000000            2.9991848469
2340.0000000000            2.9986333847
2341.0000000000            2.9980816841
2342.0000000000            2.9975295067
2343.0000000000            2.9969770908
2344.0000000000            2.9964241982
2345.0000000000            2.9958710670
2346.0000000000            2.9953174591
2347.0000000000            2.9947633743
2348.0000000000            2.9942090511
2349.0000000000            2.9936542511
2350.0000000000            2.9930992126
2351.0000000000            2.9925436974
2352.0000000000            2.9919879436
2353.0000000000            2.9914317131
2354.0000000000            2.9908750057
2355.0000000000            2.9903180599
2356.0000000000            2.9897606373
2357.0000000000            2.9892029762
2358.0000000000            2.9886448383
2359.0000000000            2.9880864620
2360.0000000000            2.9875278473
2361.0000000000            2.9869682789
2362.0000000000            2.9864089489
2363.0000000000            2.9858489037
2364.0000000000            2.9852886200
2365.0000000000            2.9847280979
2366.0000000000            2.9841670990
2367.0000000000            2.9836056232
2368.0000000000            2.9830439091
2369.0000000000            2.9824814796
2370.0000000000            2.9819190502
2371.0000000000            2.9813561440
2372.0000000000            2.9807929993
2373.0000000000            2.9802293777
2374.0000000000            2.9796652794
2375.0000000000            2.9791009426
2376.0000000000            2.9785361290
2377.0000000000            2.9779710770
2378.0000000000            2.9774057865
2379.0000000000            2.9768397808
2380.0000000000            2.9762735367
2381.0000000000            2.9757068157
2382.0000000000            2.9751400948
2383.0000000000            2.9745726585
2384.0000000000            2.9740052223
2385.0000000000            2.9734370708
2386.0000000000            2.9728686810
2387.0000000000            2.9723000526
2388.0000000000            2.9717307091
2389.0000000000            2.9711611271
2390.0000000000            2.9705913067
2391.0000000000            2.9700212479
2392.0000000000            2.9694504738
2393.0000000000            2.9688794613
2394.0000000000            2.9683082104
2395.0000000000            2.9677367210
2396.0000000000            2.9671645164
2397.0000000000            2.9665920734
2398.0000000000            2.9660193920
2399.0000000000            2.9654459953
2400.0000000000            2.9648725986
2401.0000000000            2.9642987251
2402.0000000000            2.9637246132
2403.0000000000            2.9631500244
2404.0000000000            2.9625749588
2405.0000000000            2.9619996548
2406.0000000000            2.9614238739
2407.0000000000            2.9608478546
2408.0000000000            2.9602713585
2409.0000000000            2.9596946239
2410.0000000000            2.9591174126
2411.0000000000            2.9585399628
2412.0000000000            2.9579620361
2413.0000000000            2.9573841095
2414.0000000000            2.9568052292
2415.0000000000            2.9562263489
2416.0000000000            2.9556472301
2417.0000000000            2.9550676346
2418.0000000000            2.9544875622
2419.0000000000            2.9539070129
2420.0000000000            2.9533262253
2421.0000000000            2.9527451992
2422.0000000000            2.9521636963
2423.0000000000            2.9515819550
2424.0000000000            2.9509997368
2425.0000000000            2.9504172802
2426.0000000000            2.9498343468
2427.0000000000            2.9492509365
2428.0000000000            2.9486675262
2429.0000000000            2.9480834007
2430.0000000000            2.9474990368
2431.0000000000            2.9469144344
2432.0000000000            2.9463293552
2433.0000000000            2.9457437992
2434.0000000000            2.9451580048
2435.0000000000            2.9445719719
2436.0000000000            2.9439854622
2437.0000000000            2.9433987141
2438.0000000000            2.9428114891
2439.0000000000            2.9422237873
2440.0000000000            2.9416358471
2441.0000000000            2.9410476685
2442.0000000000            2.9404590130
2443.0000000000            2.9398701191
2444.0000000000            2.9392807484
2445.0000000000            2.9386911392
2446.0000000000            2.9381010532
2447.0000000000            2.9375107288
2448.0000000000            2.9369199276
2449.0000000000            2.9363288879
2450.0000000000            2.9357373714
2451.0000000000            2.9351456165
2452.0000000000            2.9345533848
2453.0000000000            2.9339609146
2454.0000000000            2.9333679676
2455.0000000000            2.9327747822
2456.0000000000            2.9321813583
2457.0000000000            2.9315872192
2458.0000000000            2.9309930801
2459.0000000000            2.9303984642
2460.0000000000            2.9298036098
2461.0000000000            2.9292080402
2462.0000000000            2.9286122322
2463.0000000000            2.9280164242
2464.0000000000            2.9274199009
2465.0000000000            2.9268231392
2466.0000000000            2.9262261391
2467.0000000000            2.9256286621
2468.0000000000            2.9250309467
2469.0000000000            2.9244327545
2470.0000000000            2.9238343239
2471.0000000000            2.9232354164
2472.0000000000            2.9226360321
2473.0000000000            2.9220366478
2474.0000000000            2.9214367867
2475.0000000000            2.9208364487
2476.0000000000            2.9202358723
2477.0000000000            2.9196350574
2478.0000000000            2.9190337658
2479.0000000000            2.9184319973
2480.0000000000            2.9178299904
2481.0000000000            2.9172277451
2482.0000000000            2.9166250229
2483.0000000000            2.9160220623
2484.0000000000            2.9154186249
2485.0000000000            2.9148149490
2486.0000000000            2.9142107964
2487.0000000000            2.9136064053
2488.0000000000            2.9130017757
2489.0000000000            2.9123964310
2490.0000000000            2.9117910862
2491.0000000000            2.9111852646
2492.0000000000            2.9105792046
2493.0000000000            2.9099726677
2494.0000000000            2.9093656540
2495.0000000000            2.9087586403
2496.0000000000            2.9081511497
2497.0000000000            2.9075431824
2498.0000000000            2.9069349766
2499.0000000000            2.9063262939
2500.0000000000            2.9057176113
2501.0000000000            2.9051084518
2502.0000000000            2.9044988155
2503.0000000000            2.9038887024
2504.0000000000            2.9032785892
2505.0000000000            2.9026677608
2506.0000000000            2.9020569324
2507.0000000000            2.9014456272
2508.0000000000            2.9008338451
2509.0000000000            2.9002220631
2510.0000000000            2.8996098042
2511.0000000000            2.8989970684
2512.0000000000            2.8983838558
2513.0000000000            2.8977706432
2514.0000000000            2.8971567154
2515.0000000000            2.8965430260
2516.0000000000            2.8959286213
2517.0000000000            2.8953137398
2518.0000000000            2.8946986198
2519.0000000000            2.8940832615
2520.0000000000            2.8934674263
2521.0000000000            2.8928515911
2522.0000000000            2.8922350407
2523.0000000000            2.8916182518
2524.0000000000            2.8910012245
2525.0000000000            2.8903839588
2526.0000000000            2.8897659779
2527.0000000000            2.8891477585
2528.0000000000            2.8885295391
2529.0000000000            2.8879106045
2530.0000000000            2.8872916698
2531.0000000000            2.8866722584
2532.0000000000            2.8860523701
2533.0000000000            2.8854322433
2534.0000000000            2.8848116398
2535.0000000000            2.8841910362
2536.0000000000            2.8835697174
2537.0000000000            2.8829481602
2538.0000000000            2.8823263645
2539.0000000000            2.8817043304
2540.0000000000            2.8810818195
2541.0000000000            2.8804590702
2542.0000000000            2.8798358440
2543.0000000000            2.8792123795
2544.0000000000            2.8785886765
2545.0000000000            2.8779644966
2546.0000000000            2.8773400784
2547.0000000000            2.8767151833
2548.0000000000            2.8760898113
2549.0000000000            2.8754644394
2550.0000000000            2.8748385906
2551.0000000000            2.8742125034
2552.0000000000            2.8735859394
2553.0000000000            2.8729591370
2554.0000000000            2.8723318577
2555.0000000000            2.8717045784
2556.0000000000            2.8710768223
2557.0000000000            2.8704485893
2558.0000000000            2.8698201180
2559.0000000000            2.8691914082
2560.0000000000            2.8685622215
2561.0000000000            2.8679327965
2562.0000000000            2.8673028946
2563.0000000000            2.8666727543
2564.0000000000            2.8660421371
2565.0000000000            2.8654115200
2566.0000000000            2.8647804260
2567.0000000000            2.8641490936
2568.0000000000            2.8635172844
2569.0000000000            2.8628849983
2570.0000000000            2.8622524738
2571.0000000000            2.8616199493
2572.0000000000            2.8609867096
2573.0000000000            2.8603534698
2574.0000000000            2.8597197533
2575.0000000000            2.8590855598
2576.0000000000            2.8584511280
2577.0000000000            2.8578164577
2578.0000000000            2.8571815491
2579.0000000000            2.8565459251
2580.0000000000            2.8559103012
2581.0000000000            2.8552744389
2582.0000000000            2.8546378613
2583.0000000000            2.8540012836
2584.0000000000            2.8533642292
2585.0000000000            2.8527269363
2586.0000000000            2.8520894051
2587.0000000000            2.8514513969
2588.0000000000            2.8508131504
2589.0000000000            2.8501744270
2590.0000000000            2.8495354652
2591.0000000000            2.8488962650
2592.0000000000            2.8482565880
2593.0000000000            2.8476166725
2594.0000000000            2.8469765186
2595.0000000000            2.8463358879
2596.0000000000            2.8456950188
2597.0000000000            2.8450536728
2598.0000000000            2.8444123268
2599.0000000000            2.8437702656
2600.0000000000            2.8431282043
2601.0000000000            2.8424856663
2602.0000000000            2.8418428898
2603.0000000000            2.8411996365
2604.0000000000            2.8405563831
2605.0000000000            2.8399124146
2606.0000000000            2.8392684460
2607.0000000000            2.8386240005
2608.0000000000            2.8379793167
2609.0000000000            2.8373343945
2610.0000000000            2.8366887569
2611.0000000000            2.8360431194
2612.0000000000            2.8353970051
2613.0000000000            2.8347506523
2614.0000000000            2.8341042995
2615.0000000000            2.8334572315
2616.0000000000            2.8328099251
2617.0000000000            2.8321623802
2618.0000000000            2.8315145969
2619.0000000000            2.8308663368
2620.0000000000            2.8302178383
2621.0000000000            2.8295688629
2622.0000000000            2.8289196491
2623.0000000000            2.8282701969
2624.0000000000            2.8276202679
2625.0000000000            2.8269703388
2626.0000000000            2.8263199329
2627.0000000000            2.8256690502
2628.0000000000            2.8250179291
2629.0000000000            2.8243665695
2630.0000000000            2.8237149715
2631.0000000000            2.8230628967
2632.0000000000            2.8224105835
2633.0000000000            2.8217577934
2634.0000000000            2.8211050034
2635.0000000000            2.8204517365
2636.0000000000            2.8197982311
2637.0000000000            2.8191444874
2638.0000000000            2.8184900284
2639.0000000000            2.8178355694
2640.0000000000            2.8171808720
2641.0000000000            2.8165256977
2642.0000000000            2.8158702850
2643.0000000000            2.8152143955
2644.0000000000            2.8145585060
2645.0000000000            2.8139021397
2646.0000000000            2.8132452965
2647.0000000000            2.8125882149
2648.0000000000            2.8119308949
2649.0000000000            2.8112733364
2650.0000000000            2.8106155396
2651.0000000000            2.8099572659
2652.0000000000            2.8092987537
2653.0000000000            2.8086397648
2654.0000000000            2.8079807758
2655.0000000000            2.8073213100
2656.0000000000            2.8066616058
2657.0000000000            2.8060014248
2658.0000000000            2.8053410053
2659.0000000000            2.8046803474
2660.0000000000            2.8040194511
2661.0000000000            2.8033580780
2662.0000000000            2.8026964664
2663.0000000000            2.8020343781
2664.0000000000            2.8013722897
2665.0000000000            2.8007097244
2666.0000000000            2.8000469208
2667.0000000000            2.7993838787
2668.0000000000            2.7987205982
2669.0000000000            2.7980568409
2670.0000000000            2.7973926067
2671.0000000000            2.7967283726
2672.0000000000            2.7960636616
2673.0000000000            2.7953987122
2674.0000000000            2.7947335243
2675.0000000000            2.7940678596
2676.0000000000            2.7934019566
2677.0000000000            2.7927358150
2678.0000000000            2.7920694351
2679.0000000000            2.7914028168
2680.0000000000            2.7907354832
2681.0000000000            2.7900681496
2682.0000000000            2.7894005775
2683.0000000000            2.7887325287
2684.0000000000            2.7880644798
2685.0000000000            2.7873957157
2686.0000000000            2.7867269516
2687.0000000000            2.7860577106
2688.0000000000            2.7853882313
2689.0000000000            2.7847185135
2690.0000000000            2.7840483189
2691.0000000000            2.7833781242
2692.0000000000            2.7827074528
2693.0000000000            2.7820363045
2694.0000000000            2.7813651562
2695.0000000000            2.7806937695
2696.0000000000            2.7800219059
2697.0000000000            2.7793495655
2698.0000000000            2.7786772251
2699.0000000000            2.7780046463
2700.0000000000            2.7773313522
2701.0000000000            2.7766580582
2702.0000000000            2.7759842873
2703.0000000000            2.7753105164
2704.0000000000            2.7746362686
2705.0000000000            2.7739620209
2706.0000000000            2.7732870579
2707.0000000000            2.7726118565
2708.0000000000            2.7719364166
2709.0000000000            2.7712607384
2710.0000000000            2.7705848217
2711.0000000000            2.7699086666
2712.0000000000            2.7692320347
2713.0000000000            2.7685551643
2714.0000000000            2.7678780556
2715.0000000000            2.7672004700
2716.0000000000            2.7665228844
2717.0000000000            2.7658448219
2718.0000000000            2.7651665211
2719.0000000000            2.7644879818
2720.0000000000            2.7638092041
2721.0000000000            2.7631299496
2722.0000000000            2.7624504566
2723.0000000000            2.7617704868
2724.0000000000            2.7610905170
2725.0000000000            2.7604103088
2726.0000000000            2.7597296238
2727.0000000000            2.7590487003
2728.0000000000            2.7583675385
2729.0000000000            2.7576858997
2730.0000000000            2.7570040226
2731.0000000000            2.7563219070
2732.0000000000            2.7556397915
2733.0000000000            2.7549569607
2734.0000000000            2.7542741299
2735.0000000000            2.7535910606
2736.0000000000            2.7529075146
2737.0000000000            2.7522237301
2738.0000000000            2.7515394688
2739.0000000000            2.7508552074
2740.0000000000            2.7501704693
2741.0000000000            2.7494857311
2742.0000000000            2.7488002777
2743.0000000000            2.7481150627
2744.0000000000            2.7474291325
2745.0000000000            2.7467429638
2746.0000000000            2.7460567951
2747.0000000000            2.7453699112
2748.0000000000            2.7446830273
2749.0000000000            2.7439959049
2750.0000000000            2.7433085442
2751.0000000000            2.7426207066
2752.0000000000            2.7419326305
2753.0000000000            2.7412445545
2754.0000000000            2.7405557632
2755.0000000000            2.7398669720
2756.0000000000            2.7391777039
2757.0000000000            2.7384881973
2758.0000000000            2.7377984524
2759.0000000000            2.7371084690
2760.0000000000            2.7364182472
2761.0000000000            2.7357275486
2762.0000000000            2.7350368500
2763.0000000000            2.7343456745
2764.0000000000            2.7336542606
2765.0000000000            2.7329626083
2766.0000000000            2.7322707176
2767.0000000000            2.7315785885
2768.0000000000            2.7308859825
2769.0000000000            2.7301931381
2770.0000000000            2.7295000553
2771.0000000000            2.7288067341
2772.0000000000            2.7281131744
2773.0000000000            2.7274193764
2774.0000000000            2.7267251015
2775.0000000000            2.7260305882
2776.0000000000            2.7253360748
2777.0000000000            2.7246408463
2778.0000000000            2.7239456177
2779.0000000000            2.7232501507
2780.0000000000            2.7225542068
2781.0000000000            2.7218582630
2782.0000000000            2.7211618423
2783.0000000000            2.7204651833
2784.0000000000            2.7197682858
2785.0000000000            2.7190711498
2786.0000000000            2.7183735371
2787.0000000000            2.7176759243
2788.0000000000            2.7169778347
2789.0000000000            2.7162797451
2790.0000000000            2.7155811787
2791.0000000000            2.7148823738
2792.0000000000            2.7141833305
2793.0000000000            2.7134840488
2794.0000000000            2.7127842903
2795.0000000000            2.7120845318
2796.0000000000            2.7113842964
2797.0000000000            2.7106838226
2798.0000000000            2.7099831104
2799.0000000000            2.7092821598
2800.0000000000            2.7085809708
2801.0000000000            2.7078795433
2802.0000000000            2.7071776390
2803.0000000000            2.7064757347
2804.0000000000            2.7057733536
2805.0000000000            2.7050707340
2806.0000000000            2.7043678761
2807.0000000000            2.7036647797
2808.0000000000            2.7029614449
2809.0000000000            2.7022578716
2810.0000000000            2.7015540600
2811.0000000000            2.7008500099
2812.0000000000            2.7001454830
2813.0000000000            2.6994407177
2814.0000000000            2.6987357140
2815.0000000000            2.6980304718
2816.0000000000            2.6973249912
2817.0000000000            2.6966192722
2818.0000000000            2.6959133148
2819.0000000000            2.6952071190
2820.0000000000            2.6945004463
2821.0000000000            2.6937937737
2822.0000000000            2.6930868626
2823.0000000000            2.6923794746
2824.0000000000            2.6916718483
2825.0000000000            2.6909639835
2826.0000000000            2.6902558804
2827.0000000000            2.6895477772
2828.0000000000            2.6888389587
2829.0000000000            2.6881301403
2830.0000000000            2.6874210835
2831.0000000000            2.6867115498
2832.0000000000            2.6860020161
2833.0000000000            2.6852920055
2834.0000000000            2.6845819950
2835.0000000000            2.6838715076
2836.0000000000            2.6831607819
2837.0000000000            2.6824498177
2838.0000000000            2.6817386150
2839.0000000000            2.6810274124
2840.0000000000            2.6803154945
2841.0000000000            2.6796035767
2842.0000000000            2.6788914204
2843.0000000000            2.6781790257
2844.0000000000            2.6774661541
2845.0000000000            2.6767530441
2846.0000000000            2.6760399342
2847.0000000000            2.6753265858
2848.0000000000            2.6746127605
2849.0000000000            2.6738986969
2850.0000000000            2.6731843948
2851.0000000000            2.6724700928
2852.0000000000            2.6717553139
2853.0000000000            2.6710400581
2854.0000000000            2.6703250408
2855.0000000000            2.6696095467
2856.0000000000            2.6688935757
2857.0000000000            2.6681776047
2858.0000000000            2.6674613953
2859.0000000000            2.6667449474
2860.0000000000            2.6660282612
2861.0000000000            2.6653110981
2862.0000000000            2.6645939350
2863.0000000000            2.6638762951
2864.0000000000            2.6631586552
2865.0000000000            2.6624405384
2866.0000000000            2.6617224216
2867.0000000000            2.6610035896
2868.0000000000            2.6602849960
2869.0000000000            2.6595661640
2870.0000000000            2.6588466167
2871.0000000000            2.6581273079
2872.0000000000            2.6574075222
2873.0000000000            2.6566874981
2874.0000000000            2.6559674740
2875.0000000000            2.6552467346
2876.0000000000            2.6545259953
2877.0000000000            2.6538052559
2878.0000000000            2.6530838013
2879.0000000000            2.6523625851
2880.0000000000            2.6516408920
2881.0000000000            2.6509187222
2882.0000000000            2.6501965523
2883.0000000000            2.6494741440
2884.0000000000            2.6487514973
2885.0000000000            2.6480286121
2886.0000000000            2.6473052502
2887.0000000000            2.6465821266
2888.0000000000            2.6458585262
2889.0000000000            2.6451344490
2890.0000000000            2.6444103718
2891.0000000000            2.6436860561
2892.0000000000            2.6429615021
2893.0000000000            2.6422367096
2894.0000000000            2.6415114403
2895.0000000000            2.6407861710
2896.0000000000            2.6400606632
2897.0000000000            2.6393349171
2898.0000000000            2.6386086941
2899.0000000000            2.6378824711
2900.0000000000            2.6371560097
2901.0000000000            2.6364293098
2902.0000000000            2.6357021332
2903.0000000000            2.6349749565
2904.0000000000            2.6342475414
2905.0000000000            2.6335198879
2906.0000000000            2.6327919960
2907.0000000000            2.6320638657
2908.0000000000            2.6313354969
2909.0000000000            2.6306066513
2910.0000000000            2.6298778057
2911.0000000000            2.6291487217
2912.0000000000            2.6284193993
2913.0000000000            2.6276898384
2914.0000000000            2.6269600391
2915.0000000000            2.6262300014
2916.0000000000            2.6254997253
2917.0000000000            2.6247692108
2918.0000000000            2.6240384579
2919.0000000000            2.6233074665
2920.0000000000            2.6225762367
2921.0000000000            2.6218447685
2922.0000000000            2.6211133003
2923.0000000000            2.6203813553
2924.0000000000            2.6196491718
2925.0000000000            2.6189167500
2926.0000000000            2.6181843281
2927.0000000000            2.6174514294
2928.0000000000            2.6167185307
2929.0000000000            2.6159851551
2930.0000000000            2.6152515411
2931.0000000000            2.6145176888
2932.0000000000            2.6137838364
2933.0000000000            2.6130497456
2934.0000000000            2.6123154163
2935.0000000000            2.6115806103
2936.0000000000            2.6108458042
2937.0000000000            2.6101105213
2938.0000000000            2.6093752384
2939.0000000000            2.6086397171
2940.0000000000            2.6079041958
2941.0000000000            2.6071679592
2942.0000000000            2.6064319611
2943.0000000000            2.6056952477
2944.0000000000            2.6049587727
2945.0000000000            2.6042218208
2946.0000000000            2.6034846306
2947.0000000000            2.6027474403
2948.0000000000            2.6020097733
2949.0000000000            2.6012721062
2950.0000000000            2.6005342007
2951.0000000000            2.5997958183
2952.0000000000            2.5990574360
2953.0000000000            2.5983188152
2954.0000000000            2.5975799561
2955.0000000000            2.5968408585
2956.0000000000            2.5961015224
2957.0000000000            2.5953617096
2958.0000000000            2.5946221352
2959.0000000000            2.5938823223
2960.0000000000            2.5931420326
2961.0000000000            2.5924015045
2962.0000000000            2.5916607380
2963.0000000000            2.5909199715
2964.0000000000            2.5901789665
2965.0000000000            2.5894377232
2966.0000000000            2.5886960030
2967.0000000000            2.5879545212
2968.0000000000            2.5872125626
2969.0000000000            2.5864703655
2970.0000000000            2.5857279301
2971.0000000000            2.5849852562
2972.0000000000            2.5842425823
2973.0000000000            2.5834996700
2974.0000000000            2.5827565193
2975.0000000000            2.5820128918
2976.0000000000            2.5812692642
2977.0000000000            2.5805253983
2978.0000000000            2.5797812939
2979.0000000000            2.5790369511
2980.0000000000            2.5782923698
2981.0000000000            2.5775477886
2982.0000000000            2.5768027306
2983.0000000000            2.5760576725
2984.0000000000            2.5753123760
2985.0000000000            2.5745668411
2986.0000000000            2.5738210678
2987.0000000000            2.5730750561
2988.0000000000            2.5723288059
2989.0000000000            2.5715825558
2990.0000000000            2.5708358288
2991.0000000000            2.5700891018
2992.0000000000            2.5693421364
2993.0000000000            2.5685946941
2994.0000000000            2.5678472519
2995.0000000000            2.5670995712
2996.0000000000            2.5663518906
2997.0000000000            2.5656037331
2998.0000000000            2.5648553371
2999.0000000000            2.5641069412
3000.0000000000            2.5633583069
3001.0000000000            2.5626094341
3002.0000000000            2.5618603230
3003.0000000000            2.5611109734
3004.0000000000            2.5603613853
3005.0000000000            2.5596117973
3006.0000000000            2.5588617325
3007.0000000000            2.5581116676
3008.0000000000            2.5573613644
3009.0000000000            2.5566108227
3010.0000000000            2.5558602810
3011.0000000000            2.5551092625
3012.0000000000            2.5543582439
3013.0000000000            2.5536069870
3014.0000000000            2.5528552532
3015.0000000000            2.5521035194
3016.0000000000            2.5513517857
3017.0000000000            2.5505995750
3018.0000000000            2.5498471260
3019.0000000000            2.5490946770
3020.0000000000            2.5483419895
3021.0000000000            2.5475890636
3022.0000000000            2.5468358994
3023.0000000000            2.5460824966
3024.0000000000            2.5453290939
3025.0000000000            2.5445752144
3026.0000000000            2.5438215733
3027.0000000000            2.5430674553
3028.0000000000            2.5423130989
3029.0000000000            2.5415585041
3030.0000000000            2.5408039093
3031.0000000000            2.5400488377
3032.0000000000            2.5392940044
3033.0000000000            2.5385386944
3034.0000000000            2.5377831459
3035.0000000000            2.5370275974
3036.0000000000            2.5362715721
3037.0000000000            2.5355155468
3038.0000000000            2.5347592831
3039.0000000000            2.5340030193
3040.0000000000            2.5332462788
3041.0000000000            2.5324892998
3042.0000000000            2.5317325592
3043.0000000000            2.5309751034
3044.0000000000            2.5302176476
3045.0000000000            2.5294601917
3046.0000000000            2.5287024975
3047.0000000000            2.5279443264
3048.0000000000            2.5271863937
3049.0000000000            2.5264279842
3050.0000000000            2.5256695747
3051.0000000000            2.5249106884
3052.0000000000            2.5241518021
3053.0000000000            2.5233926773
3054.0000000000            2.5226333141
3055.0000000000            2.5218737125
3056.0000000000            2.5211143494
3057.0000000000            2.5203545094
3058.0000000000            2.5195941925
3059.0000000000            2.5188341141
3060.0000000000            2.5180737972
3061.0000000000            2.5173132420
3062.0000000000            2.5165522099
3063.0000000000            2.5157914162
3064.0000000000            2.5150301456
3065.0000000000            2.5142688751
3066.0000000000            2.5135073662
3067.0000000000            2.5127458572
3068.0000000000            2.5119838715
3069.0000000000            2.5112218857
3070.0000000000            2.5104594231
3071.0000000000            2.5096969604
3072.0000000000            2.5089344978
3073.0000000000            2.5081715584
3074.0000000000            2.5074088573
3075.0000000000            2.5066454411
3076.0000000000            2.5058822632
3077.0000000000            2.5051188469
3078.0000000000            2.5043551922
3079.0000000000            2.5035910606
3080.0000000000            2.5028271675
3081.0000000000            2.5020627975
3082.0000000000            2.5012986660
3083.0000000000            2.5005340576
3084.0000000000            2.4997692108
3085.0000000000            2.4990041256
3086.0000000000            2.4982392788
3087.0000000000            2.4974737167
3088.0000000000            2.4967083931
3089.0000000000            2.4959428310
3090.0000000000            2.4951767921
3091.0000000000            2.4944109917
3092.0000000000            2.4936447144
3093.0000000000            2.4928784370
3094.0000000000            2.4921119213
3095.0000000000            2.4913451672
3096.0000000000            2.4905784130
3097.0000000000            2.4898114204
3098.0000000000            2.4890441895
3099.0000000000            2.4882767200
3100.0000000000            2.4875092506
3101.0000000000            2.4867415428
3102.0000000000            2.4859735966
3103.0000000000            2.4852056503
3104.0000000000            2.4844372272
3105.0000000000            2.4836690426
3106.0000000000            2.4829003811
3107.0000000000            2.4821317196
3108.0000000000            2.4813628197
3109.0000000000            2.4805936813
3110.0000000000            2.4798245430
3111.0000000000            2.4790549278
3112.0000000000            2.4782853127
3113.0000000000            2.4775154591
3114.0000000000            2.4767456055
3115.0000000000            2.4759757519
3116.0000000000            2.4752054214
3117.0000000000            2.4744348526
3118.0000000000            2.4736642838
3119.0000000000            2.4728937149
3120.0000000000            2.4721226692
3121.0000000000            2.4713516235
3122.0000000000            2.4705803394
3123.0000000000            2.4698088169
3124.0000000000            2.4690372944
3125.0000000000            2.4682657719
3126.0000000000            2.4674937725
3127.0000000000            2.4667215347
3128.0000000000            2.4659495354
3129.0000000000            2.4651770592
3130.0000000000            2.4644045830
3131.0000000000            2.4636318684
3132.0000000000            2.4628589153
3133.0000000000            2.4620859623
3134.0000000000            2.4613125324
3135.0000000000            2.4605393410
3136.0000000000            2.4597659111
3137.0000000000            2.4589922428
3138.0000000000            2.4582183361
3139.0000000000            2.4574444294
3140.0000000000            2.4566702843
3141.0000000000            2.4558959007
3142.0000000000            2.4551215172
3143.0000000000            2.4543468952
3144.0000000000            2.4535722733
3145.0000000000            2.4527974129
3146.0000000000            2.4520220757
3147.0000000000            2.4512469769
3148.0000000000            2.4504716396
3149.0000000000            2.4496960640
3150.0000000000            2.4489202499
3151.0000000000            2.4481444359
3152.0000000000            2.4473683834
3153.0000000000            2.4465923309
3154.0000000000            2.4458160400
3155.0000000000            2.4450395107
3156.0000000000            2.4442627430
3157.0000000000            2.4434859753
3158.0000000000            2.4427092075
3159.0000000000            2.4419322014
3160.0000000000            2.4411549568
3161.0000000000            2.4403774738
3162.0000000000            2.4395999908
3163.0000000000            2.4388222694
3164.0000000000            2.4380445480
3165.0000000000            2.4372665882
3166.0000000000            2.4364883900
3167.0000000000            2.4357099533
3168.0000000000            2.4349317551
3169.0000000000            2.4341530800
3170.0000000000            2.4333744049
3171.0000000000            2.4325954914
3172.0000000000            2.4318165779
3173.0000000000            2.4310371876
3174.0000000000            2.4302580357
3175.0000000000            2.4294786453
3176.0000000000            2.4286990166
3177.0000000000            2.4279193878
3178.0000000000            2.4271395206
3179.0000000000            2.4263594151
3180.0000000000            2.4255793095
3181.0000000000            2.4247989655
3182.0000000000            2.4240186214
3183.0000000000            2.4232378006
3184.0000000000            2.4224569798
3185.0000000000            2.4216761589
3186.0000000000            2.4208950996
3187.0000000000            2.4201140404
3188.0000000000            2.4193327427
3189.0000000000            2.4185512066
3190.0000000000            2.4177696705
3191.0000000000            2.4169878960
3192.0000000000            2.4162061214
3193.0000000000            2.4154241085
3194.0000000000            2.4146418571
3195.0000000000            2.4138596058
3196.0000000000            2.4130771160
3197.0000000000            2.4122946262
3198.0000000000            2.4115118980
3199.0000000000            2.4107291698
3200.0000000000            2.4099462032
3201.0000000000            2.4091629982
3202.0000000000            2.4083795547
3203.0000000000            2.4075963497
3204.0000000000            2.4068126678
3205.0000000000            2.4060292244
3206.0000000000            2.4052455425
3207.0000000000            2.4044613838
3208.0000000000            2.4036772251
3209.0000000000            2.4028933048
3210.0000000000            2.4021089077
3211.0000000000            2.4013242722
3212.0000000000            2.4005398750
3213.0000000000            2.3997550011
3214.0000000000            2.3989701271
3215.0000000000            2.3981852531
3216.0000000000            2.3974001408
3217.0000000000            2.3966147900
3218.0000000000            2.3958296776
3219.0000000000            2.3950438499
3220.0000000000            2.3942584991
3221.0000000000            2.3934724331
3222.0000000000            2.3926866055
3223.0000000000            2.3919005394
3224.0000000000            2.3911144733
3225.0000000000            2.3903281689
3226.0000000000            2.3895418644
3227.0000000000            2.3887553215
3228.0000000000            2.3879687786
3229.0000000000            2.3871817589
3230.0000000000            2.3863947392
3231.0000000000            2.3856077194
3232.0000000000            2.3848206997
3233.0000000000            2.3840334415
3234.0000000000            2.3832459450
3235.0000000000            2.3824584484
3236.0000000000            2.3816709518
3237.0000000000            2.3808829784
3238.0000000000            2.3800950050
3239.0000000000            2.3793070316
3240.0000000000            2.3785188198
3241.0000000000            2.3777306080
3242.0000000000            2.3769423962
3243.0000000000            2.3761537075
3244.0000000000            2.3753650188
3245.0000000000            2.3745763302
3246.0000000000            2.3737874031
3247.0000000000            2.3729984760
3248.0000000000            2.3722093105
3249.0000000000            2.3714199066
3250.0000000000            2.3706305027
3251.0000000000            2.3698410988
3252.0000000000            2.3690514565
3253.0000000000            2.3682618141
3254.0000000000            2.3674719334
3255.0000000000            2.3666820526
3256.0000000000            2.3658919334
3257.0000000000            2.3651018143
3258.0000000000            2.3643114567
3259.0000000000            2.3635208607
3260.0000000000            2.3627305031
3261.0000000000            2.3619399071
3262.0000000000            2.3611490726
3263.0000000000            2.3603579998
3264.0000000000            2.3595671654
3265.0000000000            2.3587760925
3266.0000000000            2.3579847813
3267.0000000000            2.3571934700
3268.0000000000            2.3564019203
3269.0000000000            2.3556106091
3270.0000000000            2.3548188210
3271.0000000000            2.3540270329
3272.0000000000            2.3532352448
3273.0000000000            2.3524429798
3274.0000000000            2.3516509533
3275.0000000000            2.3508586884
3276.0000000000            2.3500664234
3277.0000000000            2.3492741585
3278.0000000000            2.3484814167
3279.0000000000            2.3476886749
3280.0000000000            2.3468959332
3281.0000000000            2.3461031914
3282.0000000000            2.3453099728
3283.0000000000            2.3445169926
3284.0000000000            2.3437237740
3285.0000000000            2.3429305553
3286.0000000000            2.3421370983
3287.0000000000            2.3413436413
3288.0000000000            2.3405499458
3289.0000000000            2.3397562504
3290.0000000000            2.3389623165
3291.0000000000            2.3381683826
3292.0000000000            2.3373744488
3293.0000000000            2.3365802765
3294.0000000000            2.3357861042
3295.0000000000            2.3349916935
3296.0000000000            2.3341972828
3297.0000000000            2.3334026337
3298.0000000000            2.3326079845
3299.0000000000            2.3318130970
3300.0000000000            2.3310184479
3301.0000000000            2.3302233219
3302.0000000000            2.3294281960
3303.0000000000            2.3286330700
3304.0000000000            2.3278379440
3305.0000000000            2.3270425797
3306.0000000000            2.3262469769
3307.0000000000            2.3254516125
3308.0000000000            2.3246557713
3309.0000000000            2.3238601685
3310.0000000000            2.3230640888
3311.0000000000            2.3222682476
3312.0000000000            2.3214724064
3313.0000000000            2.3206760883
3314.0000000000            2.3198797703
3315.0000000000            2.3190834522
3316.0000000000            2.3182871342
3317.0000000000            2.3174905777
3318.0000000000            2.3166937828
3319.0000000000            2.3158972263
3320.0000000000            2.3151004314
3321.0000000000            2.3143036366
3322.0000000000            2.3135063648
3323.0000000000            2.3127093315
3324.0000000000            2.3119122982
3325.0000000000            2.3111150265
3326.0000000000            2.3103175163
3327.0000000000            2.3095200062
3328.0000000000            2.3087224960
3329.0000000000            2.3079249859
3330.0000000000            2.3071272373
3331.0000000000            2.3063294888
3332.0000000000            2.3055312634
3333.0000000000            2.3047335148
3334.0000000000            2.3039355278
3335.0000000000            2.3031370640
3336.0000000000            2.3023388386
3337.0000000000            2.3015403748
3338.0000000000            2.3007421494
3339.0000000000            2.2999436855
3340.0000000000            2.2991449833
3341.0000000000            2.2983462811
3342.0000000000            2.2975475788
3343.0000000000            2.2967483997
3344.0000000000            2.2959496975
3345.0000000000            2.2951507568
3346.0000000000            2.2943513393
3347.0000000000            2.2935521603
3348.0000000000            2.2927529812
3349.0000000000            2.2919535637
3350.0000000000            2.2911541462
3351.0000000000            2.2903544903
3352.0000000000            2.2895550728
3353.0000000000            2.2887551785
3354.0000000000            2.2879555225
3355.0000000000            2.2871556282
3356.0000000000            2.2863557339
3357.0000000000            2.2855556011
3358.0000000000            2.2847554684
3359.0000000000            2.2839553356
3360.0000000000            2.2831549644
3361.0000000000            2.2823548317
3362.0000000000            2.2815542221
3363.0000000000            2.2807538509
3364.0000000000            2.2799530029
3365.0000000000            2.2791523933
3366.0000000000            2.2783517838
3367.0000000000            2.2775509357
3368.0000000000            2.2767500877
3369.0000000000            2.2759490013
3370.0000000000            2.2751479149
3371.0000000000            2.2743468285
3372.0000000000            2.2735457420
3373.0000000000            2.2727444172
3374.0000000000            2.2719428539
3375.0000000000            2.2711415291
3376.0000000000            2.2703399658
3377.0000000000            2.2695386410
3378.0000000000            2.2687368393
3379.0000000000            2.2679350376
3380.0000000000            2.2671334743
3381.0000000000            2.2663314342
3382.0000000000            2.2655296326
3383.0000000000            2.2647275925
3384.0000000000            2.2639255524
3385.0000000000            2.2631235123
3386.0000000000            2.2623209953
3387.0000000000            2.2615187168
3388.0000000000            2.2607164383
3389.0000000000            2.2599141598
3390.0000000000            2.2591116428
3391.0000000000            2.2583088875
3392.0000000000            2.2575063705
3393.0000000000            2.2567038536
3394.0000000000            2.2559008598
3395.0000000000            2.2550981045
3396.0000000000            2.2542951107
3397.0000000000            2.2534923553
3398.0000000000            2.2526891232
3399.0000000000            2.2518861294
3400.0000000000            2.2510831356
3401.0000000000            2.2502796650
3402.0000000000            2.2494764328
3403.0000000000            2.2486732006
3404.0000000000            2.2478697300
3405.0000000000            2.2470662594
3406.0000000000            2.2462625504
3407.0000000000            2.2454590797
3408.0000000000            2.2446556091
3409.0000000000            2.2438516617
3410.0000000000            2.2430479527
3411.0000000000            2.2422442436
3412.0000000000            2.2414400578
3413.0000000000            2.2406363487
3414.0000000000            2.2398321629
3415.0000000000            2.2390279770
3416.0000000000            2.2382240295
3417.0000000000            2.2374196053
3418.0000000000            2.2366154194
3419.0000000000            2.2358109951
3420.0000000000            2.2350068092
3421.0000000000            2.2342023849
3422.0000000000            2.2333977222
3423.0000000000            2.2325932980
3424.0000000000            2.2317886353
3425.0000000000            2.2309837341
3426.0000000000            2.2301793098
3427.0000000000            2.2293744087
3428.0000000000            2.2285695076
3429.0000000000            2.2277648449
3430.0000000000            2.2269597054
3431.0000000000            2.2261548042
3432.0000000000            2.2253496647
3433.0000000000            2.2245445251
3434.0000000000            2.2237393856
3435.0000000000            2.2229340076
3436.0000000000            2.2221288681
3437.0000000000            2.2213237286
3438.0000000000            2.2205183506
3439.0000000000            2.2197129726
3440.0000000000            2.2189073563
3441.0000000000            2.2181019783
3442.0000000000            2.2172963619
3443.0000000000            2.2164907455
3444.0000000000            2.2156848907
3445.0000000000            2.2148792744
3446.0000000000            2.2140736580
3447.0000000000            2.2132678032
3448.0000000000            2.2124617100
3449.0000000000            2.2116560936
3450.0000000000            2.2108500004
3451.0000000000            2.2100441456
3452.0000000000            2.2092378139
3453.0000000000            2.2084319592
3454.0000000000            2.2076258659
3455.0000000000            2.2068195343
3456.0000000000            2.2060132027
3457.0000000000            2.2052071095
3458.0000000000            2.2044007778
3459.0000000000            2.2035944462
3460.0000000000            2.2027878761
3461.0000000000            2.2019813061
3462.0000000000            2.2011749744
3463.0000000000            2.2003684044
3464.0000000000            2.1995618343
3465.0000000000            2.1987552643
3466.0000000000            2.1979486942
3467.0000000000            2.1971418858
3468.0000000000            2.1963350773
3469.0000000000            2.1955282688
3470.0000000000            2.1947216988
3471.0000000000            2.1939146519
3472.0000000000            2.1931078434
3473.0000000000            2.1923007965
3474.0000000000            2.1914937496
3475.0000000000            2.1906869411
3476.0000000000            2.1898796558
3477.0000000000            2.1890728474
3478.0000000000            2.1882658005
3479.0000000000            2.1874582767
3480.0000000000            2.1866512299
3481.0000000000            2.1858441830
3482.0000000000            2.1850366592
3483.0000000000            2.1842293739
3484.0000000000            2.1834220886
3485.0000000000            2.1826148033
3486.0000000000            2.1818072796
3487.0000000000            2.1809999943
3488.0000000000            2.1801924706
3489.0000000000            2.1793849468
3490.0000000000            2.1785774231
3491.0000000000            2.1777698994
3492.0000000000            2.1769621372
3493.0000000000            2.1761546135
3494.0000000000            2.1753468513
3495.0000000000            2.1745390892
3496.0000000000            2.1737313271
3497.0000000000            2.1729238033
3498.0000000000            2.1721158028
3499.0000000000            2.1713080406
3500.0000000000            2.1705002785
3501.0000000000            2.1696922779
3502.0000000000            2.1688842773
3503.0000000000            2.1680765152
3504.0000000000            2.1672685146
3505.0000000000            2.1664605141
3506.0000000000            2.1656525135
3507.0000000000            2.1648445129
3508.0000000000            2.1640362740
3509.0000000000            2.1632282734
3510.0000000000            2.1624200344
3511.0000000000            2.1616120338
3512.0000000000            2.1608037949
3513.0000000000            2.1599955559
3514.0000000000            2.1591875553
3515.0000000000            2.1583790779
3516.0000000000            2.1575708389
3517.0000000000            2.1567625999
3518.0000000000            2.1559543610
3519.0000000000            2.1551461220
3520.0000000000            2.1543374062
3521.0000000000            2.1535291672
3522.0000000000            2.1527206898
3523.0000000000            2.1519124508
3524.0000000000            2.1511039734
3525.0000000000            2.1502954960
3526.0000000000            2.1494870186
3527.0000000000            2.1486785412
3528.0000000000            2.1478700638
3529.0000000000            2.1470615864
3530.0000000000            2.1462528706
3531.0000000000            2.1454443932
3532.0000000000            2.1446356773
3533.0000000000            2.1438271999
3534.0000000000            2.1430184841
3535.0000000000            2.1422097683
3536.0000000000            2.1414010525
3537.0000000000            2.1405923367
3538.0000000000            2.1397836208
3539.0000000000            2.1389751434
3540.0000000000            2.1381664276
3541.0000000000            2.1373574734
3542.0000000000            2.1365487576
3543.0000000000            2.1357400417
3544.0000000000            2.1349313259
3545.0000000000            2.1341223717
3546.0000000000            2.1333136559
3547.0000000000            2.1325047016
3548.0000000000            2.1316959858
3549.0000000000            2.1308870316
3550.0000000000            2.1300783157
3551.0000000000            2.1292695999
3552.0000000000            2.1284606457
3553.0000000000            2.1276516914
3554.0000000000            2.1268427372
3555.0000000000            2.1260337830
3556.0000000000            2.1252248287
3557.0000000000            2.1244161129
3558.0000000000            2.1236071587
3559.0000000000            2.1227982044
3560.0000000000            2.1219892502
3561.0000000000            2.1211800575
3562.0000000000            2.1203713417
3563.0000000000            2.1195621490
3564.0000000000            2.1187534332
3565.0000000000            2.1179442406
3566.0000000000            2.1171352863
3567.0000000000            2.1163263321
3568.0000000000            2.1155173779
3569.0000000000            2.1147084236
3570.0000000000            2.1138992310
3571.0000000000            2.1130902767
3572.0000000000            2.1122813225
3573.0000000000            2.1114723682
3574.0000000000            2.1106631756
3575.0000000000            2.1098542213
3576.0000000000            2.1090452671
3577.0000000000            2.1082360744
3578.0000000000            2.1074271202
3579.0000000000            2.1066181660
3580.0000000000            2.1058089733
3581.0000000000            2.1050000191
3582.0000000000            2.1041908264
3583.0000000000            2.1033816338
3584.0000000000            2.1025724411
3585.0000000000            2.1017632484
3586.0000000000            2.1009538174
3587.0000000000            2.1001441479
3588.0000000000            2.0993342400
3589.0000000000            2.0985240936
3590.0000000000            2.0977132320
3591.0000000000            2.0969014168
3592.0000000000            2.0960886478
3593.0000000000            2.0952739716
3594.0000000000            2.0944571495
3595.0000000000            2.0936369896
3596.0000000000            2.0928120613
3597.0000000000            2.0919809341
3598.0000000000            2.0911414623
3599.0000000000            2.0902900696
3600.0000000000            2.0894234180
3601.0000000000            2.0885360241
3602.0000000000            2.0876209736
3603.0000000000            2.0866699219
3604.0000000000            2.0856719017
3605.0000000000            2.0846130848
3606.0000000000            2.0834763050
3607.0000000000            2.0822401047
3608.0000000000            2.0808782578
3609.0000000000            2.0793583393
3610.0000000000            2.0776419640
3611.0000000000            2.0756826401
3612.0000000000            2.0734250546
3613.0000000000            2.0708050728
3614.0000000000            2.0677466393
3615.0000000000            2.0641634464
3616.0000000000            2.0599560738
3617.0000000000            2.0550122261
3618.0000000000            2.0492064953
3619.0000000000            2.0424005985
3620.0000000000            2.0344431400
3621.0000000000            2.0251700878
3622.0000000000            2.0144071579
3623.0000000000            2.0019712448
3624.0000000000            1.9876725674
3625.0000000000            1.9713176489
3626.0000000000            1.9527132511
3627.0000000000            1.9316703081
3628.0000000000            1.9080089331
3629.0000000000            1.8815621138
3630.0000000000            1.8521823883
3631.0000000000            1.8197461367
3632.0000000000            1.7841590643
3633.0000000000            1.7453609705
3634.0000000000            1.7033303976
3635.0000000000            1.6580882072
3636.0000000000            1.6097006798
3637.0000000000            1.5582814217
3638.0000000000            1.5039914846
3639.0000000000            1.4470402002
3640.0000000000            1.3876821995
3641.0000000000            1.3262147903
3642.0000000000            1.2629739046
3643.0000000000            1.1983281374
3644.0000000000            1.1326725483
3645.0000000000            1.0664213896
3646.0000000000            1.0000000000
3647.0000000000            0.9338365793
3648.0000000000            0.8683541417
3649.0000000000            0.8039620519
3650.0000000000            0.7410485744
3651.0000000000            0.6799738407
3652.0000000000            0.6210637689
3653.0000000000            0.5646049380
3654.0000000000            0.5108410120
3655.0000000000            0.4599698782
3656.0000000000            0.4121423662
3657.0000000000            0.3674624264
3658.0000000000            0.3259878755
3659.0000000000            0.2877329886
3660.0000000000            0.2526711524
3661.0000000000            0.2207390368
3662.0000000000            0.1918408275
3663.0000000000            0.1658531427
3664.0000000000            0.1426298916
3665.0000000000            0.1220073849
3666.0000000000            0.1038092673
3667.0000000000            0.0878511146
3668.0000000000            0.0739447176
3669.0000000000            0.0619019419
3670.0000000000            0.0515380614
3671.0000000000            0.0426745228
3672.0000000000            0.0351412334
3673.0000000000            0.0287782662
3674.0000000000            0.0234371014
3675.0000000000            0.0189813748
3676.0000000000            0.0152872521
3677.0000000000            0.0122434329
3678.0000000000            0.0097508747
3679.0000000000            0.0077222805
3680.0000000000            0.0060814158
3681.0000000000            0.0047623008
3682.0000000000            0.0037083302
3683.0000000000            0.0028713492
3684.0000000000            0.0022107358
3685.0000000000            0.0016924985
3686.0000000000            0.0012884218
3687.0000000000            0.0009752685
3688.0000000000            0.0007340490
3689.0000000000            0.0005493627
3690.0000000000            0.0004088137
3691.0000000000            0.0003024983
3692.0000000000            0.0002225620
3693.0000000000            0.0001628205
3694.0000000000            0.0001184396
3695.0000000000            0.0000856672
3696.0000000000            0.0000616115
3697.0000000000            0.0000440595
