1897.0000000000            3.4188292027
1898.0000000000            3.4183590412
1899.0000000000            3.4178884029
1900.0000000000            3.4174172878
1901.0000000000            3.4169454575
1902.0000000000            3.4164731503
1903.0000000000            3.4160003662
1904.0000000000            3.4155271053
1905.0000000000            3.4150533676
1906.0000000000            3.4145791531
1907.0000000000            3.4141042233
1908.0000000000            3.4136290550
1909.0000000000            3.4131534100
1910.0000000000            3.4126772881
1911.0000000000            3.4122004509
1912.0000000000            3.4117231369
1913.0000000000            3.4112453461
1914.0000000000            3.4107673168
1915.0000000000            3.4102885723
1916.0000000000            3.4098093510
1917.0000000000            3.4093294144
1918.0000000000            3.4088492393
1919.0000000000            3.4083685875
1920.0000000000            3.4078874588
1921.0000000000            3.4074056149
1922.0000000000            3.4069237709
1923.0000000000            3.4064409733
1924.0000000000            3.4059574604
1925.0000000000            3.4054739475
1926.0000000000            3.4049897194
1927.0000000000            3.4045050144
1928.0000000000            3.4040195942
1929.0000000000            3.4035341740
1930.0000000000            3.4030480385
1931.0000000000            3.4025614262
1932.0000000000            3.4020740986
1933.0000000000            3.4015865326
1934.0000000000            3.4010980129
1935.0000000000            3.4006097317
1936.0000000000            3.4001204967
1937.0000000000            3.3996307850
1938.0000000000            3.3991405964
1939.0000000000            3.3986499310
1940.0000000000            3.3981590271
1941.0000000000            3.3976674080
1942.0000000000            3.3971748352
1943.0000000000            3.3966825008
1944.0000000000            3.3961894512
1945.0000000000            3.3956959248
1946.0000000000            3.3952016830
1947.0000000000            3.3947069645
1948.0000000000            3.3942117691
1949.0000000000            3.3937160969
1950.0000000000            3.3932201862
1951.0000000000            3.3927233219
1952.0000000000            3.3922262192
1953.0000000000            3.3917288780
1954.0000000000            3.3912308216
1955.0000000000            3.3907322884
1956.0000000000            3.3902330399
1957.0000000000            3.3897333145
1958.0000000000            3.3892333508
1959.0000000000            3.3887326717
1960.0000000000            3.3882317543
1961.0000000000            3.3877303600
1962.0000000000            3.3872282505
1963.0000000000            3.3867259026
1964.0000000000            3.3862226009
1965.0000000000            3.3857190609
1966.0000000000            3.3852152824
1967.0000000000            3.3847105503
1968.0000000000            3.3842055798
1969.0000000000            3.3837003708
1970.0000000000            3.3831942081
1971.0000000000            3.3826878071
1972.0000000000            3.3821806908
1973.0000000000            3.3816733360
1974.0000000000            3.3811655045
1975.0000000000            3.3806569576
1976.0000000000            3.3801479340
1977.0000000000            3.3796386719
1978.0000000000            3.3791286945
1979.0000000000            3.3786184788
1980.0000000000            3.3781073093
1981.0000000000            3.3775963783
1982.0000000000            3.3770842552
1983.0000000000            3.3765721321
1984.0000000000            3.3760592937
1985.0000000000            3.3755457401
1986.0000000000            3.3750321865
1987.0000000000            3.3745174408
1988.0000000000            3.3740029335
1989.0000000000            3.3734874725
1990.0000000000            3.3729717731
1991.0000000000            3.3724553585
1992.0000000000            3.3719384670
1993.0000000000            3.3714213371
1994.0000000000            3.3709034920
1995.0000000000            3.3703851700
1996.0000000000            3.3698666096
1997.0000000000            3.3693473339
1998.0000000000            3.3688278198
1999.0000000000            3.3683078289
2000.0000000000            3.3677868843
2001.0000000000            3.3672654629
2002.0000000000            3.3667440414
2003.0000000000            3.3662219048
2004.0000000000            3.3656992912
2005.0000000000            3.3651762009
2006.0000000000            3.3646526337
2007.0000000000            3.3641285896
2008.0000000000            3.3636038303
2009.0000000000            3.3630788326
2010.0000000000            3.3625531197
2011.0000000000            3.3620274067
2012.0000000000            3.3615005016
2013.0000000000            3.3609738350
2014.0000000000            3.3604462147
2015.0000000000            3.3599183559
2016.0000000000            3.3593897820
2017.0000000000            3.3588607311
2018.0000000000            3.3583314419
2019.0000000000            3.3578014374
2020.0000000000            3.3572709560
2021.0000000000            3.3567402363
2022.0000000000            3.3562085629
2023.0000000000            3.3556768894
2024.0000000000            3.3551445007
2025.0000000000            3.3546116352
2026.0000000000            3.3540785313
2027.0000000000            3.3535444736
2028.0000000000            3.3530101776
2029.0000000000            3.3524754047
2030.0000000000            3.3519403934
2031.0000000000            3.3514044285
2032.0000000000            3.3508684635
2033.0000000000            3.3503315449
2034.0000000000            3.3497943878
2035.0000000000            3.3492567539
2036.0000000000            3.3487184048
2037.0000000000            3.3481798172
2038.0000000000            3.3476407528
2039.0000000000            3.3471009731
2040.0000000000            3.3465609550
2041.0000000000            3.3460204601
2042.0000000000            3.3454792500
2043.0000000000            3.3449378014
2044.0000000000            3.3443956375
2045.0000000000            3.3438534737
2046.0000000000            3.3433101177
2047.0000000000            3.3427667618
2048.0000000000            3.3422226906
2049.0000000000            3.3416783810
2050.0000000000            3.3411335945
2051.0000000000            3.3405880928
2052.0000000000            3.3400423527
2053.0000000000            3.3394956589
2054.0000000000            3.3389489651
2055.0000000000            3.3384015560
2056.0000000000            3.3378536701
2057.0000000000            3.3373057842
2058.0000000000            3.3367567062
2059.0000000000            3.3362076283
2060.0000000000            3.3356578350
2061.0000000000            3.3351078033
2062.0000000000            3.3345568180
2063.0000000000            3.3340055943
2064.0000000000            3.3334541321
2065.0000000000            3.3329019547
2066.0000000000            3.3323493004
2067.0000000000            3.3317961693
2068.0000000000            3.3312427998
2069.0000000000            3.3306887150
2070.0000000000            3.3301339149
2071.0000000000            3.3295793533
2072.0000000000            3.3290238380
2073.0000000000            3.3284678459
2074.0000000000            3.3279113770
2075.0000000000            3.3273544312
2076.0000000000            3.3267970085
2077.0000000000            3.3262391090
2078.0000000000            3.3256807327
2079.0000000000            3.3251221180
2080.0000000000            3.3245630264
2081.0000000000            3.3240032196
2082.0000000000            3.3234429359
2083.0000000000            3.3228821754
2084.0000000000            3.3223209381
2085.0000000000            3.3217592239
2086.0000000000            3.3211970329
2087.0000000000            3.3206343651
2088.0000000000            3.3200712204
2089.0000000000            3.3195078373
2090.0000000000            3.3189437389
2091.0000000000            3.3183794022
2092.0000000000            3.3178141117
2093.0000000000            3.3172485828
2094.0000000000            3.3166828156
2095.0000000000            3.3161165714
2096.0000000000            3.3155496120
2097.0000000000            3.3149821758
2098.0000000000            3.3144142628
2099.0000000000            3.3138461113
2100.0000000000            3.3132770061
2101.0000000000            3.3127079010
2102.0000000000            3.3121380806
2103.0000000000            3.3115680218
2104.0000000000            3.3109974861
2105.0000000000            3.3104259968
2106.0000000000            3.3098545074
2107.0000000000            3.3092825413
2108.0000000000            3.3087098598
2109.0000000000            3.3081367016
2110.0000000000            3.3075633049
2111.0000000000            3.3069896698
2112.0000000000            3.3064150810
2113.0000000000            3.3058397770
2114.0000000000            3.3052647114
2115.0000000000            3.3046886921
2116.0000000000            3.3041124344
2117.0000000000            3.3035354614
2118.0000000000            3.3029584885
2119.0000000000            3.3023808002
2120.0000000000            3.3018023968
2121.0000000000            3.3012235165
2122.0000000000            3.3006443977
2123.0000000000            3.3000648022
2124.0000000000            3.2994847298
2125.0000000000            3.2989044189
2126.0000000000            3.2983231544
2127.0000000000            3.2977418900
2128.0000000000            3.2971596718
2129.0000000000            3.2965774536
2130.0000000000            3.2959942818
2131.0000000000            3.2954108715
2132.0000000000            3.2948269844
2133.0000000000            3.2942428589
2134.0000000000            3.2936580181
2135.0000000000            3.2930727005
2136.0000000000            3.2924871445
2137.0000000000            3.2919008732
2138.0000000000            3.2913141251
2139.0000000000            3.2907271385
2140.0000000000            3.2901396751
2141.0000000000            3.2895517349
2142.0000000000            3.2889630795
2143.0000000000            3.2883739471
2144.0000000000            3.2877843380
2145.0000000000            3.2871944904
2146.0000000000            3.2866041660
2147.0000000000            3.2860133648
2148.0000000000            3.2854220867
2149.0000000000            3.2848303318
2150.0000000000            3.2842383385
2151.0000000000            3.2836453915
2152.0000000000            3.2830524445
2153.0000000000            3.2824585438
2154.0000000000            3.2818646431
2155.0000000000            3.2812700272
2156.0000000000            3.2806746960
2157.0000000000            3.2800796032
2158.0000000000            3.2794835567
2159.0000000000            3.2788872719
2160.0000000000            3.2782900333
2161.0000000000            3.2776930332
2162.0000000000            3.2770953178
2163.0000000000            3.2764966488
2164.0000000000            3.2758982182
2165.0000000000            3.2752990723
2166.0000000000            3.2746994495
2167.0000000000            3.2740991116
2168.0000000000            3.2734985352
2169.0000000000            3.2728974819
2170.0000000000            3.2722961903
2171.0000000000            3.2716939449
2172.0000000000            3.2710919380
2173.0000000000            3.2704887390
2174.0000000000            3.2698855400
2175.0000000000            3.2692818642
2176.0000000000            3.2686774731
2177.0000000000            3.2680728436
2178.0000000000            3.2674677372
2179.0000000000            3.2668619156
2180.0000000000            3.2662558556
2181.0000000000            3.2656495571
2182.0000000000            3.2650425434
2183.0000000000            3.2644350529
2184.0000000000            3.2638270855
2185.0000000000            3.2632186413
2186.0000000000            3.2626097202
2187.0000000000            3.2620005608
2188.0000000000            3.2613909245
2189.0000000000            3.2607805729
2190.0000000000            3.2601697445
2191.0000000000            3.2595586777
2192.0000000000            3.2589471340
2193.0000000000            3.2583353519
2194.0000000000            3.2577228546
2195.0000000000            3.2571096420
2196.0000000000            3.2564964294
2197.0000000000            3.2558825016
2198.0000000000            3.2552680969
2199.0000000000            3.2546536922
2200.0000000000            3.2540383339
2201.0000000000            3.2534224987
2202.0000000000            3.2528064251
2203.0000000000            3.2521896362
2204.0000000000            3.2515728474
2205.0000000000            3.2509553432
2206.0000000000            3.2503371239
2207.0000000000            3.2497189045
2208.0000000000            3.2490999699
2209.0000000000            3.2484807968
2210.0000000000            3.2478611469
2211.0000000000            3.2472407818
2212.0000000000            3.2466199398
2213.0000000000            3.2459988594
2214.0000000000            3.2453775406
2215.0000000000            3.2447552681
2216.0000000000            3.2441327572
2217.0000000000            3.2435100079
2218.0000000000            3.2428867817
2219.0000000000            3.2422628403
2220.0000000000            3.2416384220
2221.0000000000            3.2410137653
2222.0000000000            3.2403883934
2223.0000000000            3.2397630215
2224.0000000000            3.2391369343
2225.0000000000            3.2385106087
2226.0000000000            3.2378833294
2227.0000000000            3.2372558117
2228.0000000000            3.2366282940
2229.0000000000            3.2359995842
2230.0000000000            3.2353711128
2231.0000000000            3.2347416878
2232.0000000000            3.2341120243
2233.0000000000            3.2334821224
2234.0000000000            3.2328512669
2235.0000000000            3.2322204113
2236.0000000000            3.2315890789
2237.0000000000            3.2309572697
2238.0000000000            3.2303247452
2239.0000000000            3.2296917439
2240.0000000000            3.2290585041
2241.0000000000            3.2284247875
2242.0000000000            3.2277908325
2243.0000000000            3.2271561623
2244.0000000000            3.2265210152
2245.0000000000            3.2258856297
2246.0000000000            3.2252500057
2247.0000000000            3.2246134281
2248.0000000000            3.2239766121
2249.0000000000            3.2233393192
2250.0000000000            3.2227017879
2251.0000000000            3.2220635414
2252.0000000000            3.2214248180
2253.0000000000            3.2207858562
2254.0000000000            3.2201464176
2255.0000000000            3.2195065022
2256.0000000000            3.2188661098
2257.0000000000            3.2182252407
2258.0000000000            3.2175841331
2259.0000000000            3.2169425488
2260.0000000000            3.2163002491
2261.0000000000            3.2156577110
2262.0000000000            3.2150146961
2263.0000000000            3.2143712044
2264.0000000000            3.2137274742
2265.0000000000            3.2130830288
2266.0000000000            3.2124383450
2267.0000000000            3.2117929459
2268.0000000000            3.2111475468
2269.0000000000            3.2105014324
2270.0000000000            3.2098548412
2271.0000000000            3.2092080116
2272.0000000000            3.2085602283
2273.0000000000            3.2079124451
2274.0000000000            3.2072644234
2275.0000000000            3.2066154480
2276.0000000000            3.2059662342
2277.0000000000            3.2053165436
2278.0000000000            3.2046668530
2279.0000000000            3.2040164471
2280.0000000000            3.2033650875
2281.0000000000            3.2027139664
2282.0000000000            3.2020621300
2283.0000000000            3.2014098167
2284.0000000000            3.2007572651
2285.0000000000            3.2001042366
2286.0000000000            3.1994504929
2287.0000000000            3.1987965107
2288.0000000000            3.1981420517
2289.0000000000            3.1974873543
2290.0000000000            3.1968321800
2291.0000000000            3.1961762905
2292.0000000000            3.1955201626
2293.0000000000            3.1948635578
2294.0000000000            3.1942067146
2295.0000000000            3.1935489178
2296.0000000000            3.1928913593
2297.0000000000            3.1922330856
2298.0000000000            3.1915738583
2299.0000000000            3.1909148693
2300.0000000000            3.1902554035
2301.0000000000            3.1895952225
2302.0000000000            3.1889348030
2303.0000000000            3.1882739067
2304.0000000000            3.1876122952
2305.0000000000            3.1869506836
2306.0000000000            3.1862885952
2307.0000000000            3.1856257915
2308.0000000000            3.1849627495
2309.0000000000            3.1842994690
2310.0000000000            3.1836354733
2311.0000000000            3.1829710007
2312.0000000000            3.1823060513
2313.0000000000            3.1816408634
2314.0000000000            3.1809754372
2315.0000000000            3.1803092957
2316.0000000000            3.1796426773
2317.0000000000            3.1789755821
2318.0000000000            3.1783082485
2319.0000000000            3.1776406765
2320.0000000000            3.1769723892
2321.0000000000            3.1763038635
2322.0000000000            3.1756348610
2323.0000000000            3.1749653816
2324.0000000000            3.1742951870
2325.0000000000            3.1736249924
2326.0000000000            3.1729540825
2327.0000000000            3.1722829342
2328.0000000000            3.1716113091
2329.0000000000            3.1709392071
2330.0000000000            3.1702668667
2331.0000000000            3.1695938110
2332.0000000000            3.1689205170
2333.0000000000            3.1682467461
2334.0000000000            3.1675724983
2335.0000000000            3.1668980122
2336.0000000000            3.1662228107
2337.0000000000            3.1655473709
2338.0000000000            3.1648714542
2339.0000000000            3.1641950607
2340.0000000000            3.1635184288
2341.0000000000            3.1628415585
2342.0000000000            3.1621637344
2343.0000000000            3.1614856720
2344.0000000000            3.1608073711
2345.0000000000            3.1601285934
2346.0000000000            3.1594493389
2347.0000000000            3.1587696075
2348.0000000000            3.1580896378
2349.0000000000            3.1574091911
2350.0000000000            3.1567282677
2351.0000000000            3.1560468674
2352.0000000000            3.1553649902
2353.0000000000            3.1546828747
2354.0000000000            3.1540002823
2355.0000000000            3.1533172131
2356.0000000000            3.1526336670
2357.0000000000            3.1519498825
2358.0000000000            3.1512656212
2359.0000000000            3.1505808830
2360.0000000000            3.1498956680
2361.0000000000            3.1492099762
2362.0000000000            3.1485240459
2363.0000000000            3.1478378773
2364.0000000000            3.1471509933
2365.0000000000            3.1464636326
2366.0000000000            3.1457762718
2367.0000000000            3.1450881958
2368.0000000000            3.1443998814
2369.0000000000            3.1437108517
2370.0000000000            3.1430213451
2371.0000000000            3.1423318386
2372.0000000000            3.1416416168
2373.0000000000            3.1409513950
2374.0000000000            3.1402604580
2375.0000000000            3.1395690441
2376.0000000000            3.1388771534
2377.0000000000            3.1381850243
2378.0000000000            3.1374921799
2379.0000000000            3.1367995739
2380.0000000000            3.1361060143
2381.0000000000            3.1354122162
2382.0000000000            3.1347179413
2383.0000000000            3.1340231895
2384.0000000000            3.1333281994
2385.0000000000            3.1326324940
2386.0000000000            3.1319370270
2387.0000000000            3.1312406063
2388.0000000000            3.1305439472
2389.0000000000            3.1298468113
2390.0000000000            3.1291491985
2391.0000000000            3.1284513474
2392.0000000000            3.1277527809
2393.0000000000            3.1270542145
2394.0000000000            3.1263551712
2395.0000000000            3.1256556511
2396.0000000000            3.1249551773
2397.0000000000            3.1242549419
2398.0000000000            3.1235542297
2399.0000000000            3.1228530407
2400.0000000000            3.1221516132
2401.0000000000            3.1214494705
2402.0000000000            3.1207470894
2403.0000000000            3.1200442314
2404.0000000000            3.1193411350
2405.0000000000            3.1186373234
2406.0000000000            3.1179335117
2407.0000000000            3.1172287464
2408.0000000000            3.1165239811
2409.0000000000            3.1158189774
2410.0000000000            3.1151132584
2411.0000000000            3.1144068241
2412.0000000000            3.1137006283
2413.0000000000            3.1129937172
2414.0000000000            3.1122863293
2415.0000000000            3.1115789413
2416.0000000000            3.1108708382
2417.0000000000            3.1101622581
2418.0000000000            3.1094534397
2419.0000000000            3.1087441444
2420.0000000000            3.1080346107
2421.0000000000            3.1073246002
2422.0000000000            3.1066138744
2423.0000000000            3.1059031487
2424.0000000000            3.1051917076
2425.0000000000            3.1044800282
2426.0000000000            3.1037678719
2427.0000000000            3.1030554771
2428.0000000000            3.1023426056
2429.0000000000            3.1016294956
2430.0000000000            3.1009159088
2431.0000000000            3.1002016068
2432.0000000000            3.0994873047
2433.0000000000            3.0987725258
2434.0000000000            3.0980570316
2435.0000000000            3.0973412991
2436.0000000000            3.0966253281
2437.0000000000            3.0959088802
2438.0000000000            3.0951921940
2439.0000000000            3.0944750309
2440.0000000000            3.0937571526
2441.0000000000            3.0930392742
2442.0000000000            3.0923206806
2443.0000000000            3.0916018486
2444.0000000000            3.0908825397
2445.0000000000            3.0901629925
2446.0000000000            3.0894429684
2447.0000000000            3.0887224674
2448.0000000000            3.0880019665
2449.0000000000            3.0872807503
2450.0000000000            3.0865590572
2451.0000000000            3.0858371258
2452.0000000000            3.0851147175
2453.0000000000            3.0843923092
2454.0000000000            3.0836689472
2455.0000000000            3.0829453468
2456.0000000000            3.0822215080
2457.0000000000            3.0814971924
2458.0000000000            3.0807726383
2459.0000000000            3.0800476074
2460.0000000000            3.0793220997
2461.0000000000            3.0785961151
2462.0000000000            3.0778698921
2463.0000000000            3.0771431923
2464.0000000000            3.0764164925
2465.0000000000            3.0756888390
2466.0000000000            3.0749609470
2467.0000000000            3.0742328167
2468.0000000000            3.0735042095
2469.0000000000            3.0727751255
2470.0000000000            3.0720458031
2471.0000000000            3.0713162422
2472.0000000000            3.0705862045
2473.0000000000            3.0698554516
2474.0000000000            3.0691246986
2475.0000000000            3.0683932304
2476.0000000000            3.0676617622
2477.0000000000            3.0669295788
2478.0000000000            3.0661973953
2479.0000000000            3.0654644966
2480.0000000000            3.0647313595
2481.0000000000            3.0639977455
2482.0000000000            3.0632636547
2483.0000000000            3.0625293255
2484.0000000000            3.0617947578
2485.0000000000            3.0610597134
2486.0000000000            3.0603237152
2487.0000000000            3.0595879555
2488.0000000000            3.0588519573
2489.0000000000            3.0581150055
2490.0000000000            3.0573782921
2491.0000000000            3.0566406250
2492.0000000000            3.0559031963
2493.0000000000            3.0551648140
2494.0000000000            3.0544261932
2495.0000000000            3.0536875725
2496.0000000000            3.0529482365
2497.0000000000            3.0522086620
2498.0000000000            3.0514686108
2499.0000000000            3.0507280827
2500.0000000000            3.0499873161
2501.0000000000            3.0492460728
2502.0000000000            3.0485045910
2503.0000000000            3.0477628708
2504.0000000000            3.0470201969
2505.0000000000            3.0462777615
2506.0000000000            3.0455348492
2507.0000000000            3.0447909832
2508.0000000000            3.0440473557
2509.0000000000            3.0433030128
2510.0000000000            3.0425586700
2511.0000000000            3.0418136120
2512.0000000000            3.0410685539
2513.0000000000            3.0403227806
2514.0000000000            3.0395770073
2515.0000000000            3.0388305187
2516.0000000000            3.0380835533
2517.0000000000            3.0373363495
2518.0000000000            3.0365886688
2519.0000000000            3.0358412266
2520.0000000000            3.0350928307
2521.0000000000            3.0343441963
2522.0000000000            3.0335950851
2523.0000000000            3.0328457355
2524.0000000000            3.0320961475
2525.0000000000            3.0313458443
2526.0000000000            3.0305955410
2527.0000000000            3.0298447609
2528.0000000000            3.0290935040
2529.0000000000            3.0283415318
2530.0000000000            3.0275897980
2531.0000000000            3.0268373489
2532.0000000000            3.0260848999
2533.0000000000            3.0253319740
2534.0000000000            3.0245780945
2535.0000000000            3.0238244534
2536.0000000000            3.0230705738
2537.0000000000            3.0223157406
2538.0000000000            3.0215609074
2539.0000000000            3.0208058357
2540.0000000000            3.0200500488
2541.0000000000            3.0192942619
2542.0000000000            3.0185379982
2543.0000000000            3.0177810192
2544.0000000000            3.0170242786
2545.0000000000            3.0162665844
2546.0000000000            3.0155088902
2547.0000000000            3.0147504807
2548.0000000000            3.0139923096
2549.0000000000            3.0132334232
2550.0000000000            3.0124740601
2551.0000000000            3.0117146969
2552.0000000000            3.0109546185
2553.0000000000            3.0101945400
2554.0000000000            3.0094335079
2555.0000000000            3.0086727142
2556.0000000000            3.0079112053
2557.0000000000            3.0071496964
2558.0000000000            3.0063872337
2559.0000000000            3.0056247711
2560.0000000000            3.0048620701
2561.0000000000            3.0040988922
2562.0000000000            3.0033352375
2563.0000000000            3.0025715828
2564.0000000000            3.0018074512
2565.0000000000            3.0010426044
2566.0000000000            3.0002777576
2567.0000000000            2.9995124340
2568.0000000000            2.9987466335
2569.0000000000            2.9979805946
2570.0000000000            2.9972143173
2571.0000000000            2.9964478016
2572.0000000000            2.9956805706
2573.0000000000            2.9949131012
2574.0000000000            2.9941451550
2575.0000000000            2.9933772087
2576.0000000000            2.9926087856
2577.0000000000            2.9918396473
2578.0000000000            2.9910707474
2579.0000000000            2.9903011322
2580.0000000000            2.9895312786
2581.0000000000            2.9887609482
2582.0000000000            2.9879903793
2583.0000000000            2.9872195721
2584.0000000000            2.9864480495
2585.0000000000            2.9856765270
2586.0000000000            2.9849045277
2587.0000000000            2.9841320515
2588.0000000000            2.9833595753
2589.0000000000            2.9825863838
2590.0000000000            2.9818129539
2591.0000000000            2.9810392857
2592.0000000000            2.9802651405
2593.0000000000            2.9794909954
2594.0000000000            2.9787161350
2595.0000000000            2.9779407978
2596.0000000000            2.9771654606
2597.0000000000            2.9763898849
2598.0000000000            2.9756135941
2599.0000000000            2.9748370647
2600.0000000000            2.9740602970
2601.0000000000            2.9732830524
2602.0000000000            2.9725055695
2603.0000000000            2.9717278481
2604.0000000000            2.9709494114
2605.0000000000            2.9701709747
2606.0000000000            2.9693920612
2607.0000000000            2.9686129093
2608.0000000000            2.9678332806
2609.0000000000            2.9670534134
2610.0000000000            2.9662730694
2611.0000000000            2.9654924870
2612.0000000000            2.9647116661
2613.0000000000            2.9639303684
2614.0000000000            2.9631488323
2615.0000000000            2.9623668194
2616.0000000000            2.9615845680
2617.0000000000            2.9608018398
2618.0000000000            2.9600188732
2619.0000000000            2.9592356682
2620.0000000000            2.9584519863
2621.0000000000            2.9576680660
2622.0000000000            2.9568839073
2623.0000000000            2.9560990334
2624.0000000000            2.9553141594
2625.0000000000            2.9545288086
2626.0000000000            2.9537432194
2627.0000000000            2.9529571533
2628.0000000000            2.9521708488
2629.0000000000            2.9513843060
2630.0000000000            2.9505972862
2631.0000000000            2.9498100281
2632.0000000000            2.9490222931
2633.0000000000            2.9482343197
2634.0000000000            2.9474461079
2635.0000000000            2.9466574192
2636.0000000000            2.9458684921
2637.0000000000            2.9450790882
2638.0000000000            2.9442894459
2639.0000000000            2.9434995651
2640.0000000000            2.9427092075
2641.0000000000            2.9419186115
2642.0000000000            2.9411275387
2643.0000000000            2.9403364658
2644.0000000000            2.9395449162
2645.0000000000            2.9387528896
2646.0000000000            2.9379606247
2647.0000000000            2.9371681213
2648.0000000000            2.9363751411
2649.0000000000            2.9355816841
2650.0000000000            2.9347882271
2651.0000000000            2.9339942932
2652.0000000000            2.9332001209
2653.0000000000            2.9324057102
2654.0000000000            2.9316108227
2655.0000000000            2.9308156967
2656.0000000000            2.9300200939
2657.0000000000            2.9292242527
2658.0000000000            2.9284281731
2659.0000000000            2.9276316166
2660.0000000000            2.9268348217
2661.0000000000            2.9260375500
2662.0000000000            2.9252402782
2663.0000000000            2.9244425297
2664.0000000000            2.9236443043
2665.0000000000            2.9228460789
2666.0000000000            2.9220471382
2667.0000000000            2.9212481976
2668.0000000000            2.9204487801
2669.0000000000            2.9196493626
2670.0000000000            2.9188492298
2671.0000000000            2.9180488586
2672.0000000000            2.9172482491
2673.0000000000            2.9164474010
2674.0000000000            2.9156458378
2675.0000000000            2.9148445129
2676.0000000000            2.9140424728
2677.0000000000            2.9132401943
2678.0000000000            2.9124379158
2679.0000000000            2.9116349220
2680.0000000000            2.9108316898
2681.0000000000            2.9100282192
2682.0000000000            2.9092245102
2683.0000000000            2.9084203243
2684.0000000000            2.9076159000
2685.0000000000            2.9068112373
2686.0000000000            2.9060063362
2687.0000000000            2.9052007198
2688.0000000000            2.9043951035
2689.0000000000            2.9035892487
2690.0000000000            2.9027829170
2691.0000000000            2.9019763470
2692.0000000000            2.9011693001
2693.0000000000            2.9003620148
2694.0000000000            2.8995547295
2695.0000000000            2.8987469673
2696.0000000000            2.8979387283
2697.0000000000            2.8971302509
2698.0000000000            2.8963215351
2699.0000000000            2.8955123425
2700.0000000000            2.8947029114
2701.0000000000            2.8938932419
2702.0000000000            2.8930833340
2703.0000000000            2.8922729492
2704.0000000000            2.8914623260
2705.0000000000            2.8906514645
2706.0000000000            2.8898403645
2707.0000000000            2.8890287876
2708.0000000000            2.8882169724
2709.0000000000            2.8874046803
2710.0000000000            2.8865923882
2711.0000000000            2.8857796192
2712.0000000000            2.8849666119
2713.0000000000            2.8841533661
2714.0000000000            2.8833396435
2715.0000000000            2.8825256824
2716.0000000000            2.8817114830
2717.0000000000            2.8808968067
2718.0000000000            2.8800818920
2719.0000000000            2.8792669773
2720.0000000000            2.8784515858
2721.0000000000            2.8776357174
2722.0000000000            2.8768196106
2723.0000000000            2.8760035038
2724.0000000000            2.8751866817
2725.0000000000            2.8743696213
2726.0000000000            2.8735525608
2727.0000000000            2.8727350235
2728.0000000000            2.8719170094
2729.0000000000            2.8710989952
2730.0000000000            2.8702807426
2731.0000000000            2.8694620132
2732.0000000000            2.8686428070
2733.0000000000            2.8678236008
2734.0000000000            2.8670039177
2735.0000000000            2.8661842346
2736.0000000000            2.8653640747
2737.0000000000            2.8645434380
2738.0000000000            2.8637225628
2739.0000000000            2.8629016876
2740.0000000000            2.8620803356
2741.0000000000            2.8612585068
2742.0000000000            2.8604366779
2743.0000000000            2.8596143723
2744.0000000000            2.8587920666
2745.0000000000            2.8579690456
2746.0000000000            2.8571460247
2747.0000000000            2.8563227654
2748.0000000000            2.8554990292
2749.0000000000            2.8546750546
2750.0000000000            2.8538508415
2751.0000000000            2.8530263901
2752.0000000000            2.8522014618
2753.0000000000            2.8513762951
2754.0000000000            2.8505508900
2755.0000000000            2.8497252464
2756.0000000000            2.8488993645
2757.0000000000            2.8480730057
2758.0000000000            2.8472464085
2759.0000000000            2.8464195728
2760.0000000000            2.8455924988
2761.0000000000            2.8447651863
2762.0000000000            2.8439373970
2763.0000000000            2.8431096077
2764.0000000000            2.8422813416
2765.0000000000            2.8414528370
2766.0000000000            2.8406240940
2767.0000000000            2.8397948742
2768.0000000000            2.8389656544
2769.0000000000            2.8381359577
2770.0000000000            2.8373060226
2771.0000000000            2.8364758492
2772.0000000000            2.8356454372
2773.0000000000            2.8348145485
2774.0000000000            2.8339834213
2775.0000000000            2.8331522942
2776.0000000000            2.8323206902
2777.0000000000            2.8314888477
2778.0000000000            2.8306567669
2779.0000000000            2.8298242092
2780.0000000000            2.8289916515
2781.0000000000            2.8281586170
2782.0000000000            2.8273253441
2783.0000000000            2.8264915943
2784.0000000000            2.8256578445
2785.0000000000            2.8248238564
2786.0000000000            2.8239896297
2787.0000000000            2.8231549263
2788.0000000000            2.8223199844
2789.0000000000            2.8214848042
2790.0000000000            2.8206493855
2791.0000000000            2.8198137283
2792.0000000000            2.8189778328
2793.0000000000            2.8181414604
2794.0000000000            2.8173050880
2795.0000000000            2.8164682388
2796.0000000000            2.8156311512
2797.0000000000            2.8147938251
2798.0000000000            2.8139562607
2799.0000000000            2.8131184578
2800.0000000000            2.8122804165
2801.0000000000            2.8114418983
2802.0000000000            2.8106031418
2803.0000000000            2.8097641468
2804.0000000000            2.8089251518
2805.0000000000            2.8080856800
2806.0000000000            2.8072459698
2807.0000000000            2.8064057827
2808.0000000000            2.8055655956
2809.0000000000            2.8047249317
2810.0000000000            2.8038842678
2811.0000000000            2.8030431271
2812.0000000000            2.8022017479
2813.0000000000            2.8013603687
2814.0000000000            2.8005185127
2815.0000000000            2.7996761799
2816.0000000000            2.7988340855
2817.0000000000            2.7979912758
2818.0000000000            2.7971484661
2819.0000000000            2.7963054180
2820.0000000000            2.7954618931
2821.0000000000            2.7946181297
2822.0000000000            2.7937743664
2823.0000000000            2.7929301262
2824.0000000000            2.7920856476
2825.0000000000            2.7912409306
2826.0000000000            2.7903959751
2827.0000000000            2.7895507812
2828.0000000000            2.7887053490
2829.0000000000            2.7878596783
2830.0000000000            2.7870135307
2831.0000000000            2.7861673832
2832.0000000000            2.7853209972
2833.0000000000            2.7844743729
2834.0000000000            2.7836272717
2835.0000000000            2.7827799320
2836.0000000000            2.7819323540
2837.0000000000            2.7810847759
2838.0000000000            2.7802367210
2839.0000000000            2.7793884277
2840.0000000000            2.7785398960
2841.0000000000            2.7776911259
2842.0000000000            2.7768421173
2843.0000000000            2.7759928703
2844.0000000000            2.7751433849
2845.0000000000            2.7742936611
2846.0000000000            2.7734436989
2847.0000000000            2.7725932598
2848.0000000000            2.7717428207
2849.0000000000            2.7708921432
2850.0000000000            2.7700409889
2851.0000000000            2.7691898346
2852.0000000000            2.7683384418
2853.0000000000            2.7674868107
2854.0000000000            2.7666347027
2855.0000000000            2.7657823563
2856.0000000000            2.7649300098
2857.0000000000            2.7640771866
2858.0000000000            2.7632243633
2859.0000000000            2.7623710632
2860.0000000000            2.7615175247
2861.0000000000            2.7606639862
2862.0000000000            2.7598099709
2863.0000000000            2.7589559555
2864.0000000000            2.7581012249
2865.0000000000            2.7572467327
2866.0000000000            2.7563917637
2867.0000000000            2.7555367947
2868.0000000000            2.7546813488
2869.0000000000            2.7538256645
2870.0000000000            2.7529697418
2871.0000000000            2.7521138191
2872.0000000000            2.7512574196
2873.0000000000            2.7504007816
2874.0000000000            2.7495439053
2875.0000000000            2.7486870289
2876.0000000000            2.7478296757
2877.0000000000            2.7469720840
2878.0000000000            2.7461144924
2879.0000000000            2.7452564240
2880.0000000000            2.7443981171
2881.0000000000            2.7435395718
2882.0000000000            2.7426810265
2883.0000000000            2.7418220043
2884.0000000000            2.7409627438
2885.0000000000            2.7401034832
2886.0000000000            2.7392437458
2887.0000000000            2.7383840084
2888.0000000000            2.7375240326
2889.0000000000            2.7366635799
2890.0000000000            2.7358031273
2891.0000000000            2.7349424362
2892.0000000000            2.7340812683
2893.0000000000            2.7332201004
2894.0000000000            2.7323584557
2895.0000000000            2.7314970493
2896.0000000000            2.7306351662
2897.0000000000            2.7297728062
2898.0000000000            2.7289104462
2899.0000000000            2.7280478477
2900.0000000000            2.7271850109
2901.0000000000            2.7263219357
2902.0000000000            2.7254588604
2903.0000000000            2.7245953083
2904.0000000000            2.7237315178
2905.0000000000            2.7228677273
2906.0000000000            2.7220034599
2907.0000000000            2.7211389542
2908.0000000000            2.7202744484
2909.0000000000            2.7194097042
2910.0000000000            2.7185444832
2911.0000000000            2.7176790237
2912.0000000000            2.7168135643
2913.0000000000            2.7159478664
2914.0000000000            2.7150819302
2915.0000000000            2.7142159939
2916.0000000000            2.7133495808
2917.0000000000            2.7124826908
2918.0000000000            2.7116160393
2919.0000000000            2.7107489109
2920.0000000000            2.7098817825
2921.0000000000            2.7090141773
2922.0000000000            2.7081465721
2923.0000000000            2.7072787285
2924.0000000000            2.7064104080
2925.0000000000            2.7055420876
2926.0000000000            2.7046735287
2927.0000000000            2.7038047314
2928.0000000000            2.7029356956
2929.0000000000            2.7020666599
2930.0000000000            2.7011971474
2931.0000000000            2.7003276348
2932.0000000000            2.6994578838
2933.0000000000            2.6985876560
2934.0000000000            2.6977174282
2935.0000000000            2.6968469620
2936.0000000000            2.6959762573
2937.0000000000            2.6951053143
2938.0000000000            2.6942343712
2939.0000000000            2.6933629513
2940.0000000000            2.6924915314
2941.0000000000            2.6916196346
2942.0000000000            2.6907477379
2943.0000000000            2.6898756027
2944.0000000000            2.6890032291
2945.0000000000            2.6881306171
2946.0000000000            2.6872580051
2947.0000000000            2.6863849163
2948.0000000000            2.6855118275
2949.0000000000            2.6846385002
2950.0000000000            2.6837649345
2951.0000000000            2.6828911304
2952.0000000000            2.6820170879
2953.0000000000            2.6811428070
2954.0000000000            2.6802685261
2955.0000000000            2.6793937683
2956.0000000000            2.6785190105
2957.0000000000            2.6776440144
2958.0000000000            2.6767687798
2959.0000000000            2.6758935452
2960.0000000000            2.6750178337
2961.0000000000            2.6741421223
2962.0000000000            2.6732659340
2963.0000000000            2.6723899841
2964.0000000000            2.6715135574
2965.0000000000            2.6706368923
2966.0000000000            2.6697599888
2967.0000000000            2.6688828468
2968.0000000000            2.6680057049
2969.0000000000            2.6671285629
2970.0000000000            2.6662507057
2971.0000000000            2.6653730869
2972.0000000000            2.6644949913
2973.0000000000            2.6636168957
2974.0000000000            2.6627385616
2975.0000000000            2.6618599892
2976.0000000000            2.6609811783
2977.0000000000            2.6601023674
2978.0000000000            2.6592230797
2979.0000000000            2.6583437920
2980.0000000000            2.6574642658
2981.0000000000            2.6565845013
2982.0000000000            2.6557047367
2983.0000000000            2.6548244953
2984.0000000000            2.6539442539
2985.0000000000            2.6530637741
2986.0000000000            2.6521832943
2987.0000000000            2.6513023376
2988.0000000000            2.6504213810
2989.0000000000            2.6495401859
2990.0000000000            2.6486587524
2991.0000000000            2.6477770805
2992.0000000000            2.6468954086
2993.0000000000            2.6460132599
2994.0000000000            2.6451311111
2995.0000000000            2.6442487240
2996.0000000000            2.6433663368
2997.0000000000            2.6424834728
2998.0000000000            2.6416006088
2999.0000000000            2.6407177448
3000.0000000000            2.6398344040
3001.0000000000            2.6389510632
3002.0000000000            2.6380674839
3003.0000000000            2.6371836662
3004.0000000000            2.6362993717
3005.0000000000            2.6354153156
3006.0000000000            2.6345310211
3007.0000000000            2.6336464882
3008.0000000000            2.6327619553
3009.0000000000            2.6318769455
3010.0000000000            2.6309916973
3011.0000000000            2.6301066875
3012.0000000000            2.6292212009
3013.0000000000            2.6283357143
3014.0000000000            2.6274499893
3015.0000000000            2.6265640259
3016.0000000000            2.6256778240
3017.0000000000            2.6247916222
3018.0000000000            2.6239051819
3019.0000000000            2.6230185032
3020.0000000000            2.6221315861
3021.0000000000            2.6212446690
3022.0000000000            2.6203575134
3023.0000000000            2.6194701195
3024.0000000000            2.6185827255
3025.0000000000            2.6176950932
3026.0000000000            2.6168072224
3027.0000000000            2.6159191132
3028.0000000000            2.6150310040
3029.0000000000            2.6141424179
3030.0000000000            2.6132540703
3031.0000000000            2.6123652458
3032.0000000000            2.6114764214
3033.0000000000            2.6105875969
3034.0000000000            2.6096982956
3035.0000000000            2.6088089943
3036.0000000000            2.6079194546
3037.0000000000            2.6070296764
3038.0000000000            2.6061398983
3039.0000000000            2.6052496433
3040.0000000000            2.6043596268
3041.0000000000            2.6034693718
3042.0000000000            2.6025786400
3043.0000000000            2.6016879082
3044.0000000000            2.6007971764
3045.0000000000            2.5999062061
3046.0000000000            2.5990149975
3047.0000000000            2.5981235504
3048.0000000000            2.5972321033
3049.0000000000            2.5963404179
3050.0000000000            2.5954487324
3051.0000000000            2.5945565701
3052.0000000000            2.5936646461
3053.0000000000            2.5927722454
3054.0000000000            2.5918798447
3055.0000000000            2.5909872055
3056.0000000000            2.5900943279
3057.0000000000            2.5892014503
3058.0000000000            2.5883083344
3059.0000000000            2.5874152184
3060.0000000000            2.5865218639
3061.0000000000            2.5856282711
3062.0000000000            2.5847346783
3063.0000000000            2.5838406086
3064.0000000000            2.5829465389
3065.0000000000            2.5820524693
3066.0000000000            2.5811581612
3067.0000000000            2.5802636147
3068.0000000000            2.5793690681
3069.0000000000            2.5784742832
3070.0000000000            2.5775794983
3071.0000000000            2.5766844749
3072.0000000000            2.5757892132
3073.0000000000            2.5748937130
3074.0000000000            2.5739979744
3075.0000000000            2.5731024742
3076.0000000000            2.5722067356
3077.0000000000            2.5713107586
3078.0000000000            2.5704145432
3079.0000000000            2.5695183277
3080.0000000000            2.5686218739
3081.0000000000            2.5677251816
3082.0000000000            2.5668284893
3083.0000000000            2.5659317970
3084.0000000000            2.5650346279
3085.0000000000            2.5641376972
3086.0000000000            2.5632402897
3087.0000000000            2.5623428822
3088.0000000000            2.5614452362
3089.0000000000            2.5605475903
3090.0000000000            2.5596497059
3091.0000000000            2.5587515831
3092.0000000000            2.5578534603
3093.0000000000            2.5569553375
3094.0000000000            2.5560567379
3095.0000000000            2.5551583767
3096.0000000000            2.5542597771
3097.0000000000            2.5533609390
3098.0000000000            2.5524618626
3099.0000000000            2.5515627861
3100.0000000000            2.5506634712
3101.0000000000            2.5497641563
3102.0000000000            2.5488646030
3103.0000000000            2.5479648113
3104.0000000000            2.5470650196
3105.0000000000            2.5461649895
3106.0000000000            2.5452649593
3107.0000000000            2.5443649292
3108.0000000000            2.5434644222
3109.0000000000            2.5425639153
3110.0000000000            2.5416634083
3111.0000000000            2.5407626629
3112.0000000000            2.5398616791
3113.0000000000            2.5389606953
3114.0000000000            2.5380597115
3115.0000000000            2.5371582508
3116.0000000000            2.5362570286
3117.0000000000            2.5353553295
3118.0000000000            2.5344538689
3119.0000000000            2.5335519314
3120.0000000000            2.5326499939
3121.0000000000            2.5317480564
3122.0000000000            2.5308456421
3123.0000000000            2.5299434662
3124.0000000000            2.5290410519
3125.0000000000            2.5281383991
3126.0000000000            2.5272359848
3127.0000000000            2.5263328552
3128.0000000000            2.5254302025
3129.0000000000            2.5245270729
3130.0000000000            2.5236239433
3131.0000000000            2.5227205753
3132.0000000000            2.5218172073
3133.0000000000            2.5209136009
3134.0000000000            2.5200099945
3135.0000000000            2.5191061497
3136.0000000000            2.5182023048
3137.0000000000            2.5172979832
3138.0000000000            2.5163941383
3139.0000000000            2.5154895782
3140.0000000000            2.5145852566
3141.0000000000            2.5136806965
3142.0000000000            2.5127761364
3143.0000000000            2.5118713379
3144.0000000000            2.5109665394
3145.0000000000            2.5100615025
3146.0000000000            2.5091564655
3147.0000000000            2.5082511902
3148.0000000000            2.5073459148
3149.0000000000            2.5064404011
3150.0000000000            2.5055348873
3151.0000000000            2.5046291351
3152.0000000000            2.5037233829
3153.0000000000            2.5028176308
3154.0000000000            2.5019116402
3155.0000000000            2.5010054111
3156.0000000000            2.5000989437
3157.0000000000            2.4991927147
3158.0000000000            2.4982862473
3159.0000000000            2.4973795414
3160.0000000000            2.4964728355
3161.0000000000            2.4955661297
3162.0000000000            2.4946591854
3163.0000000000            2.4937522411
3164.0000000000            2.4928450584
3165.0000000000            2.4919378757
3166.0000000000            2.4910304546
3167.0000000000            2.4901230335
3168.0000000000            2.4892153740
3169.0000000000            2.4883077145
3170.0000000000            2.4874000549
3171.0000000000            2.4864921570
3172.0000000000            2.4855842590
3173.0000000000            2.4846761227
3174.0000000000            2.4837679863
3175.0000000000            2.4828596115
3176.0000000000            2.4819512367
3177.0000000000            2.4810426235
3178.0000000000            2.4801340103
3179.0000000000            2.4792253971
3180.0000000000            2.4783165455
3181.0000000000            2.4774076939
3182.0000000000            2.4764986038
3183.0000000000            2.4755895138
3184.0000000000            2.4746804237
3185.0000000000            2.4737710953
3186.0000000000            2.4728615284
3187.0000000000            2.4719521999
3188.0000000000            2.4710426331
3189.0000000000            2.4701328278
3190.0000000000            2.4692230225
3191.0000000000            2.4683132172
3192.0000000000            2.4674031734
3193.0000000000            2.4664931297
3194.0000000000            2.4655828476
3195.0000000000            2.4646728039
3196.0000000000            2.4637622833
3197.0000000000            2.4628517628
3198.0000000000            2.4619412422
3199.0000000000            2.4610307217
3200.0000000000            2.4601197243
3201.0000000000            2.4592089653
3202.0000000000            2.4582982063
3203.0000000000            2.4573869705
3204.0000000000            2.4564759731
3205.0000000000            2.4555647373
3206.0000000000            2.4546535015
3207.0000000000            2.4537420273
3208.0000000000            2.4528305531
3209.0000000000            2.4519190788
3210.0000000000            2.4510073662
3211.0000000000            2.4500956535
3212.0000000000            2.4491839409
3213.0000000000            2.4482719898
3214.0000000000            2.4473600388
3215.0000000000            2.4464478493
3216.0000000000            2.4455358982
3217.0000000000            2.4446234703
3218.0000000000            2.4437110424
3219.0000000000            2.4427988529
3220.0000000000            2.4418861866
3221.0000000000            2.4409737587
3222.0000000000            2.4400610924
3223.0000000000            2.4391484261
3224.0000000000            2.4382355213
3225.0000000000            2.4373226166
3226.0000000000            2.4364094734
3227.0000000000            2.4354965687
3228.0000000000            2.4345834255
3229.0000000000            2.4336702824
3230.0000000000            2.4327569008
3231.0000000000            2.4318435192
3232.0000000000            2.4309301376
3233.0000000000            2.4300165176
3234.0000000000            2.4291028976
3235.0000000000            2.4281892776
3236.0000000000            2.4272754192
3237.0000000000            2.4263617992
3238.0000000000            2.4254477024
3239.0000000000            2.4245338440
3240.0000000000            2.4236197472
3241.0000000000            2.4227054119
3242.0000000000            2.4217913151
3243.0000000000            2.4208769798
3244.0000000000            2.4199628830
3245.0000000000            2.4190483093
3246.0000000000            2.4181337357
3247.0000000000            2.4172194004
3248.0000000000            2.4163045883
3249.0000000000            2.4153900146
3250.0000000000            2.4144752026
3251.0000000000            2.4135601521
3252.0000000000            2.4126453400
3253.0000000000            2.4117302895
3254.0000000000            2.4108154774
3255.0000000000            2.4099001884
3256.0000000000            2.4089851379
3257.0000000000            2.4080698490
3258.0000000000            2.4071545601
3259.0000000000            2.4062392712
3260.0000000000            2.4053237438
3261.0000000000            2.4044082165
3262.0000000000            2.4034924507
3263.0000000000            2.4025769234
3264.0000000000            2.4016611576
3265.0000000000            2.4007453918
3266.0000000000            2.3998296261
3267.0000000000            2.3989138603
3268.0000000000            2.3979978561
3269.0000000000            2.3970816135
3270.0000000000            2.3961656094
3271.0000000000            2.3952496052
3272.0000000000            2.3943333626
3273.0000000000            2.3934171200
3274.0000000000            2.3925008774
3275.0000000000            2.3915843964
3276.0000000000            2.3906681538
3277.0000000000            2.3897516727
3278.0000000000            2.3888351917
3279.0000000000            2.3879184723
3280.0000000000            2.3870017529
3281.0000000000            2.3860850334
3282.0000000000            2.3851683140
3283.0000000000            2.3842515945
3284.0000000000            2.3833346367
3285.0000000000            2.3824176788
3286.0000000000            2.3815007210
3287.0000000000            2.3805837631
3288.0000000000            2.3796668053
3289.0000000000            2.3787493706
3290.0000000000            2.3778324127
3291.0000000000            2.3769149780
3292.0000000000            2.3759977818
3293.0000000000            2.3750805855
3294.0000000000            2.3741629124
3295.0000000000            2.3732457161
3296.0000000000            2.3723282814
3297.0000000000            2.3714106083
3298.0000000000            2.3704929352
3299.0000000000            2.3695755005
3300.0000000000            2.3686575890
3301.0000000000            2.3677401543
3302.0000000000            2.3668222427
3303.0000000000            2.3659043312
3304.0000000000            2.3649866581
3305.0000000000            2.3640687466
3306.0000000000            2.3631508350
3307.0000000000            2.3622326851
3308.0000000000            2.3613147736
3309.0000000000            2.3603968620
3310.0000000000            2.3594784737
3311.0000000000            2.3585603237
3312.0000000000            2.3576421738
3313.0000000000            2.3567240238
3314.0000000000            2.3558056355
3315.0000000000            2.3548872471
3316.0000000000            2.3539688587
3317.0000000000            2.3530504704
3318.0000000000            2.3521320820
3319.0000000000            2.3512136936
3320.0000000000            2.3502950668
3321.0000000000            2.3493766785
3322.0000000000            2.3484580517
3323.0000000000            2.3475394249
3324.0000000000            2.3466205597
3325.0000000000            2.3457021713
3326.0000000000            2.3447833061
3327.0000000000            2.3438644409
3328.0000000000            2.3429458141
3329.0000000000            2.3420269489
3330.0000000000            2.3411078453
3331.0000000000            2.3401889801
3332.0000000000            2.3392701149
3333.0000000000            2.3383512497
3334.0000000000            2.3374321461
3335.0000000000            2.3365132809
3336.0000000000            2.3355941772
3337.0000000000            2.3346750736
3338.0000000000            2.3337559700
3339.0000000000            2.3328368664
3340.0000000000            2.3319175243
3341.0000000000            2.3309984207
3342.0000000000            2.3300793171
3343.0000000000            2.3291599751
3344.0000000000            2.3282406330
3345.0000000000            2.3273212910
3346.0000000000            2.3264019489
3347.0000000000            2.3254826069
3348.0000000000            2.3245632648
3349.0000000000            2.3236439228
3350.0000000000            2.3227243423
3351.0000000000            2.3218047619
3352.0000000000            2.3208854198
3353.0000000000            2.3199658394
3354.0000000000            2.3190462589
3355.0000000000            2.3181269169
3356.0000000000            2.3172073364
3357.0000000000            2.3162877560
3358.0000000000            2.3153679371
3359.0000000000            2.3144483566
3360.0000000000            2.3135287762
3361.0000000000            2.3126089573
3362.0000000000            2.3116893768
3363.0000000000            2.3107695580
3364.0000000000            2.3098499775
3365.0000000000            2.3089301586
3366.0000000000            2.3080103397
3367.0000000000            2.3070905209
3368.0000000000            2.3061709404
3369.0000000000            2.3052511215
3370.0000000000            2.3043313026
3371.0000000000            2.3034112453
3372.0000000000            2.3024914265
3373.0000000000            2.3015716076
3374.0000000000            2.3006517887
3375.0000000000            2.2997317314
3376.0000000000            2.2988119125
3377.0000000000            2.2978918552
3378.0000000000            2.2969720364
3379.0000000000            2.2960519791
3380.0000000000            2.2951321602
3381.0000000000            2.2942121029
3382.0000000000            2.2932920456
3383.0000000000            2.2923722267
3384.0000000000            2.2914521694
3385.0000000000            2.2905321121
3386.0000000000            2.2896122932
3387.0000000000            2.2886919975
3388.0000000000            2.2877721786
3389.0000000000            2.2868521214
3390.0000000000            2.2859320641
3391.0000000000            2.2850120068
3392.0000000000            2.2840917110
3393.0000000000            2.2831718922
3394.0000000000            2.2822515965
3395.0000000000            2.2813317776
3396.0000000000            2.2804114819
3397.0000000000            2.2794916630
3398.0000000000            2.2785713673
3399.0000000000            2.2776513100
3400.0000000000            2.2767312527
3401.0000000000            2.2758111954
3402.0000000000            2.2748911381
3403.0000000000            2.2739710808
3404.0000000000            2.2730507851
3405.0000000000            2.2721309662
3406.0000000000            2.2712106705
3407.0000000000            2.2702906132
3408.0000000000            2.2693705559
3409.0000000000            2.2684504986
3410.0000000000            2.2675304413
3411.0000000000            2.2666103840
3412.0000000000            2.2656903267
3413.0000000000            2.2647702694
3414.0000000000            2.2638499737
3415.0000000000            2.2629301548
3416.0000000000            2.2620098591
3417.0000000000            2.2610900402
3418.0000000000            2.2601697445
3419.0000000000            2.2592499256
3420.0000000000            2.2583298683
3421.0000000000            2.2574098110
3422.0000000000            2.2564897537
3423.0000000000            2.2555696964
3424.0000000000            2.2546498775
3425.0000000000            2.2537298203
3426.0000000000            2.2528097630
3427.0000000000            2.2518899441
3428.0000000000            2.2509698868
3429.0000000000            2.2500500679
3430.0000000000            2.2491300106
3431.0000000000            2.2482099533
3432.0000000000            2.2472901344
3433.0000000000            2.2463703156
3434.0000000000            2.2454502583
3435.0000000000            2.2445304394
3436.0000000000            2.2436103821
3437.0000000000            2.2426908016
3438.0000000000            2.2417709827
3439.0000000000            2.2408511639
3440.0000000000            2.2399313450
3441.0000000000            2.2390115261
3442.0000000000            2.2380917072
3443.0000000000            2.2371718884
3444.0000000000            2.2362520695
3445.0000000000            2.2353324890
3446.0000000000            2.2344126701
3447.0000000000            2.2334930897
3448.0000000000            2.2325735092
3449.0000000000            2.2316536903
3450.0000000000            2.2307341099
3451.0000000000            2.2298145294
3452.0000000000            2.2288949490
3453.0000000000            2.2279753685
3454.0000000000            2.2270557880
3455.0000000000            2.2261364460
3456.0000000000            2.2252168655
3457.0000000000            2.2242972851
3458.0000000000            2.2233779430
3459.0000000000            2.2224583626
3460.0000000000            2.2215392590
3461.0000000000            2.2206196785
3462.0000000000            2.2197003365
3463.0000000000            2.2187809944
3464.0000000000            2.2178618908
3465.0000000000            2.2169425488
3466.0000000000            2.2160232067
3467.0000000000            2.2151041031
3468.0000000000            2.2141847610
3469.0000000000            2.2132656574
3470.0000000000            2.2123465538
3471.0000000000            2.2114274502
3472.0000000000            2.2105083466
3473.0000000000            2.2095894814
3474.0000000000            2.2086703777
3475.0000000000            2.2077512741
3476.0000000000            2.2068324089
3477.0000000000            2.2059135437
3478.0000000000            2.2049944401
3479.0000000000            2.2040755749
3480.0000000000            2.2031569481
3481.0000000000            2.2022380829
3482.0000000000            2.2013192177
3483.0000000000            2.2004005909
3484.0000000000            2.1994819641
3485.0000000000            2.1985633373
3486.0000000000            2.1976447105
3487.0000000000            2.1967260838
3488.0000000000            2.1958074570
3489.0000000000            2.1948890686
3490.0000000000            2.1939704418
3491.0000000000            2.1930520535
3492.0000000000            2.1921336651
3493.0000000000            2.1912152767
3494.0000000000            2.1902971268
3495.0000000000            2.1893787384
3496.0000000000            2.1884605885
3497.0000000000            2.1875422001
3498.0000000000            2.1866240501
3499.0000000000            2.1857061386
3500.0000000000            2.1847879887
3501.0000000000            2.1838698387
3502.0000000000            2.1829519272
3503.0000000000            2.1820340157
3504.0000000000            2.1811161041
3505.0000000000            2.1801981926
3506.0000000000            2.1792805195
3507.0000000000            2.1783626080
3508.0000000000            2.1774449348
3509.0000000000            2.1765272617
3510.0000000000            2.1756095886
3511.0000000000            2.1746921539
3512.0000000000            2.1737744808
3513.0000000000            2.1728570461
3514.0000000000            2.1719393730
3515.0000000000            2.1710221767
3516.0000000000            2.1701047421
3517.0000000000            2.1691875458
3518.0000000000            2.1682701111
3519.0000000000            2.1673531532
3520.0000000000            2.1664359570
3521.0000000000            2.1655187607
3522.0000000000            2.1646018028
3523.0000000000            2.1636846066
3524.0000000000            2.1627676487
3525.0000000000            2.1618506908
3526.0000000000            2.1609339714
3527.0000000000            2.1600172520
3528.0000000000            2.1591005325
3529.0000000000            2.1581838131
3530.0000000000            2.1572673321
3531.0000000000            2.1563506126
3532.0000000000            2.1554341316
3533.0000000000            2.1545176506
3534.0000000000            2.1536011696
3535.0000000000            2.1526849270
3536.0000000000            2.1517684460
3537.0000000000            2.1508522034
3538.0000000000            2.1499361992
3539.0000000000            2.1490201950
3540.0000000000            2.1481039524
3541.0000000000            2.1471879482
3542.0000000000            2.1462719440
3543.0000000000            2.1453561783
3544.0000000000            2.1444401741
3545.0000000000            2.1435246468
3546.0000000000            2.1426086426
3547.0000000000            2.1416931152
3548.0000000000            2.1407775879
3549.0000000000            2.1398620605
3550.0000000000            2.1389465332
3551.0000000000            2.1380312443
3552.0000000000            2.1371157169
3553.0000000000            2.1362006664
3554.0000000000            2.1352853775
3555.0000000000            2.1343703270
3556.0000000000            2.1334552765
3557.0000000000            2.1325402260
3558.0000000000            2.1316251755
3559.0000000000            2.1307103634
3560.0000000000            2.1297955513
3561.0000000000            2.1288807392
3562.0000000000            2.1279661655
3563.0000000000            2.1270513535
3564.0000000000            2.1261370182
3565.0000000000            2.1252226830
3566.0000000000            2.1243081093
3567.0000000000            2.1233937740
3568.0000000000            2.1224794388
3569.0000000000            2.1215653419
3570.0000000000            2.1206512451
3571.0000000000            2.1197371483
3572.0000000000            2.1188232899
3573.0000000000            2.1179091930
3574.0000000000            2.1169955730
3575.0000000000            2.1160817146
3576.0000000000            2.1151680946
3577.0000000000            2.1142544746
3578.0000000000            2.1133408546
3579.0000000000            2.1124274731
3580.0000000000            2.1115140915
3581.0000000000            2.1106007099
3582.0000000000            2.1096873283
3583.0000000000            2.1087739468
3584.0000000000            2.1078608036
3585.0000000000            2.1069474220
3586.0000000000            2.1060342789
3587.0000000000            2.1051208973
3588.0000000000            2.1042072773
3589.0000000000            2.1032931805
3590.0000000000            2.1023788452
3591.0000000000            2.1014637947
3592.0000000000            2.1005473137
3593.0000000000            2.0996294022
3594.0000000000            2.0987093449
3595.0000000000            2.0977857113
3596.0000000000            2.0968580246
3597.0000000000            2.0959239006
3598.0000000000            2.0949811935
3599.0000000000            2.0940272808
3600.0000000000            2.0930576324
3601.0000000000            2.0920674801
3602.0000000000            2.0910496712
3603.0000000000            2.0899963379
3604.0000000000            2.0888957977
3605.0000000000            2.0877349377
3606.0000000000            2.0864958763
3607.0000000000            2.0851576328
3608.0000000000            2.0836939812
3609.0000000000            2.0820724964
3610.0000000000            2.0802545547
3611.0000000000            2.0781939030
3612.0000000000            2.0758357048
3613.0000000000            2.0731148720
3614.0000000000            2.0699565411
3615.0000000000            2.0662734509
3616.0000000000            2.0619666576
3617.0000000000            2.0569241047
3618.0000000000            2.0510206223
3619.0000000000            2.0441179276
3620.0000000000            2.0360639095
3621.0000000000            2.0266959667
3622.0000000000            2.0158390999
3623.0000000000            2.0033109188
3624.0000000000            1.9889212847
3625.0000000000            1.9724771976
3626.0000000000            1.9537855387
3627.0000000000            1.9326579571
3628.0000000000            1.9089138508
3629.0000000000            1.8823869228
3630.0000000000            1.8529300690
3631.0000000000            1.8204194307
3632.0000000000            1.7847611904
3633.0000000000            1.7458952665
3634.0000000000            1.7038005590
3635.0000000000            1.6584980488
3636.0000000000            1.6100537777
3637.0000000000            1.5585814714
3638.0000000000            1.5042427778
3639.0000000000            1.4472465515
3640.0000000000            1.3878476620
3641.0000000000            1.3263434172
3642.0000000000            1.2630693913
3643.0000000000            1.1983944178
3644.0000000000            1.1327134371
3645.0000000000            1.0664402246
3646.0000000000            1.0000000000
3647.0000000000            0.9338209629
3648.0000000000            0.8683257103
3649.0000000000            0.8039235473
3650.0000000000            0.7410023808
3651.0000000000            0.6799221635
3652.0000000000            0.6210083961
3653.0000000000            0.5645475984
3654.0000000000            0.5107831359
3655.0000000000            0.4599125385
3656.0000000000            0.4120865464
3657.0000000000            0.3674088717
3658.0000000000            0.3259372115
3659.0000000000            0.2876855433
3660.0000000000            0.2526272535
3661.0000000000            0.2206988186
3662.0000000000            0.1918043196
3663.0000000000            0.1658203006
3664.0000000000            0.1426005810
3665.0000000000            0.1219814643
3666.0000000000            0.1037865132
3667.0000000000            0.0878312811
3668.0000000000            0.0739275664
3669.0000000000            0.0618872233
3670.0000000000            0.0515255146
3671.0000000000            0.0426638983
3672.0000000000            0.0351323001
3673.0000000000            0.0287708100
3674.0000000000            0.0234309155
3675.0000000000            0.0189762767
3676.0000000000            0.0152830789
3677.0000000000            0.0122400383
3678.0000000000            0.0097481310
3679.0000000000            0.0077200774
3680.0000000000            0.0060796575
3681.0000000000            0.0047609066
3682.0000000000            0.0037072315
3683.0000000000            0.0028704887
3684.0000000000            0.0022100662
3685.0000000000            0.0016919804
3686.0000000000            0.0012880234
3687.0000000000            0.0009749641
3688.0000000000            0.0007338178
3689.0000000000            0.0005491882
3690.0000000000            0.0004086827
3691.0000000000            0.0003024006
3692.0000000000            0.0002224896
3693.0000000000            0.0001627671
3694.0000000000            0.0001184005
3695.0000000000            0.0000856387
3696.0000000000            0.0000615909
3697.0000000000            0.0000440447
